180 211 61
180 187 68
180 85 55
180 130 11
180 79 91
180 36 96
180 202 54
180 92 34
180 170 4
180 214 31
180 166 16
180 233 38
180 27 12
180 135 48
180 241 78
180 188 99
180 251 68
180 77 1
180 31 68
180 68 99
180 213 23
180 177 84
180 37 82
180 163 41
180 198 19
180 122 38
180 175 38
180 112 82
180 156 28
180 97 18
180 150 24
180 98 81
180 255 24
180 35 6
180 52 65
180 240 77
180 263 35
180 183 49
180 225 44
180 115 18
180 72 41
180 201 18
180 91 7
180 219 41
180 82 27
180 228 90
180 138 64
180 189 69
180 60 48
211 205 12
211 149 83
211 94 75
211 74 25
211 142 70
211 230 86
211 173 16
211 188 87
211 204 14
211 70 77
211 93 75
211 163 10
211 44 77
211 194 55
211 244 66
211 30 56
211 245 48
211 264 18
211 41 57
211 121 74
211 218 59
211 215 8
211 222 49
211 3 49
211 242 51
211 247 4
211 161 95
211 166 57
211 68 43
211 258 99
211 130 35
211 139 45
211 259 69
211 69 96
211 120 94
211 20 75
211 118 48
211 181 38
211 72 6
211 200 57
211 249 78
211 4 44
211 73 86
211 34 1
211 62 93
211 164 26
211 108 12
211 95 76
211 177 95
211 81 64
211 59 61
211 266 31
211 126 91
211 53 86
49 265 62
49 19 26
49 104 79
49 83 50
49 90 71
49 25 53
49 129 10
49 100 22
49 161 83
49 76 24
49 212 19
49 108 64
49 238 29
49 154 98
49 33 61
49 109 68
49 142 89
49 266 21
49 196 66
49 253 92
49 15 77
49 175 43
49 269 9
49 185 86
49 44 29
49 224 9
49 53 55
49 117 27
49 261 28
49 122 27
49 128 29
49 172 84
49 210 84
49 169 26
49 63 20
49 106 2
49 96 14
49 179 41
49 2 90
49 28 45
49 24 60
49 73 78
49 72 38
49 86 48
49 151 47
49 270 51
265 95 44
265 202 100
265 71 53
265 23 17
265 7 38
265 182 94
265 80 75
265 245 16
265 25 94
265 267 81
265 159 44
265 86 79
265 157 32
265 123 87
265 126 97
265 124 93
265 122 30
265 171 88
265 269 42
265 8 59
265 73 27
265 177 44
265 29 82
265 259 77
265 262 12
265 103 60
265 156 85
265 264 37
265 243 94
265 254 18
265 191 17
265 62 28
265 38 10
265 33 41
265 256 78
265 36 58
265 193 95
265 268 60
265 153 58
265 55 3
265 42 16
265 110 28
265 128 38
265 168 41
265 9 73
265 51 98
265 32 73
104 42 67
104 243 15
104 9 100
104 253 90
104 213 34
104 67 73
104 50 30
104 143 78
104 108 91
104 27 41
104 45 97
104 254 28
104 140 8
104 204 92
104 13 52
104 208 86
104 15 21
104 225 48
104 100 48
104 176 98
104 57 64
104 165 72
104 78 48
104 205 38
104 195 39
104 174 36
104 247 30
104 244 8
104 124 51
104 150 13
104 54 43
104 70 96
104 233 43
104 161 54
104 20 47
104 89 48
104 35 53
104 119 51
104 90 41
104 166 7
104 116 27
42 100 1
42 131 44
42 113 33
42 146 40
42 173 22
42 32 40
42 18 39
42 207 29
42 69 97
42 220 41
42 192 23
42 186 94
42 8 60
42 26 50
42 31 89
42 183 45
42 15 93
42 251 21
42 70 57
42 261 99
42 164 38
42 256 97
42 16 41
42 76 62
42 13 79
42 82 10
42 158 81
42 219 29
42 148 79
42 120 16
42 166 16
42 112 38
42 71 39
42 129 63
42 22 40
42 156 60
42 60 87
42 40 93
42 185 59
42 250 26
42 75 2
42 73 35
42 176 53
42 102 92
42 39 38
42 72 8
42 161 15
42 228 84
95 112 53
95 77 66
95 153 66
95 56 99
95 181 35
95 2 10
95 146 95
95 245 53
95 21 9
95 137 74
95 184 76
95 62 50
95 175 6
95 192 66
95 197 73
95 249 49
95 74 3
95 81 93
95 38 56
95 116 84
95 165 37
95 32 80
95 83 89
95 244 56
95 52 19
95 162 21
95 128 57
95 148 14
95 126 31
95 94 20
95 183 5
95 234 85
95 222 98
95 260 100
95 43 46
95 91 76
95 13 91
95 220 24
95 45 71
95 174 30
95 131 84
95 235 74
95 4 73
95 154 95
95 231 85
95 47 83
95 69 72
95 66 65
112 179 60
112 18 41
112 41 89
112 43 29
112 255 82
112 97 79
112 148 21
112 34 70
112 152 50
112 146 65
112 242 88
112 132 84
112 249 66
112 124 9
112 239 21
112 157 68
112 174 5
112 206 52
112 113 58
112 74 37
112 92 96
112 110 65
112 14 16
112 227 77
112 55 14
112 210 57
112 71 43
112 196 28
112 182 94
112 108 56
112 53 85
112 212 71
112 4 60
112 19 19
112 170 51
112 168 37
112 29 85
112 22 24
112 160 8
112 221 89
112 84 14
112 78 20
112 129 72
112 26 4
112 57 27
112 7 62
112 120 34
112 237 69
112 89 77
112 63 81
112 33 52
112 138 32
112 20 39
20 115 38
20 5 90
20 221 53
20 23 23
20 219 29
20 214 62
20 68 59
20 253 29
20 105 66
20 181 69
20 64 42
20 136 18
20 125 1
20 220 55
20 161 87
20 146 72
20 15 36
20 25 28
20 228 55
20 157 19
20 36 68
20 53 70
20 187 80
20 182 91
20 193 41
20 259 57
20 76 26
20 16 73
20 164 62
20 242 76
20 96 73
20 48 51
20 57 79
20 142 43
20 268 6
20 2 81
115 27 39
115 4 19
115 39 70
115 142 67
115 231 51
115 87 75
115 2 23
115 103 94
115 124 72
115 183 93
115 59 17
115 263 24
115 101 34
115 258 95
115 179 47
115 250 62
115 54 9
115 116 2
115 58 37
115 174 4
115 157 24
115 195 55
115 56 83
115 114 85
115 47 89
115 37 49
115 173 80
115 75 3
115 244 22
115 159 17
115 79 58
115 252 88
115 208 70
115 21 20
115 96 41
115 106 57
115 214 5
115 82 23
115 30 71
115 36 27
115 8 16
115 139 58
115 108 60
115 209 16
115 31 15
115 78 84
226 10 41
226 86 75
226 240 64
226 124 91
226 165 7
226 155 92
226 21 76
226 59 3
226 27 16
226 52 7
226 98 16
226 256 27
226 251 42
226 223 97
226 77 11
226 45 65
226 1 64
226 40 97
226 39 81
226 248 15
226 196 59
226 82 80
226 62 74
226 3 7
226 198 85
226 138 36
226 267 70
226 233 46
226 204 56
226 172 27
226 162 87
226 174 24
226 156 3
226 24 15
226 64 25
226 266 90
226 161 50
226 185 59
226 87 45
226 254 25
226 97 44
226 29 13
226 201 54
226 247 54
226 147 7
226 129 6
226 75 89
226 221 89
226 106 24
10 268 98
10 31 100
10 117 28
10 228 22
10 178 28
10 151 90
10 221 87
10 188 36
10 92 26
10 260 54
10 235 67
10 17 42
10 216 24
10 262 31
10 204 7
10 159 95
10 71 69
10 156 33
10 101 95
10 93 71
10 3 18
10 110 29
10 246 85
10 102 5
10 66 66
10 212 73
10 166 100
10 257 59
10 30 59
10 60 11
10 2 96
10 82 31
10 25 80
10 170 39
10 237 53
10 21 61
10 108 16
10 160 62
10 215 55
10 62 96
10 72 11
10 16 97
10 252 2
10 185 9
10 83 88
10 230 92
10 74 40
10 8 40
5 195 78
5 209 48
5 122 57
5 162 8
5 257 3
5 3 46
5 58 19
5 98 46
5 44 24
5 170 95
5 198 29
5 210 32
5 118 67
5 158 50
5 51 52
5 253 47
5 269 99
5 204 47
5 168 13
5 94 24
5 27 9
5 116 51
5 91 36
5 141 22
5 185 96
5 83 6
5 232 34
5 216 15
5 100 69
5 255 6
5 230 56
5 38 8
5 147 56
5 117 62
5 57 94
5 7 56
5 203 94
5 132 98
5 234 35
5 241 28
5 152 58
5 247 37
5 70 77
5 225 97
5 250 42
5 16 14
5 217 42
5 219 56
5 236 7
195 62 65
195 196 61
195 162 17
195 74 3
195 251 73
195 35 19
195 261 46
195 174 2
195 16 51
195 32 36
195 169 45
195 94 53
195 158 48
195 44 48
195 76 4
195 17 70
195 66 72
195 8 84
195 209 15
195 91 11
195 25 7
195 197 33
195 48 38
195 99 48
195 121 36
195 2 83
195 119 76
195 24 80
195 137 83
195 194 74
195 243 61
195 155 23
195 229 19
195 150 23
195 23 26
195 47 41
195 88 25
195 198 79
195 231 18
195 213 28
195 258 70
195 61 37
195 248 89
195 237 33
195 6 75
195 65 41
195 107 38
195 27 54
27 101 60
27 242 60
27 244 4
27 227 25
27 245 3
27 203 44
27 106 72
27 193 69
27 152 21
27 128 16
27 130 27
27 116 21
27 58 29
27 131 65
27 87 11
27 142 30
27 147 82
27 139 40
27 50 50
27 140 7
27 175 81
27 149 55
27 238 94
27 132 25
27 71 44
27 65 50
27 24 54
27 16 35
27 124 88
27 9 90
27 133 76
27 163 20
27 262 15
27 267 71
27 108 10
27 182 17
27 212 33
101 207 29
101 163 18
101 200 30
101 184 36
101 164 94
101 83 88
101 140 54
101 88 77
101 4 45
101 149 78
101 239 75
101 237 95
101 261 59
101 68 54
101 257 60
101 108 38
101 21 95
101 235 98
101 198 49
101 148 32
101 113 20
101 9 23
101 160 72
101 181 70
101 167 31
101 252 76
101 144 4
101 269 50
101 203 55
101 89 8
101 193 20
101 15 69
101 243 92
101 91 68
101 242 27
101 58 81
101 155 65
101 262 27
101 249 44
101 1 46
101 154 42
101 152 30
101 141 3
101 57 46
101 126 4
101 187 35
101 266 22
101 124 60
101 109 75
101 133 15
101 51 86
101 234 59
101 7 53
101 18 35
101 31 50
101 105 12
101 221 33
101 256 22
101 222 31
15 77 63
15 106 84
15 56 58
15 102 95
15 143 45
15 205 12
15 191 7
15 259 47
15 161 32
15 125 98
15 190 44
15 80 46
15 6 17
15 219 59
15 200 97
15 26 73
15 203 27
15 188 91
15 214 94
15 58 71
15 269 77
15 234 78
15 156 95
15 247 3
15 223 62
15 122 61
15 40 90
15 111 61
15 23 47
15 250 92
15 1 46
15 129 18
15 70 81
15 165 49
15 123 86
15 60 29
15 151 5
15 11 89
15 134 2
15 196 59
15 100 25
15 121 14
15 45 21
15 92 48
15 212 79
15 105 71
15 47 18
15 175 14
15 83 77
15 183 10
15 201 5
15 29 56
15 38 22
15 52 82
15 166 76
77 167 40
77 80 64
77 126 11
77 199 27
77 123 30
77 16 80
77 193 88
77 266 79
77 66 42
77 174 6
77 37 69
77 35 62
77 53 60
77 255 39
77 130 32
77 198 90
77 188 55
77 116 62
77 31 82
77 63 66
77 68 99
77 176 100
77 260 25
77 154 9
77 99 17
77 125 32
77 159 76
77 46 53
77 58 21
77 230 88
77 156 18
77 93 42
77 192 22
77 206 79
77 150 81
77 29 80
77 48 93
77 51 63
77 197 82
77 131 41
77 12 62
77 201 69
77 142 65
77 158 15
267 241 20
267 116 53
267 12 38
267 161 26
267 71 66
267 72 85
267 156 8
267 252 93
267 102 88
267 6 69
267 246 100
267 188 12
267 245 56
267 243 54
267 189 90
267 59 33
267 28 18
267 61 54
267 89 2
267 82 86
267 109 6
267 24 39
267 194 32
267 217 31
267 186 68
267 121 58
267 159 11
267 26 49
267 185 60
267 206 95
267 125 96
267 218 71
267 135 84
267 266 75
267 17 16
267 56 2
267 219 75
267 221 17
267 119 48
241 251 100
241 200 35
241 230 7
241 82 89
241 185 86
241 114 54
241 83 44
241 191 58
241 80 79
241 203 49
241 255 52
241 155 82
241 3 46
241 237 96
241 207 48
241 132 81
241 22 55
241 106 19
241 122 99
241 263 93
241 154 84
241 119 92
241 103 89
241 205 36
241 60 87
241 48 92
241 79 26
241 247 61
241 9 95
241 164 45
241 56 56
241 184 17
241 165 90
241 51 33
241 204 81
241 12 22
241 196 31
241 198 91
241 18 77
241 68 11
241 140 29
241 118 64
241 176 100
241 210 36
241 262 65
241 197 66
241 1 57
241 181 4
241 174 83
241 97 90
241 73 21
241 178 20
215 156 13
215 168 77
215 152 37
215 150 99
215 155 83
215 93 98
215 207 14
215 19 48
215 122 10
215 239 84
215 85 53
215 73 58
215 142 77
215 251 35
215 210 72
215 16 67
215 124 57
215 162 96
215 260 91
215 71 52
215 170 67
215 138 50
215 62 8
215 130 89
215 153 46
215 67 67
215 51 64
215 257 4
215 146 31
215 2 79
215 13 5
215 114 24
215 56 34
215 223 11
215 185 73
215 231 50
215 191 8
215 107 25
215 220 80
215 96 76
215 179 59
156 120 74
156 253 59
156 202 20
156 3 71
156 26 5
156 173 87
156 218 30
156 31 50
156 73 8
156 109 6
156 108 48
156 86 75
156 231 33
156 59 12
156 262 2
156 163 82
156 146 56
156 89 65
156 135 69
156 44 65
156 114 46
156 261 90
156 227 11
156 269 84
156 179 10
156 157 90
156 258 40
156 128 89
156 270 88
119 155 97
119 198 73
119 247 50
119 202 59
119 74 66
119 160 64
119 81 24
119 250 66
119 168 18
119 19 40
119 144 85
119 161 48
119 220 72
119 253 3
119 204 50
119 64 90
119 51 38
119 192 50
119 197 13
119 97 90
119 246 23
119 37 47
119 167 72
119 139 10
119 245 52
119 259 2
119 106 28
119 25 41
119 100 22
119 172 19
119 206 69
119 258 28
119 214 50
119 32 64
119 217 63
119 199 51
119 173 31
119 260 54
119 163 17
119 125 89
119 41 95
119 58 27
119 153 17
119 82 21
119 238 40
119 48 50
119 116 98
119 165 67
155 145 9
155 185 51
155 177 13
155 70 66
155 68 1
155 37 29
155 45 43
155 132 13
155 256 96
155 181 28
155 142 59
155 169 74
155 22 17
155 44 50
155 36 28
155 1 49
155 229 37
155 209 67
155 255 77
155 114 61
155 129 11
155 98 90
155 40 89
155 128 95
155 174 1
155 263 42
155 189 6
155 220 2
155 264 54
155 60 98
155 7 17
155 161 83
155 187 14
155 39 47
155 248 25
155 69 61
155 43 73
155 153 33
155 191 96
155 257 32
155 85 44
155 96 94
155 261 59
155 246 13
155 221 4
155 233 96
155 120 33
155 88 86
155 172 1
155 58 100
155 270 51
155 9 4
155 59 13
155 225 3
155 82 4
155 34 6
159 169 64
159 28 62
159 86 96
159 90 95
159 263 85
159 83 65
159 183 62
159 53 15
159 32 41
159 118 59
159 184 52
159 92 8
159 203 29
159 57 22
159 16 28
159 154 98
159 129 82
159 4 54
159 8 45
159 250 93
159 98 87
159 82 52
159 128 91
159 24 38
159 218 60
159 113 71
159 204 32
159 2 80
159 223 70
159 107 73
159 60 9
159 62 60
159 217 70
159 102 43
159 141 56
159 55 80
159 52 95
159 229 56
159 74 38
159 187 73
159 35 64
159 188 84
159 58 46
159 268 55
159 73 13
159 44 76
159 175 6
159 132 84
159 116 11
159 220 89
159 9 58
159 30 70
159 33 88
169 223 29
169 213 4
169 109 61
169 229 36
169 57 91
169 147 16
169 137 89
169 144 38
169 194 40
169 187 3
169 270 64
169 237 97
169 170 83
169 254 98
169 83 56
169 31 99
169 255 17
169 143 68
169 134 50
169 243 81
169 30 11
169 162 84
169 208 67
169 18 38
169 239 10
169 252 14
169 79 26
169 71 92
169 190 45
169 257 7
169 247 13
169 238 17
169 207 63
169 262 45
169 214 98
169 98 99
169 88 9
169 65 20
169 258 94
169 176 29
169 263 78
169 196 97
169 19 75
169 148 15
169 227 53
169 192 12
169 185 52
169 120 76
169 69 62
169 123 52
169 141 84
169 76 90
169 200 23
169 184 92
169 122 46
97 68 76
97 91 38
97 12 79
97 198 69
97 117 37
97 65 80
97 120 66
97 221 61
97 44 84
97 207 52
97 86 50
97 51 39
97 168 29
97 151 23
97 35 34
97 134 11
97 80 14
97 255 64
97 98 29
97 59 95
97 7 7
97 78 36
97 220 30
97 199 8
97 21 33
97 28 92
97 123 51
97 229 94
97 30 88
97 173 81
97 233 88
97 130 15
97 19 58
97 40 51
97 73 71
97 148 82
97 262 29
97 94 50
97 142 44
97 190 60
97 146 6
97 192 99
97 22 28
97 33 76
97 163 84
97 106 1
97 208 80
97 92 40
97 62 65
68 268 92
68 125 93
68 105 3
68 87 31
68 4 32
68 142 22
68 91 69
68 246 20
68 11 73
68 153 79
68 76 26
68 127 97
68 66 52
68 191 84
68 186 43
68 164 42
68 147 29
68 201 2
68 89 56
68 138 47
68 136 85
68 24 93
68 239 30
68 224 67
68 187 83
68 183 13
68 238 65
68 198 95
68 229 86
68 133 89
68 109 55
68 90 71
68 85 71
68 173 37
68 35 93
68 58 40
68 25 46
68 44 6
68 84 95
68 12 91
68 258 85
68 108 14
219 160 88
219 67 22
219 73 3
219 57 98
219 190 79
219 71 23
219 1 96
219 78 22
219 33 80
219 63 19
219 192 29
219 246 29
219 22 56
219 98 95
219 207 47
219 196 77
219 209 1
219 184 51
219 105 55
219 224 85
219 114 20
219 61 80
219 161 66
219 47 4
219 191 4
219 135 35
219 202 74
219 55 45
219 88 78
219 157 70
219 125 37
219 89 18
219 48 96
219 194 99
219 252 41
219 221 15
160 114 18
160 229 61
160 48 53
160 84 68
160 39 49
160 269 65
160 227 30
160 191 31
160 113 82
160 58 87
160 106 21
160 139 27
160 162 87
160 151 12
160 118 75
160 99 30
160 208 96
160 144 59
160 248 58
160 182 97
160 200 34
160 270 39
160 3 35
160 121 73
160 212 30
160 205 76
160 173 23
160 76 42
46 80 20
46 35 34
46 16 18
46 214 6
46 110 19
46 113 1
46 99 99
46 147 91
46 237 2
46 136 79
46 252 20
46 212 71
46 259 49
46 143 76
46 57 31
46 182 77
46 238 21
46 9 64
46 107 32
46 120 5
46 152 62
46 135 7
46 245 24
46 269 80
46 131 30
46 216 63
46 264 65
46 18 34
46 204 88
46 69 72
46 79 91
46 249 53
46 207 8
46 197 39
46 43 66
80 255 71
80 154 53
80 236 66
80 167 60
80 72 46
80 147 59
80 16 34
80 105 72
80 123 80
80 188 40
80 121 38
80 264 38
80 57 85
80 11 62
80 102 84
80 164 23
80 13 17
80 78 33
80 118 68
80 171 78
80 132 97
80 29 7
80 53 1
80 67 11
80 185 43
80 47 14
80 182 45
80 116 47
80 172 67
80 146 69
80 181 3
80 106 75
80 43 14
80 242 64
80 251 63
80 1 19
80 74 99
80 170 22
80 186 36
80 127 98
80 75 73
80 100 56
80 161 63
190 11 73
190 134 70
190 51 83
190 168 20
190 224 91
190 175 42
190 218 33
190 2 34
190 257 47
190 72 99
190 70 90
190 78 88
190 47 37
190 165 66
190 37 58
190 261 59
190 229 76
190 244 11
190 158 68
190 247 86
190 53 1
190 181 58
190 250 88
190 39 31
190 231 28
190 185 31
190 106 54
190 76 73
190 263 73
190 60 19
190 83 54
190 66 12
190 176 6
190 50 40
190 109 84
190 87 100
190 145 46
190 107 19
190 127 55
190 192 46
190 197 98
190 147 73
190 65 48
190 164 74
190 235 100
190 93 36
190 268 38
11 208 12
11 121 48
11 187 90
11 18 19
11 197 62
11 63 47
11 212 17
11 149 80
11 30 74
11 207 29
11 196 69
11 205 42
11 56 69
11 57 46
11 96 60
11 90 48
11 256 41
11 202 54
11 150 82
11 92 95
11 261 33
11 238 62
11 221 49
11 252 40
11 1 81
11 134 89
11 253 26
11 71 71
11 213 36
11 167 60
11 3 31
11 140 62
231 172 24
231 222 2
231 88 84
231 36 80
231 8 79
231 252 81
231 158 61
231 218 90
231 228 60
231 25 77
231 9 65
231 146 47
231 188 26
231 170 73
231 255 41
231 266 70
231 221 22
231 202 81
231 137 3
231 157 34
231 103 64
231 40 61
231 125 96
231 145 6
231 118 86
231 136 10
231 189 32
231 216 63
231 225 28
231 71 47
231 98 52
231 236 35
231 174 15
231 192 87
231 106 38
231 139 72
231 167 32
231 45 53
231 191 70
231 128 92
172 243 88
172 76 70
172 84 14
172 227 71
172 188 79
172 36 42
172 41 36
172 16 24
172 175 23
172 107 22
172 121 96
172 71 12
172 63 85
172 185 31
172 158 18
172 244 62
172 187 42
172 73 95
172 255 55
172 256 24
172 87 75
172 13 97
172 22 52
172 25 84
172 69 96
172 78 45
172 164 14
172 225 45
172 264 88
172 40 42
172 51 78
172 154 26
172 34 39
172 35 86
172 249 34
172 236 6
172 30 17
172 32 22
172 201 5
172 170 76
172 111 39
172 132 73
172 72 49
172 37 80
172 92 73
172 220 77
172 125 64
254 264 91
254 123 79
254 139 47
254 61 35
254 87 92
254 214 71
254 52 2
254 163 53
254 47 46
254 41 96
254 218 46
254 194 75
254 73 83
254 75 19
254 57 76
254 17 74
254 78 23
254 90 86
254 135 65
254 107 55
254 109 79
254 164 49
254 257 52
254 83 3
254 221 57
254 51 71
254 147 55
254 245 84
254 162 72
254 173 41
254 167 27
254 91 62
254 230 70
254 161 40
254 60 53
254 127 55
254 197 62
254 244 57
254 70 78
254 251 90
254 44 69
254 53 80
254 179 22
254 85 58
254 166 40
254 153 41
254 146 56
254 170 92
254 181 13
264 128 79
264 78 62
264 212 3
264 28 76
264 79 38
264 57 96
264 99 82
264 74 8
264 200 77
264 120 88
264 218 8
264 55 21
264 244 71
264 3 64
264 235 43
264 223 15
264 87 16
264 182 57
264 233 9
264 47 16
264 93 23
264 26 91
264 34 64
264 174 23
264 248 44
264 185 58
264 262 63
264 98 3
264 186 66
264 158 19
264 214 69
264 58 74
264 7 54
264 105 60
264 173 97
264 249 78
264 41 59
264 25 39
264 81 47
264 163 16
264 258 90
264 270 43
264 149 91
264 71 69
264 23 25
264 72 66
264 64 98
264 217 49
264 147 58
248 45 39
248 260 56
248 235 70
248 186 66
248 108 59
248 205 98
248 121 63
248 26 41
248 153 85
248 128 53
248 198 32
248 48 74
248 154 94
248 73 31
248 238 25
248 151 23
248 87 36
248 208 41
248 214 61
248 202 41
248 268 63
248 113 80
248 81 87
248 76 46
248 136 18
248 132 19
248 246 21
248 44 48
248 191 68
248 67 21
248 237 90
248 105 50
248 148 66
248 242 96
248 28 51
248 253 72
248 145 23
248 23 26
45 131 80
45 13 33
45 192 9
45 138 44
45 109 91
45 90 83
45 111 68
45 16 1
45 162 16
45 65 60
45 113 69
45 67 19
45 106 58
45 54 88
45 224 8
45 213 36
45 25 94
45 1 76
45 74 5
45 198 87
45 78 50
45 189 38
45 193 84
45 99 61
45 120 95
45 72 30
45 268 53
45 59 46
45 14 85
45 34 26
45 84 67
45 37 91
45 136 47
45 134 38
45 176 8
45 177 8
45 266 58
45 181 31
45 182 20
45 87 5
45 48 68
149 151 68
149 243 43
149 205 1
149 110 63
149 165 43
149 228 92
149 76 29
149 106 10
149 28 60
149 203 63
149 79 41
149 268 83
149 3 46
149 213 12
149 163 60
149 188 90
149 12 54
149 137 47
149 57 80
149 41 90
149 178 85
149 30 17
149 221 83
149 108 66
149 89 91
149 8 16
149 91 83
149 6 68
149 61 55
149 32 12
149 179 60
149 131 77
149 225 12
149 186 96
149 109 25
149 124 99
151 251 43
151 225 70
151 244 1
151 103 64
151 257 44
151 202 3
151 78 46
151 61 36
151 98 64
151 222 13
151 99 78
151 161 69
151 110 25
151 33 6
151 26 53
151 64 99
151 4 26
151 86 100
151 17 8
151 136 58
151 144 36
151 8 46
151 181 47
151 124 74
151 2 96
151 73 54
151 258 5
151 263 17
151 128 31
151 175 67
151 85 61
151 200 3
151 223 62
151 188 11
151 106 17
151 185 48
191 257 42
191 230 67
191 260 35
191 51 77
191 78 26
191 89 86
191 83 58
191 165 24
191 113 20
191 87 70
191 44 51
191 9 14
191 227 99
191 117 54
191 28 11
191 170 92
191 102 25
191 41 3
191 81 10
191 239 73
191 14 95
191 233 30
191 66 10
191 94 94
191 269 86
191 200 12
191 218 38
191 205 62
191 202 71
191 178 89
191 183 66
191 60 69
191 250 9
191 167 76
191 185 9
191 163 1
191 152 68
191 237 76
191 220 68
191 153 58
257 227 60
257 198 29
257 127 99
257 12 77
257 164 24
257 243 46
257 252 95
257 222 32
257 171 73
257 89 29
257 249 26
257 204 9
257 145 5
257 57 76
257 142 73
257 178 98
257 91 3
257 110 53
257 188 37
257 86 33
257 168 10
257 113 96
257 74 97
257 247 76
257 62 99
257 59 52
257 124 75
257 220 98
257 263 14
257 54 83
257 118 66
257 98 79
257 13 37
257 44 94
257 55 60
257 181 7
257 218 94
257 39 71
257 165 27
257 173 60
257 106 27
257 29 46
257 138 47
257 235 22
257 208 64
35 8 94
35 98 88
35 203 81
35 125 12
35 29 24
35 21 84
35 193 36
35 239 35
35 244 60
35 199 55
35 260 71
35 183 100
35 147 25
35 1 84
35 22 23
35 12 21
35 61 78
35 196 48
35 23 2
35 220 22
35 128 97
35 255 79
35 222 26
35 179 99
35 189 48
35 175 34
35 261 39
35 146 20
35 250 35
35 59 55
35 67 22
35 253 23
35 82 71
35 105 77
35 40 52
35 177 94
35 167 67
35 139 70
35 165 22
35 117 52
14 107 12
14 179 90
14 32 4
14 2 97
14 210 46
14 150 95
14 164 13
14 185 28
14 228 41
14 206 8
14 249 57
14 108 87
14 120 19
14 72 8
14 9 97
14 21 62
14 221 57
14 258 34
14 75 73
14 208 65
14 182 74
14 166 39
14 6 75
14 173 64
14 48 51
14 13 42
14 178 61
14 111 22
14 125 53
14 52 57
14 170 38
14 16 89
14 242 75
14 62 44
14 250 83
14 79 19
14 53 14
14 55 5
14 147 13
14 186 12
14 181 26
14 192 11
14 238 99
14 128 76
107 251 88
107 142 82
107 222 83
107 185 6
107 246 6
107 86 61
107 200 41
107 105 48
107 21 38
107 65 28
107 43 99
107 41 44
107 54 75
107 116 94
107 2 16
107 130 83
107 117 52
107 79 97
107 74 62
107 1 5
107 4 87
107 96 47
107 148 16
107 64 12
107 171 96
107 102 21
107 127 62
107 122 60
107 94 91
107 232 36
107 235 1
107 197 19
107 177 77
107 52 78
107 83 89
107 75 53
107 34 64
107 37 64
107 62 94
107 204 7
107 125 35
206 244 7
206 64 63
206 247 64
206 12 19
206 110 53
206 88 6
206 82 30
206 188 67
206 7 63
206 141 60
206 209 66
206 198 53
206 70 82
206 55 81
206 158 64
206 185 69
206 56 73
206 94 82
206 117 44
206 229 12
206 48 35
206 200 53
206 76 52
206 249 29
206 62 66
206 21 72
206 1 48
206 31 68
206 251 9
206 41 84
206 90 41
206 246 79
206 44 52
206 168 48
206 73 9
206 60 63
206 201 100
206 183 66
206 132 9
206 258 36
244 124 36
244 246 91
244 66 47
244 212 90
244 207 86
244 43 88
244 251 17
244 32 20
244 188 14
244 61 15
244 187 33
244 123 73
244 117 53
244 103 26
244 213 74
244 202 53
244 266 32
244 48 97
244 1 88
244 90 28
244 127 14
244 93 89
244 12 36
244 111 74
244 186 85
244 36 47
244 229 75
244 126 87
244 131 65
244 75 48
244 167 28
244 161 80
244 50 50
244 154 28
244 74 54
244 114 16
244 270 84
244 197 20
244 24 85
244 158 3
244 67 41
244 253 10
69 256 66
69 117 9
69 145 8
69 90 62
69 173 56
69 198 18
69 218 13
69 23 28
69 81 72
69 132 93
69 8 41
69 184 87
69 243 59
69 2 17
69 13 32
69 147 5
69 56 77
69 208 41
69 66 28
69 174 36
69 73 78
69 36 22
69 255 69
69 250 11
69 171 21
69 138 16
69 230 88
69 252 70
69 237 21
69 121 1
69 110 46
69 142 43
69 57 31
69 12 53
256 105 86
256 148 70
256 21 42
256 218 71
256 131 46
256 157 1
256 161 81
256 65 3
256 268 47
256 25 48
256 207 40
256 236 78
256 179 28
256 86 93
256 187 11
256 33 30
256 93 62
256 139 49
256 56 43
256 1 90
256 114 49
256 16 95
256 203 35
256 123 97
256 12 8
256 242 48
256 66 68
256 54 83
256 184 11
256 251 66
256 103 6
256 52 65
256 234 16
256 240 16
187 165 36
187 221 26
187 99 7
187 60 31
187 136 81
187 84 63
187 181 46
187 34 56
187 71 72
187 121 38
187 137 94
187 44 16
187 66 2
187 260 45
187 192 83
187 130 76
187 238 49
187 164 17
187 76 89
187 229 37
187 12 21
187 222 21
187 4 58
187 235 92
187 141 59
187 113 21
187 236 84
187 85 53
187 261 74
187 171 39
187 21 11
187 70 15
187 100 23
187 109 42
187 39 79
187 161 52
187 111 68
187 57 94
187 270 65
74 13 31
74 142 99
74 22 58
74 204 56
74 243 63
74 203 92
74 102 17
74 268 81
74 251 7
74 221 90
74 134 10
74 122 82
74 210 92
74 176 81
74 198 24
74 217 26
74 89 47
74 34 39
74 78 57
74 98 97
74 192 78
74 126 86
74 196 61
74 213 33
74 157 64
74 90 51
74 1 28
74 67 72
74 128 25
74 32 29
74 179 20
74 194 5
74 72 56
13 188 73
13 167 24
13 250 42
13 263 28
13 96 2
13 113 45
13 165 81
13 198 10
13 105 21
13 98 21
13 76 42
13 138 31
13 202 36
13 232 71
13 100 31
13 186 92
13 239 65
13 114 35
13 70 88
13 1 76
13 90 25
13 184 98
13 85 33
13 37 46
13 92 96
13 146 31
13 214 63
13 8 83
13 129 86
13 12 93
13 140 70
13 221 97
13 54 98
13 106 60
13 88 89
13 134 60
13 94 82
13 177 100
13 199 96
13 217 80
13 53 79
198 239 2
198 85 32
198 17 92
198 4 77
198 158 60
198 18 34
198 245 65
198 16 78
198 263 42
198 183 34
198 230 8
198 176 2
198 84 34
198 82 23
198 217 45
198 113 23
198 140 23
198 228 27
198 61 74
198 33 94
198 182 85
198 150 40
198 9 70
198 29 19
198 44 2
198 81 27
198 100 4
198 223 52
198 71 69
198 7 83
198 57 96
198 185 98
198 243 72
198 175 30
198 126 43
198 196 53
198 189 5
198 108 100
198 70 97
196 255 69
196 91 76
196 132 7
196 24 56
196 123 91
196 22 17
196 185 91
196 212 42
196 131 95
196 3 33
196 73 48
196 72 78
196 122 99
196 70 64
196 193 97
196 21 70
196 17 58
196 86 72
196 56 36
196 87 31
196 2 68
196 84 91
196 204 65
196 62 5
196 12 94
196 66 55
196 143 93
196 214 50
196 263 98
196 126 77
196 186 36
196 116 68
255 181 68
255 212 60
255 232 37
255 216 90
255 170 67
255 21 97
255 122 6
255 263 21
255 217 31
255 98 91
255 268 73
255 8 35
255 78 51
255 166 30
255 29 82
255 41 90
255 76 21
255 143 45
255 105 24
255 89 70
255 225 82
255 222 95
255 62 3
255 44 53
255 234 1
255 43 4
255 70 55
255 141 65
255 176 21
255 131 91
255 82 80
255 165 68
255 164 34
255 2 2
255 186 24
255 182 48
255 72 17
255 237 19
255 252 76
255 31 75
255 56 16
255 200 97
255 47 73
158 58 69
158 223 57
158 141 75
158 182 31
158 193 62
158 239 93
158 12 43
158 208 64
158 131 43
158 145 87
158 260 34
158 181 45
158 2 17
158 94 35
158 207 85
158 245 30
158 86 30
158 93 98
158 220 13
158 209 59
158 25 17
158 111 76
158 238 7
158 113 51
158 31 42
158 99 73
158 173 19
158 148 94
158 213 60
158 48 36
158 251 31
158 60 47
158 262 87
58 19 28
58 56 2
58 127 51
58 55 92
58 17 40
58 216 49
58 82 61
58 87 81
58 247 17
58 48 75
58 7 33
58 162 11
58 136 40
58 212 72
58 4 5
58 8 90
58 24 91
58 252 60
58 175 1
58 89 23
58 262 65
58 51 15
58 235 64
58 258 61
58 152 79
58 200 79
58 209 13
58 253 13
58 23 11
58 66 66
58 223 27
58 221 21
58 176 90
58 141 7
58 62 61
58 147 15
58 214 65
58 164 19
58 102 40
58 138 53
132 72 38
132 210 31
132 141 91
132 234 50
132 216 38
132 40 86
132 153 67
132 127 72
132 110 58
132 175 70
132 39 39
132 192 59
132 100 88
132 114 84
132 130 14
132 218 63
132 174 55
132 154 3
132 168 50
132 36 11
132 178 76
132 134 32
132 111 64
132 177 49
132 129 69
132 124 93
132 183 58
132 106 63
132 199 62
72 93 12
72 9 85
72 1 43
72 123 23
72 167 58
72 217 69
72 252 51
72 103 100
72 188 57
72 32 28
72 6 3
72 232 1
72 37 100
72 88 56
72 114 1
72 71 24
72 53 45
72 121 63
72 12 53
72 43 44
72 73 2
72 157 47
72 125 56
72 184 100
72 19 70
72 141 27
72 259 18
72 262 57
72 118 95
72 134 96
72 234 43
72 60 52
72 70 17
72 62 44
72 57 38
72 17 96
72 23 64
72 150 41
72 31 50
184 209 69
184 232 22
184 56 52
184 238 67
184 99 55
184 73 67
184 48 63
184 162 49
184 170 94
184 92 80
184 78 51
184 126 17
184 2 97
184 139 20
184 260 16
184 29 33
184 263 58
184 129 30
184 268 70
184 28 39
184 105 60
184 178 48
184 230 13
184 109 88
184 98 97
184 261 53
184 24 90
184 118 81
184 40 26
184 63 94
184 91 62
184 61 48
184 213 14
184 234 70
184 30 78
184 164 29
184 165 72
209 229 89
209 163 78
209 203 83
209 57 33
209 122 94
209 148 63
209 164 79
209 179 25
209 63 61
209 92 10
209 144 93
209 263 67
209 240 37
209 243 50
209 102 8
209 141 38
209 30 72
209 65 69
209 268 11
209 29 11
209 194 5
209 217 85
209 213 27
209 166 38
209 239 35
209 182 22
209 103 89
209 89 77
209 131 98
209 245 13
209 205 77
209 22 1
209 6 38
209 4 57
209 250 29
209 173 80
209 202 63
209 125 30
209 193 68
209 82 13
230 103 62
230 182 23
230 91 76
230 62 83
230 87 45
230 53 73
230 8 81
230 109 49
230 205 38
230 65 69
230 17 19
230 129 54
230 24 41
230 148 27
230 133 99
230 134 30
230 32 76
230 245 8
230 41 43
230 242 94
230 193 16
230 128 60
230 124 57
230 199 84
230 111 30
103 208 85
103 117 39
103 29 6
103 22 56
103 90 25
103 203 52
103 192 9
103 87 88
103 232 19
103 194 70
103 236 61
103 31 53
103 243 56
103 234 2
103 120 22
103 193 75
103 38 48
103 118 79
103 113 45
103 251 47
103 228 47
103 204 13
103 25 34
103 73 73
103 122 96
103 98 51
103 242 4
103 197 17
103 129 17
103 170 6
103 207 25
103 224 49
103 163 52
103 82 83
103 182 21
103 86 80
103 89 72
103 174 79
103 223 89
103 116 69
103 9 68
103 100 87
251 125 43
251 258 8
251 6 33
251 153 27
251 87 20
251 139 71
251 173 32
251 89 23
251 260 88
251 66 16
251 176 100
251 229 33
251 79 23
251 170 10
251 140 64
251 12 14
251 63 68
251 76 52
251 81 78
251 18 54
251 240 72
251 182 76
251 204 76
251 270 89
251 52 30
251 259 93
251 166 28
251 1 72
251 28 77
251 75 22
251 233 86
251 250 45
251 53 36
251 175 33
251 83 47
251 60 92
251 135 83
251 56 57
251 4 16
251 78 82
217 60 88
217 120 19
217 157 100
217 94 7
217 216 52
217 222 20
217 37 1
217 6 23
217 135 22
217 233 66
217 162 99
217 24 7
217 186 80
217 93 4
217 126 4
217 79 1
217 26 80
217 48 68
217 173 61
217 63 78
217 16 14
217 268 73
217 193 85
217 124 15
217 52 30
217 234 22
217 208 91
217 28 80
217 165 1
217 177 96
217 232 80
217 17 41
217 225 51
217 200 81
217 192 55
60 62 4
60 236 60
60 99 78
60 70 46
60 106 92
60 152 40
60 1 40
60 201 100
60 124 96
60 252 80
60 66 96
60 250 66
60 200 85
60 146 73
60 171 23
60 127 46
60 19 36
60 266 46
60 166 24
60 37 23
60 71 29
60 81 87
60 38 20
60 44 95
60 235 40
60 90 31
60 243 11
60 179 13
60 61 26
60 136 60
60 88 44
60 164 65
60 154 49
60 31 33
60 129 68
60 237 92
60 78 26
60 93 75
60 9 28
60 118 48
60 207 46
60 246 63
177 108 30
177 34 11
177 41 26
177 262 63
177 148 68
177 120 46
177 216 56
177 214 75
177 51 47
177 162 61
177 116 12
177 31 13
177 130 34
177 260 46
177 182 82
177 84 85
177 210 11
177 233 1
177 105 38
177 61 80
177 186 48
177 109 12
177 52 80
177 240 60
177 221 54
177 145 76
177 83 56
177 67 28
177 174 28
177 134 48
177 139 97
177 144 25
177 193 10
177 8 24
177 189 8
177 39 15
177 154 22
177 249 12
108 213 14
108 258 34
108 90 65
108 91 60
108 24 64
108 3 85
108 183 12
108 189 49
108 75 43
108 116 13
108 125 61
108 51 70
108 54 27
108 238 77
108 94 38
108 222 16
108 239 90
108 185 12
108 186 5
108 87 38
108 138 49
108 216 96
108 207 30
108 28 71
108 29 74
108 214 43
108 148 57
108 221 22
108 8 44
108 266 49
108 73 95
108 220 19
108 25 93
108 145 73
108 178 99
108 210 31
108 111 61
108 170 94
25 21 59
25 23 69
25 237 13
25 36 52
25 127 36
25 51 59
25 84 73
25 146 99
25 245 96
25 239 83
25 59 43
25 260 73
25 86 19
25 9 76
25 145 75
25 170 18
25 166 4
25 110 15
25 242 15
25 175 39
25 89 51
25 33 60
25 228 80
25 234 77
25 174 89
25 16 74
25 261 51
25 54 60
25 92 2
25 136 89
21 39 81
21 126 98
21 48 74
21 117 75
21 51 44
21 145 17
21 154 87
21 23 51
21 175 99
21 212 84
21 253 8
21 242 8
21 81 48
21 222 34
21 243 6
21 7 49
21 16 51
21 170 61
21 237 10
21 250 74
21 123 29
21 259 73
21 43 9
21 50 28
21 162 16
21 143 58
21 240 69
21 41 44
21 201 54
21 166 43
21 233 83
21 36 83
21 153 50
21 263 40
21 148 55
21 9 89
186 8 23
186 83 57
186 3 3
186 144 76
186 212 65
186 87 44
186 145 67
186 234 42
186 67 82
186 200 38
186 123 36
186 245 93
186 136 54
186 166 52
186 216 84
186 32 87
186 266 99
186 48 71
186 110 30
186 19 19
186 170 88
186 55 26
186 193 69
186 50 64
186 148 27
186 76 30
186 240 99
186 118 47
186 223 44
186 2 45
186 128 16
186 162 22
186 228 12
186 93 56
8 70 95
8 201 91
8 118 91
8 100 56
8 182 23
8 92 38
8 263 12
8 166 21
8 114 97
8 200 31
8 61 27
8 234 9
8 214 3
8 50 69
8 73 86
8 245 92
8 48 44
8 145 15
8 162 94
8 81 5
8 202 66
8 143 88
8 117 82
8 179 42
8 260 52
8 253 83
8 259 25
8 213 4
8 161 45
8 31 37
8 136 82
8 75 34
8 90 64
8 122 21
8 9 64
8 208 44
8 242 88
229 48 42
229 269 36
229 106 45
229 36 70
229 147 88
229 19 19
229 197 21
229 33 31
229 174 13
229 137 13
229 258 4
229 233 70
229 252 54
229 52 39
229 81 31
229 82 89
229 263 73
229 194 84
229 193 100
229 127 29
229 220 62
229 118 28
229 125 95
229 235 23
229 157 19
229 164 50
229 262 65
229 148 17
229 246 13
229 199 40
229 239 44
229 179 69
229 102 96
229 100 34
229 16 78
268 122 25
268 47 77
268 34 68
268 57 42
268 16 61
268 61 18
268 105 54
268 202 18
268 23 73
268 99 13
268 227 51
268 201 59
268 53 5
268 214 13
268 216 40
268 50 10
268 126 29
268 173 77
268 100 21
268 91 58
268 146 64
268 243 50
268 94 74
268 28 64
268 12 37
268 157 95
268 259 41
268 26 45
268 113 29
268 4 52
75 1 88
75 109 60
75 182 13
75 123 13
75 197 1
75 216 38
75 83 13
75 144 51
75 174 26
75 48 28
75 117 89
75 73 89
75 81 25
75 199 32
75 39 75
75 218 1
75 127 13
75 87 19
75 22 9
75 204 70
75 34 94
75 138 13
75 176 63
75 37 2
75 161 11
75 139 46
75 252 10
75 92 38
75 253 59
75 181 34
75 194 49
75 171 7
75 152 40
75 53 46
75 125 55
75 168 12
75 175 8
1 52 63
1 178 82
1 12 34
1 188 52
1 203 3
1 235 42
1 99 90
1 122 63
1 249 93
1 240 40
1 165 64
1 113 40
1 170 53
1 245 8
1 66 7
1 236 35
1 162 86
1 247 86
1 153 86
1 148 35
1 4 31
1 125 9
1 90 29
1 87 32
1 200 37
1 32 57
1 173 27
1 214 85
1 44 9
1 2 40
1 28 82
1 73 75
1 141 93
188 48 53
188 36 100
188 238 3
188 163 5
188 114 49
188 113 90
188 176 4
188 260 40
188 234 53
188 29 56
188 43 64
188 79 90
188 148 85
188 136 39
188 246 76
188 236 14
188 126 8
188 170 100
188 263 52
188 133 15
188 205 34
188 146 84
188 116 54
188 129 62
188 125 47
188 30 10
188 127 79
188 154 82
188 98 72
188 140 72
188 100 14
48 262 11
48 153 75
48 137 12
48 252 63
48 111 78
48 235 75
48 16 54
48 3 40
48 270 86
48 106 93
48 59 57
48 92 89
48 269 24
48 7 87
48 81 99
48 6 4
48 57 16
48 237 76
48 4 75
48 214 96
48 245 37
48 52 75
48 193 94
48 124 26
48 233 32
48 56 2
48 202 2
48 239 47
48 205 23
48 146 4
48 90 44
48 142 22
48 152 57
166 22 90
166 2 13
166 203 81
166 170 10
166 55 11
166 83 65
166 193 26
166 185 92
166 200 73
166 174 43
166 129 100
166 137 16
166 23 61
166 213 20
166 37 71
166 197 92
166 99 45
166 152 7
166 178 42
166 70 31
166 247 17
166 93 74
166 201 61
166 135 1
166 110 61
166 233 14
166 53 10
166 116 11
166 238 6
166 182 72
166 38 8
166 128 4
166 199 99
22 96 100
22 99 78
22 26 37
22 270 83
22 210 13
22 91 12
22 202 16
22 178 65
22 123 86
22 269 47
22 56 69
22 129 75
22 66 24
22 47 20
22 203 1
22 81 48
22 164 35
22 140 94
22 197 2
22 135 50
22 24 12
22 250 6
22 260 40
22 176 5
22 17 15
22 157 96
22 223 20
22 222 46
22 90 91
22 82 42
22 131 97
22 100 5
22 266 16
22 87 67
120 242 86
120 193 80
120 239 98
120 225 16
120 135 11
120 110 26
120 202 34
120 16 7
120 236 80
120 250 19
120 174 12
120 105 52
120 34 61
120 123 83
120 136 34
120 55 5
120 185 54
120 260 41
120 212 94
120 150 7
120 148 5
120 214 59
120 117 77
120 181 86
120 269 87
62 171 73
62 91 8
62 199 40
62 128 13
62 63 72
62 153 6
62 181 68
62 175 32
62 23 71
62 258 9
62 96 58
62 56 19
62 38 40
62 262 83
62 28 47
62 243 1
62 118 45
62 146 20
62 245 76
62 144 53
62 53 99
62 269 39
62 214 58
62 110 25
62 114 18
62 131 80
62 86 7
62 4 100
62 236 21
62 164 59
62 183 21
62 225 26
62 85 27
62 213 39
62 218 55
62 89 53
62 152 2
62 29 87
62 150 96
171 102 36
171 263 94
171 199 52
171 150 35
171 174 10
171 228 53
171 33 42
171 17 26
171 261 12
171 232 1
171 145 67
171 213 32
171 29 9
171 51 79
171 237 35
171 40 61
171 140 50
171 161 40
171 18 53
171 81 53
171 87 94
171 253 80
171 142 1
171 86 98
171 176 67
171 147 19
171 26 18
171 118 62
171 110 35
171 61 100
171 136 68
171 71 89
171 138 8
171 31 72
171 134 79
171 64 59
171 201 78
135 93 89
135 270 18
135 44 50
135 233 50
135 205 23
135 157 64
135 224 5
135 173 43
135 66 17
135 216 51
135 53 68
135 142 99
135 38 11
135 208 68
135 141 32
135 234 16
135 183 65
135 16 18
135 148 13
135 87 26
135 3 54
135 153 85
135 242 50
135 246 66
135 121 13
135 204 63
135 162 34
93 161 74
93 246 3
93 23 78
93 59 70
93 266 69
93 28 82
93 239 60
93 141 37
93 100 89
93 118 42
93 117 10
93 139 51
93 245 76
93 224 65
93 210 35
93 220 14
93 83 47
93 148 83
93 54 50
93 165 22
93 47 48
93 98 40
93 128 93
93 76 64
93 61 53
93 94 3
93 262 52
93 40 70
93 133 81
93 53 17
93 32 96
93 121 77
93 225 1
93 31 33
93 19 71
93 178 67
59 252 15
59 137 9
59 153 45
59 123 100
59 84 25
59 163 73
59 237 15
59 216 51
59 92 51
59 43 6
59 33 25
59 4 92
59 154 14
59 213 39
59 54 95
59 91 60
59 258 46
59 71 84
59 114 54
59 157 3
59 41 60
59 173 89
59 270 12
59 87 91
59 70 22
59 47 8
59 247 93
59 183 10
59 236 76
59 81 93
59 138 43
59 170 34
59 111 71
59 201 4
59 148 55
252 47 41
252 261 47
252 98 14
252 212 22
252 85 4
252 242 17
252 130 31
252 164 23
252 221 69
252 142 72
252 205 90
252 144 47
252 40 72
252 140 10
252 12 87
252 141 16
252 54 77
252 167 69
252 147 86
252 125 49
252 225 52
252 203 77
252 18 91
252 197 20
252 91 65
252 266 51
252 29 30
252 6 31
252 55 49
252 38 13
252 249 1
252 240 29
252 31 20
252 89 10
252 94 3
252 189 14
252 26 21
260 242 97
260 136 72
260 176 25
260 41 21
260 128 1
260 218 73
260 165 26
260 70 24
260 16 38
260 28 41
260 179 35
260 17 55
260 164 43
260 235 25
260 3 87
260 87 98
260 146 89
260 200 27
260 100 3
260 249 54
260 246 5
260 199 32
260 148 63
260 9 46
260 18 23
260 178 87
260 37 88
260 44 73
260 238 70
260 207 60
193 111 67
193 84 7
193 40 11
193 202 29
193 194 15
193 92 8
193 192 27
193 199 70
193 185 2
193 167 50
193 204 39
193 86 35
193 106 36
193 157 37
193 128 6
193 39 94
193 208 43
193 28 8
193 210 46
193 225 53
193 134 100
193 239 3
193 259 58
193 250 92
193 137 62
193 38 52
193 100 83
193 4 18
193 36 3
193 249 55
193 146 42
193 258 68
193 26 59
193 161 48
193 270 10
193 94 66
111 246 90
111 105 43
111 150 45
111 261 50
111 56 47
111 263 59
111 176 10
111 163 11
111 126 50
111 118 93
111 24 22
111 86 17
111 92 58
111 38 75
111 78 74
111 253 92
111 33 69
111 134 65
111 55 83
111 205 37
111 170 49
111 146 92
111 129 67
242 56 49
242 170 4
242 168 66
242 223 19
242 137 59
242 199 29
242 154 92
242 24 55
242 51 86
242 261 33
242 114 49
242 245 59
242 70 44
242 136 83
242 66 70
242 18 43
242 218 58
242 44 94
242 43 26
242 121 34
242 249 30
242 141 14
242 175 32
242 237 82
242 47 67
242 222 77
242 173 13
139 228 37
139 142 24
139 174 65
139 89 60
139 88 76
139 150 60
139 70 45
139 154 81
139 117 74
139 82 75
139 136 92
139 53 13
139 247 98
139 152 94
139 213 54
139 157 93
139 4 36
139 16 10
139 102 58
139 201 57
139 40 34
139 78 32
139 94 10
139 235 3
139 51 57
228 125 38
228 202 14
228 113 74
228 128 39
228 100 97
228 83 1
228 2 11
228 90 30
228 235 10
228 127 15
228 240 14
228 84 98
228 82 86
228 165 3
228 233 56
228 133 85
228 39 49
228 157 63
228 65 11
228 223 57
228 86 57
228 73 75
228 253 95
228 130 2
228 71 39
228 179 9
228 85 36
228 234 79
228 117 90
228 176 4
228 31 91
131 173 67
131 232 66
131 38 42
131 145 28
131 116 70
131 41 38
131 269 36
131 84 14
131 194 98
131 234 69
131 83 63
131 162 89
131 247 92
131 134 17
131 224 50
131 263 52
131 148 23
131 36 1
131 258 13
131 30 48
131 47 52
131 192 84
131 16 3
131 86 17
131 6 47
131 213 17
131 199 56
131 51 39
131 210 84
131 110 35
131 208 83
131 147 84
131 64 8
173 18 54
173 192 66
173 165 94
173 12 21
173 55 1
173 53 77
173 205 2
173 17 17
173 220 89
173 83 42
173 84 12
173 51 95
173 106 13
173 30 90
173 39 61
173 121 88
173 41 24
173 118 10
173 37 9
173 179 57
173 238 1
173 246 63
173 100 92
173 126 87
173 85 96
173 116 14
173 261 21
173 86 65
173 181 16
173 28 47
173 194 79
173 124 87
16 71 84
16 41 36
16 204 19
16 174 35
16 40 77
16 227 26
16 94 48
16 212 86
16 176 73
16 161 77
16 152 71
16 65 24
16 31 67
16 102 49
16 66 9
16 118 94
16 243 78
16 238 4
16 85 15
16 221 71
16 183 60
16 30 6
16 81 21
16 236 4
16 261 60
16 76 26
16 157 74
16 105 68
71 182 31
71 202 51
71 4 46
71 34 6
71 109 23
71 65 71
71 167 61
71 237 45
71 18 80
71 106 85
71 199 18
71 23 78
71 125 76
71 157 68
71 253 12
71 213 73
71 78 21
71 28 42
71 129 34
71 44 89
71 223 82
71 94 24
71 64 66
71 39 1
71 179 30
71 73 41
213 269 44
213 237 43
213 270 24
213 90 44
213 194 28
213 124 59
213 145 54
213 138 64
213 28 30
213 76 9
213 6 15
213 23 74
213 153 12
213 225 72
213 34 89
213 17 6
213 258 55
213 24 14
213 70 1
213 141 56
213 44 96
213 183 100
213 233 78
213 249 90
213 263 85
213 19 35
213 144 91
213 239 62
213 91 62
213 221 52
213 41 14
213 64 85
213 216 74
213 207 14
213 3 79
213 110 35
213 212 38
213 99 34
269 232 60
269 85 46
269 146 5
269 218 54
269 96 58
269 182 69
269 24 44
269 78 82
269 6 63
269 61 80
269 99 10
269 201 41
269 37 46
269 233 72
269 109 33
269 43 36
269 224 34
269 261 37
269 133 71
269 53 29
269 145 57
269 90 82
269 114 49
269 170 81
269 270 53
269 203 25
269 91 68
269 51 42
269 258 91
269 250 5
269 140 93
269 199 81
269 34 81
269 208 40
243 30 85
243 90 27
243 91 79
243 17 64
243 126 93
243 81 80
243 19 14
243 106 44
243 56 100
243 32 74
243 266 7
243 47 25
243 118 22
243 262 24
243 127 8
243 201 57
243 259 13
243 2 26
243 100 70
243 235 55
243 189 66
243 7 31
243 61 23
243 161 52
243 34 38
243 137 87
165 44 49
165 90 52
165 237 1
165 201 38
165 39 71
165 116 68
165 9 54
165 124 17
165 197 34
165 218 58
165 84 5
165 258 13
165 65 69
165 70 85
165 38 95
165 200 54
165 30 36
165 99 7
165 6 13
165 76 87
165 148 31
34 92 61
34 110 59
34 67 71
34 208 76
34 109 16
34 85 8
34 94 82
34 53 93
34 19 62
34 78 84
34 176 48
34 43 78
34 57 72
34 168 57
34 31 15
34 216 22
34 54 18
102 143 55
102 51 93
102 26 21
102 138 32
102 39 54
102 253 81
102 36 95
102 121 11
102 141 9
102 249 74
102 245 79
102 91 35
102 123 93
102 41 41
102 23 58
102 38 9
102 240 45
102 170 34
102 147 39
102 136 19
102 145 13
102 100 25
102 154 70
102 223 99
102 250 3
102 218 96
102 79 98
102 84 54
102 137 9
102 54 15
102 53 7
102 82 97
102 157 87
102 128 43
102 204 25
102 87 49
102 37 55
102 17 26
102 207 94
102 192 22
102 153 14
102 185 91
102 94 55
102 246 32
143 225 43
143 121 56
143 220 66
143 83 62
143 38 73
143 189 52
143 162 77
143 124 87
143 174 1
143 221 9
143 137 69
143 238 98
143 54 66
143 65 1
143 78 90
143 146 74
143 147 48
143 37 91
143 6 61
143 134 62
143 114 96
143 92 72
143 19 82
143 82 45
143 212 22
143 245 21
143 87 24
143 64 83
143 117 87
143 237 64
143 178 62
91 266 44
91 52 14
91 167 95
91 194 92
91 154 64
91 214 30
91 96 84
91 66 57
91 146 92
91 67 30
91 31 25
91 174 94
91 137 17
91 175 28
91 76 87
91 82 87
91 249 78
91 63 16
91 28 6
91 238 4
91 236 80
91 234 43
91 179 16
91 176 38
91 9 79
91 56 58
91 147 50
91 170 46
91 47 96
91 261 95
91 2 27
91 61 58
91 73 39
109 150 72
109 253 33
109 258 87
109 138 91
109 89 52
109 214 44
109 88 98
109 130 30
109 65 7
109 182 56
109 129 61
109 110 7
109 137 62
109 7 93
109 225 8
109 70 34
109 37 27
109 170 46
109 220 44
109 87 38
109 117 35
109 63 66
109 82 19
109 83 13
109 128 58
109 79 10
109 122 43
109 33 17
225 144 18
225 66 47
225 235 34
225 3 5
225 222 54
225 227 48
225 239 42
225 127 77
225 138 60
225 40 47
225 148 39
225 150 45
225 234 7
225 57 42
225 63 96
225 154 58
225 17 79
225 129 53
225 41 26
225 178 12
225 99 61
225 204 80
225 205 19
225 37 24
225 90 85
225 4 58
225 152 35
225 168 93
86 32 61
86 130 12
86 227 62
86 61 95
86 82 16
86 24 71
86 126 57
86 67 9
86 220 92
86 79 92
86 90 14
86 205 99
86 70 5
86 170 5
86 145 96
86 116 44
86 142 48
86 202 25
86 114 59
86 137 32
86 234 87
86 31 68
86 245 7
86 178 91
86 141 99
86 153 69
86 199 12
86 64 19
86 207 26
86 78 85
86 236 92
86 28 68
86 147 55
250 130 56
250 121 54
250 7 84
250 67 89
250 124 72
250 153 94
250 92 51
250 218 95
250 70 7
250 110 92
250 94 70
250 56 24
250 53 32
250 118 31
250 17 14
250 79 51
250 145 23
250 174 52
250 192 74
250 233 57
250 183 96
250 78 9
250 205 71
250 138 37
250 98 52
250 3 100
250 136 39
250 125 19
250 212 18
250 262 51
250 175 47
250 263 80
250 142 22
250 246 69
250 114 100
250 36 6
250 12 8
250 146 78
130 232 86
130 179 45
130 221 35
130 189 35
130 19 21
130 148 92
130 245 75
130 137 17
130 183 71
130 114 56
130 227 47
130 224 13
130 7 86
130 73 42
130 138 83
130 70 89
130 9 95
130 6 46
130 117 52
130 154 88
130 33 94
130 89 26
130 214 20
130 92 8
130 249 96
130 235 32
130 123 13
130 200 92
130 32 32
130 57 4
130 66 93
130 81 25
163 18 86
163 222 82
163 236 89
163 9 17
163 150 60
163 85 26
163 152 86
163 161 28
163 38 33
163 164 77
163 98 60
163 181 3
163 99 12
163 41 63
163 179 96
163 216 100
163 52 65
163 170 88
163 54 13
163 122 76
163 89 8
163 30 15
163 53 99
163 145 29
163 133 12
163 189 86
163 76 71
163 259 74
163 245 78
163 82 36
163 6 93
236 73 30
236 47 59
236 41 9
236 92 72
236 127 18
236 37 78
236 23 71
236 52 20
236 138 46
236 189 84
236 100 8
236 170 87
236 3 21
236 246 1
236 54 25
236 216 62
236 157 59
236 218 74
236 36 100
236 223 43
236 66 66
236 147 94
236 168 53
236 233 53
236 202 65
236 140 34
236 253 82
236 63 12
236 96 45
236 32 62
236 237 14
236 87 93
236 137 32
73 185 67
73 249 41
73 189 27
73 39 19
73 207 99
73 134 5
73 113 42
73 142 56
73 232 45
73 126 25
73 218 89
73 83 3
73 205 43
73 105 93
73 162 90
73 38 23
73 170 2
73 147 82
167 202 10
167 150 47
167 201 67
167 240 89
167 29 79
167 253 27
167 170 92
167 233 56
167 125 92
167 70 1
167 140 73
167 23 57
167 199 37
167 100 78
167 43 59
167 212 67
167 82 84
167 123 37
167 164 48
167 181 20
167 246 94
167 56 58
167 205 18
167 4 19
167 263 70
167 52 61
167 76 40
37 82 45
37 222 23
37 140 99
37 31 57
37 258 1
37 145 86
37 81 83
37 129 1
37 99 17
37 245 81
37 207 80
37 154 62
37 32 36
37 157 95
37 116 51
37 17 98
37 106 86
37 83 21
37 174 48
37 84 71
37 6 73
37 33 86
37 88 84
37 53 83
37 110 78
82 141 48
82 133 55
82 9 10
82 3 25
82 235 42
82 33 38
82 41 82
82 162 77
82 146 90
82 44 17
82 259 84
82 208 57
82 270 26
82 38 7
82 24 2
82 212 85
82 161 62
82 234 29
82 126 65
82 205 54
82 147 20
82 31 87
82 140 93
30 201 51
30 79 81
30 214 14
30 227 89
30 47 32
30 218 38
30 194 47
30 44 53
30 232 76
30 258 32
30 66 13
30 246 79
30 185 98
30 134 90
30 133 11
30 238 11
30 38 59
30 136 5
30 220 68
30 150 55
30 90 94
30 208 61
30 145 49
30 182 83
30 203 71
30 178 27
30 18 42
235 106 96
235 117 7
235 183 39
235 175 86
235 181 100
235 168 84
235 174 21
235 138 45
235 52 18
235 161 11
235 26 17
235 224 43
235 47 26
235 92 95
235 65 57
235 123 44
235 227 48
235 199 11
235 39 40
235 253 8
235 164 30
235 201 32
235 38 41
235 133 86
235 96 82
235 141 62
235 202 19
235 81 63
235 44 30
235 262 3
235 266 32
235 36 92
223 247 83
223 124 83
223 253 2
223 81 35
223 192 50
223 234 16
223 134 62
223 76 98
223 138 95
223 36 77
223 121 17
223 152 27
223 176 38
223 174 76
223 178 66
223 41 47
223 216 7
223 118 71
223 270 12
223 208 7
223 26 27
223 233 92
223 56 89
223 7 23
223 6 14
223 224 94
84 70 99
84 57 75
84 189 31
84 162 60
84 110 65
84 247 10
84 53 77
84 106 84
84 116 96
84 128 1
84 175 41
84 197 13
84 31 95
84 40 75
84 76 30
84 124 65
84 66 12
84 164 92
84 55 50
179 39 16
179 138 83
179 233 13
179 263 14
179 51 97
179 117 97
179 258 42
179 212 34
179 137 58
179 53 5
179 4 69
179 81 33
179 96 53
179 168 76
179 216 66
179 29 56
179 237 20
179 164 65
179 266 88
179 32 57
179 122 85
179 194 51
179 63 20
179 36 39
179 259 42
179 202 68
179 154 17
179 100 57
179 55 45
19 203 55
19 128 25
19 153 33
19 110 44
19 53 48
19 2 93
19 136 7
19 207 52
19 150 41
19 176 90
19 204 19
19 51 48
19 9 68
19 125 99
19 99 55
19 134 29
19 121 37
19 178 95
19 170 86
19 175 83
19 227 36
19 212 38
19 237 82
19 70 16
19 142 24
19 57 59
19 222 20
19 61 87
19 41 2
19 220 72
19 216 8
47 106 42
47 66 19
47 79 99
47 33 48
47 113 42
47 78 99
47 221 43
47 175 1
47 127 26
47 17 34
47 207 67
47 194 75
47 29 79
47 94 33
47 234 84
47 220 37
47 176 32
47 26 68
47 152 1
47 253 22
47 3 24
47 81 68
47 98 68
47 7 73
47 116 50
47 216 9
47 224 44
47 4 4
47 61 23
47 239 99
47 125 5
47 202 12
47 54 62
47 141 98
47 87 62
182 212 52
182 23 15
182 29 20
182 181 16
182 129 73
182 123 78
182 221 73
182 270 89
182 227 1
182 66 1
182 208 55
182 18 67
182 175 11
182 189 70
182 2 73
182 87 15
182 17 43
182 33 69
182 262 80
182 118 35
182 57 81
182 266 15
182 65 17
205 146 66
205 176 78
205 203 83
205 141 47
205 204 75
205 175 11
205 221 8
205 55 64
205 26 30
205 2 71
205 126 18
205 114 73
205 224 32
205 125 2
205 122 88
205 53 50
205 9 35
205 140 29
205 157 50
205 263 8
205 253 44
205 148 19
205 134 50
205 67 40
41 56 92
41 199 13
41 123 18
41 202 84
41 234 2
41 50 82
41 125 81
41 263 62
41 99 10
41 57 32
41 24 34
41 51 99
41 78 95
41 9 32
41 220 58
41 134 45
41 232 34
41 116 82
41 67 58
41 154 72
41 233 62
41 79 60
41 221 11
92 200 54
92 129 12
92 263 37
92 123 57
92 29 44
92 270 26
92 55 41
92 125 57
92 26 74
92 183 69
92 176 80
92 145 71
92 162 75
92 118 95
92 100 71
92 197 70
92 65 34
92 23 76
92 17 42
92 237 87
92 63 92
92 232 29
92 249 86
92 98 76
92 39 99
92 224 31
92 168 83
92 221 95
121 203 82
121 164 47
121 189 44
121 127 41
121 99 3
121 145 68
121 232 72
121 124 71
121 96 51
121 197 50
121 261 12
121 32 26
121 85 51
121 266 81
121 238 7
121 153 58
121 218 66
121 36 97
121 224 63
121 216 59
121 154 9
121 54 13
121 78 16
121 52 22
121 61 35
121 185 100
121 210 99
203 138 9
203 147 69
203 150 10
203 126 99
203 240 51
203 105 38
203 253 83
203 4 7
203 200 92
203 87 20
203 28 91
203 79 18
203 218 61
203 153 86
203 263 89
203 122 12
203 3 4
203 239 38
203 189 31
203 142 91
203 258 42
203 98 34
203 140 100
85 70 40
85 122 69
85 29 14
85 78 13
85 178 56
85 64 92
85 106 97
85 224 30
85 183 78
85 28 61
85 79 63
85 23 52
85 245 15
85 66 84
85 98 55
85 105 20
85 61 37
85 118 53
85 67 19
85 263 26
85 125 56
85 7 95
85 51 35
85 52 34
85 136 50
85 57 99
85 63 45
85 238 92
85 126 6
85 174 14
85 113 22
85 6 96
98 123 61
98 83 93
98 76 60
98 253 78
98 137 90
98 146 19
98 44 59
98 199 42
98 78 78
98 208 16
98 31 58
98 220 68
98 7 91
98 24 10
98 51 35
98 116 66
98 23 90
98 40 41
98 181 19
98 12 10
98 152 97
98 106 98
98 122 13
98 154 77
98 134 66
98 114 68
98 218 67
98 64 14
98 28 82
98 183 5
98 53 26
98 210 31
145 31 66
145 129 7
145 32 21
145 110 68
145 153 64
145 53 32
145 29 70
145 140 66
145 26 39
145 28 22
145 154 2
145 168 11
145 33 4
145 212 48
145 117 73
145 43 98
145 57 99
145 17 66
145 175 37
145 216 87
145 178 9
153 136 93
153 144 72
153 224 69
153 61 29
153 202 57
153 56 22
153 164 97
153 222 1
153 2 91
153 124 90
153 7 1
153 78 37
153 39 62
153 259 28
153 200 96
153 18 37
153 23 58
153 54 12
153 157 81
153 105 23
153 204 38
153 100 58
153 40 19
153 6 88
153 64 53
153 81 34
245 99 15
245 18 80
245 100 66
245 141 25
245 116 77
245 9 59
245 246 83
245 55 12
245 76 34
245 94 39
245 216 18
245 78 31
245 259 86
245 174 46
245 201 8
245 123 31
245 56 27
245 175 52
245 183 73
245 210 97
99 127 76
99 63 30
99 164 64
99 90 83
99 247 41
99 126 71
99 117 95
99 61 22
99 237 71
99 234 32
99 32 55
99 175 40
99 214 18
99 246 73
99 270 79
99 88 94
99 78 9
99 258 45
99 207 46
99 262 67
99 52 94
99 199 91
99 168 39
99 136 55
99 39 75
201 218 88
201 134 52
201 127 83
201 202 16
201 125 96
201 208 72
201 90 61
201 261 21
201 154 100
201 53 93
201 17 20
201 7 76
201 147 29
201 240 60
201 23 96
201 28 60
201 36 96
201 194 46
201 26 42
201 54 4
201 116 55
201 249 78
201 146 38
51 118 70
51 142 91
51 259 90
51 220 67
51 3 5
51 83 92
51 181 18
51 122 38
51 199 30
51 246 71
51 168 86
51 144 12
51 148 1
51 38 30
51 53 23
51 23 58
51 247 71
51 67 12
51 138 64
106 43 66
106 67 46
106 118 19
106 89 76
106 83 31
106 28 93
106 66 54
106 54 37
106 126 22
106 90 5
106 192 77
106 18 53
106 181 76
106 234 22
106 137 46
106 210 44
106 24 86
106 146 88
106 138 57
106 239 48
106 76 48
106 204 3
106 238 9
106 147 45
106 233 19
65 204 58
65 134 20
65 189 86
65 88 78
65 249 52
65 192 83
65 40 40
65 162 52
65 142 67
65 129 37
65 154 26
65 29 87
65 175 76
65 208 80
65 26 10
65 125 41
65 50 25
65 7 73
65 128 27
65 24 12
65 232 50
65 38 66
65 194 85
65 43 68
65 110 32
204 56 30
204 246 91
204 164 55
204 147 9
204 238 31
204 12 76
204 214 82
204 154 87
204 137 37
204 197 23
204 138 29
204 113 55
204 118 32
204 162 95
204 52 7
204 157 86
204 249 77
204 232 81
204 142 22
204 87 42
204 183 77
142 4 91
142 28 16
142 261 43
142 126 64
142 232 15
142 17 29
142 216 64
142 7 47
142 26 7
142 133 15
142 181 27
142 114 87
142 122 35
142 146 35
142 78 61
142 90 82
142 154 29
142 140 84
142 239 50
142 147 46
142 128 81
142 31 46
142 40 99
142 227 68
142 134 45
142 6 93
142 125 13
142 24 3
142 237 92
142 117 63
142 113 85
123 176 33
123 237 7
123 199 15
123 147 57
123 233 5
123 110 41
123 66 65
123 194 69
123 105 99
123 39 83
123 118 43
123 141 77
123 43 57
123 178 23
123 23 60
123 55 4
123 4 62
123 150 45
123 168 34
123 170 93
123 221 22
123 258 24
176 116 13
176 90 53
176 2 1
176 114 53
176 40 92
176 33 74
176 238 9
176 270 81
176 52 9
176 12 41
176 164 12
176 23 64
176 129 45
176 237 92
176 66 99
176 157 40
176 141 73
176 67 86
176 210 25
176 26 52
176 89 46
210 137 48
210 199 8
210 87 23
210 214 17
210 127 42
210 157 84
210 141 22
210 76 95
210 146 78
210 240 85
210 253 23
210 202 100
210 224 46
210 2 42
210 32 86
210 28 39
210 246 28
210 263 31
210 118 48
210 94 42
210 78 40
210 110 44
210 178 96
28 222 57
28 247 79
28 216 42
28 224 73
28 43 81
28 70 10
28 148 88
28 12 11
28 152 92
28 33 67
28 207 49
28 40 53
28 240 43
28 124 36
28 189 67
28 38 41
28 266 96
28 128 26
239 126 72
239 194 46
239 81 81
239 150 44
239 53 19
239 118 58
239 125 60
239 263 20
239 116 46
239 261 58
239 29 10
239 100 81
239 36 14
239 113 46
239 234 51
239 87 90
239 70 4
239 199 10
239 23 85
239 181 35
239 43 74
239 246 51
212 33 93
212 113 31
212 94 28
212 138 4
212 216 75
212 146 35
212 88 32
212 154 33
212 181 80
212 31 52
212 63 99
212 32 90
212 161 53
212 39 19
212 87 50
212 214 35
212 246 54
212 208 78
212 61 3
212 220 88
212 114 36
222 128 32
222 258 37
222 200 81
222 194 62
222 24 12
222 76 94
222 6 36
222 12 59
222 31 54
222 4 6
222 9 27
222 125 55
222 227 75
222 253 25
222 164 78
222 87 15
222 220 84
222 189 19
222 17 69
222 202 74
222 116 43
222 216 10
185 17 67
185 110 34
185 67 5
185 29 61
185 2 36
185 24 84
185 181 80
185 253 38
185 202 59
185 44 23
185 246 68
185 7 39
185 150 36
185 178 85
185 144 66
185 266 93
185 259 87
185 36 16
185 261 89
185 55 74
185 270 80
218 117 15
218 224 62
218 164 62
218 56 95
218 178 34
218 81 30
218 114 83
218 234 50
218 50 79
218 79 80
218 126 48
218 170 34
218 140 57
218 43 87
218 52 90
218 233 86
218 124 26
218 64 36
218 40 23
218 12 10
218 70 60
218 246 83
218 113 3
218 148 15
218 263 17
128 164 98
128 26 65
128 54 61
128 39 80
128 183 72
128 6 96
128 124 32
128 227 92
128 216 54
128 148 14
128 138 71
128 247 38
128 114 84
128 144 44
128 246 63
128 61 18
128 125 18
128 66 78
128 29 18
128 70 22
56 6 3
56 26 97
56 18 95
56 43 90
56 238 32
56 157 49
56 154 86
56 133 95
56 140 89
56 78 61
56 89 16
56 161 15
56 192 9
56 194 96
56 174 64
56 125 64
56 148 67
56 232 2
56 164 3
56 234 82
56 94 4
56 137 16
56 54 40
56 9 4
56 129 81
56 32 25
221 137 9
221 146 94
221 50 91
221 54 47
221 214 23
221 96 47
221 178 14
221 7 16
221 17 51
221 227 62
221 259 83
221 4 6
221 183 38
221 157 94
221 110 30
221 232 61
221 249 66
221 141 28
221 199 25
221 202 93
70 127 86
70 63 92
70 129 79
70 220 28
70 141 99
70 79 77
70 134 20
70 157 60
70 266 74
70 200 45
70 89 44
70 124 68
70 170 40
70 261 2
70 6 35
70 66 64
70 164 17
70 83 2
70 50 44
70 148 78
70 38 27
232 110 27
232 157 71
232 114 8
232 17 87
232 24 1
232 154 94
232 214 68
232 117 17
232 266 69
232 122 27
232 253 15
232 79 7
232 152 87
232 36 78
232 2 62
232 50 62
232 220 6
232 181 58
232 26 74
232 194 81
214 18 17
214 76 88
214 220 86
214 174 72
214 216 23
214 178 19
214 53 91
214 136 60
214 78 54
214 192 70
214 17 52
214 54 48
214 138 92
214 96 52
214 152 54
214 105 75
214 224 71
214 43 72
214 263 37
214 233 26
214 61 8
214 44 100
214 50 85
214 63 48
18 174 20
18 200 61
18 100 29
18 63 99
18 3 78
18 253 63
18 57 94
18 7 23
18 83 22
18 44 64
18 259 79
18 2 69
18 78 10
18 40 11
18 249 17
18 122 67
18 183 72
18 124 49
18 148 85
18 61 82
18 247 14
147 94 57
147 40 36
147 136 20
147 238 24
147 174 7
147 192 75
147 2 19
147 168 59
147 26 82
147 12 6
147 133 77
147 207 70
147 90 4
94 36 28
94 238 35
94 270 17
94 44 43
94 116 92
94 183 17
94 38 12
94 138 4
94 50 37
94 3 38
94 154 51
94 263 90
94 64 63
94 63 12
94 7 13
94 240 99
94 174 18
94 134 8
94 125 93
94 148 7
94 79 1
200 263 17
200 17 9
200 38 2
200 64 47
200 127 62
200 44 75
200 6 29
200 126 6
200 174 11
200 129 76
200 3 71
200 122 61
200 249 86
200 53 82
200 194 2
200 100 88
200 157 82
200 261 71
200 181 12
200 33 64
200 266 71
200 262 10
200 12 6
263 154 13
263 270 99
263 224 66
263 137 94
263 157 34
263 233 32
263 110 10
263 17 13
263 261 75
263 126 25
263 178 53
263 208 63
263 96 44
263 234 48
263 9 28
162 50 68
162 144 43
162 63 31
162 116 63
162 44 23
162 4 23
162 233 1
162 134 43
162 170 18
162 175 85
162 66 71
162 154 4
162 52 78
162 266 55
162 168 9
262 4 14
262 31 20
262 83 2
262 12 99
262 3 4
262 194 83
262 81 49
262 38 34
262 79 100
262 183 66
262 117 84
262 6 84
262 199 45
262 29 4
262 89 47
262 100 31
114 36 13
114 259 66
114 266 38
114 220 96
114 157 95
114 57 69
114 63 98
114 126 35
114 23 11
114 66 1
114 258 44
114 26 15
114 138 91
114 246 79
114 39 80
114 105 25
114 249 61
114 110 37
114 24 58
114 52 91
114 270 52
36 138 71
36 175 71
36 141 58
36 220 2
36 12 53
36 261 73
36 54 93
36 67 10
36 207 44
36 110 73
36 181 100
36 174 49
36 118 9
36 258 15
138 154 56
138 133 45
138 116 41
138 7 63
138 31 70
138 178 27
138 6 41
138 246 32
138 150 95
138 146 85
138 194 71
138 208 89
138 127 23
138 2 94
138 141 53
138 66 25
17 39 81
17 189 93
17 234 70
17 6 76
17 238 2
17 78 78
17 207 98
17 197 73
17 2 46
17 233 90
17 237 54
17 146 16
17 12 62
17 133 55
17 258 86
17 152 24
17 4 81
39 89 88
39 170 66
39 76 20
39 141 70
39 152 81
39 117 22
39 7 96
39 270 66
39 247 65
39 150 47
39 137 45
39 24 60
39 32 89
39 144 57
39 207 42
39 12 7
39 53 24
39 266 76
39 175 93
39 105 66
39 174 96
146 178 94
146 3 59
146 137 94
146 174 20
146 116 29
146 150 25
146 208 2
146 175 49
146 246 27
146 220 98
146 87 64
146 44 96
146 63 26
146 253 71
146 192 84
146 24 98
146 168 23
178 127 18
178 126 81
178 125 82
178 224 9
178 110 2
178 67 90
178 63 75
178 170 85
178 4 65
178 237 59
178 124 15
178 64 99
178 168 14
178 258 12
178 192 93
178 89 4
178 144 56
178 3 9
178 249 15
23 61 67
23 79 48
23 129 29
23 4 5
23 134 61
23 63 68
23 266 98
23 110 79
23 32 91
23 253 15
23 118 91
23 249 56
23 137 58
23 81 30
23 238 23
23 161 46
23 234 85
23 52 70
270 88 71
270 26 61
270 202 59
270 124 62
270 126 29
270 38 87
270 161 60
270 54 56
270 266 17
270 168 76
270 55 32
270 259 55
270 208 23
270 24 37
270 170 38
270 43 62
270 240 28
270 199 42
270 113 34
88 61 72
88 29 59
88 4 22
88 90 23
88 161 24
88 136 3
88 122 14
88 137 3
88 9 18
88 12 84
88 32 74
88 249 78
88 55 89
88 129 22
88 57 11
88 53 86
88 189 13
88 199 58
88 6 9
88 89 68
164 233 43
164 33 55
164 175 88
164 154 99
164 224 96
164 7 57
164 3 64
164 247 94
164 197 32
164 125 89
164 161 39
164 207 23
164 54 13
164 148 5
164 189 84
96 253 82
96 161 49
96 227 3
96 33 63
96 124 43
96 137 15
96 247 4
96 26 41
96 207 73
96 38 61
96 237 7
96 129 47
96 116 15
96 266 3
96 249 44
96 32 82
96 43 97
96 44 56
181 12 42
181 150 49
181 105 74
181 55 85
181 66 54
181 26 24
181 133 90
181 117 6
181 224 68
181 32 92
181 140 12
181 253 11
181 81 12
181 125 27
181 44 97
181 52 69
181 67 15
181 126 79
181 220 2
181 79 99
181 43 53
125 258 15
125 233 1
125 124 19
125 259 24
125 67 78
125 140 36
125 150 61
125 76 30
125 118 38
125 100 89
125 227 16
125 261 3
125 202 45
125 249 90
125 253 68
125 38 13
125 90 88
125 122 74
125 6 21
24 44 49
24 170 99
24 40 13
24 12 67
24 137 63
24 113 80
24 247 34
24 197 19
24 175 1
24 66 88
24 87 54
24 150 19
24 33 19
24 189 16
24 79 20
24 38 10
44 127 90
44 259 10
44 140 76
44 234 90
44 194 76
44 78 9
44 220 59
44 76 4
44 105 51
44 55 91
44 175 99
44 118 97
44 31 93
44 66 3
44 32 94
44 33 39
44 67 86
44 52 93
44 141 53
44 202 43
44 6 7
44 133 53
44 192 56
44 150 95
89 57 1
89 199 24
89 237 1
89 148 78
89 238 28
89 127 1
89 134 95
89 43 8
89 161 14
89 258 35
89 4 54
89 116 80
89 105 53
89 220 42
9 224 20
9 38 58
9 247 29
9 40 37
9 105 50
9 129 63
9 124 56
9 134 72
9 87 67
9 55 60
9 183 90
9 53 23
9 197 36
9 32 75
9 57 74
31 202 89
31 237 75
31 117 80
31 54 19
31 87 84
31 100 34
31 216 1
31 249 3
31 113 34
31 38 24
31 258 72
31 79 1
31 233 9
31 192 14
31 266 64
31 140 44
31 137 70
31 175 67
31 168 80
31 150 41
31 52 91
31 78 74
31 83 26
79 117 51
79 81 1
79 43 86
79 227 64
79 38 38
79 220 84
79 33 17
79 216 74
79 57 79
79 63 78
79 154 52
79 161 48
124 133 20
124 154 55
124 216 15
124 81 76
124 52 81
124 152 44
124 134 22
124 208 61
124 148 89
124 199 15
124 183 20
124 175 76
124 127 12
124 2 77
76 64 18
76 199 83
76 170 57
76 81 98
76 202 48
76 2 68
76 266 68
76 183 70
76 52 81
76 105 27
76 261 87
76 150 8
76 136 41
76 55 73
76 253 60
76 197 45
76 78 18
12 133 28
12 40 58
12 240 12
12 144 25
12 197 88
12 118 7
12 161 43
12 33 73
12 183 97
12 175 40
202 247 76
202 148 97
202 253 68
202 52 44
202 168 41
202 29 17
202 33 5
202 208 37
202 133 63
202 40 30
202 110 50
220 66 57
220 100 100
220 52 54
220 136 29
220 157 20
220 83 91
220 259 9
220 116 95
220 50 33
220 26 28
220 148 55
220 78 20
227 67 46
227 7 53
227 240 84
227 247 72
227 152 47
227 183 76
227 161 7
227 122 42
227 249 9
227 113 36
168 192 89
168 216 71
168 116 27
168 32 89
168 237 15
168 81 70
168 154 99
168 170 69
168 87 71
168 233 56
168 53 99
168 175 83
207 122 62
207 144 36
207 194 34
207 113 84
207 199 20
207 148 85
207 129 93
207 261 81
207 170 64
207 259 25
207 110 27
207 233 21
207 183 55
207 50 87
122 127 81
122 43 23
122 52 22
122 224 50
122 50 71
122 144 14
122 238 96
122 148 29
122 253 61
122 83 40
122 133 83
122 116 98
122 233 89
122 157 79
122 134 95
122 126 10
122 57 98
4 152 33
4 105 34
4 6 25
4 129 76
4 54 47
4 189 35
4 216 96
4 113 15
4 233 14
4 175 48
4 261 21
4 199 77
4 157 88
134 175 6
134 87 41
134 216 46
134 141 29
134 150 78
134 174 18
134 136 62
134 266 41
134 90 25
134 246 51
134 129 76
134 161 93
134 40 69
174 266 14
174 183 68
174 259 94
174 118 28
174 52 54
174 238 83
174 189 43
174 154 94
174 50 67
174 26 54
174 61 6
174 150 49
174 53 82
174 7 96
38 259 44
38 66 53
38 64 94
38 140 31
38 234 4
38 208 75
38 233 78
38 50 97
38 194 27
38 129 93
38 136 13
38 148 60
38 240 32
38 175 21
38 247 10
38 87 64
38 117 85
38 29 20
32 237 49
32 26 35
32 67 43
32 129 4
32 240 82
32 234 72
32 118 3
32 53 82
32 81 44
32 161 1
32 197 77
32 261 49
32 57 82
3 249 93
3 197 7
3 29 44
3 161 94
3 2 56
3 52 96
3 90 23
3 61 58
3 194 71
247 261 22
247 78 71
247 83 81
247 29 43
247 117 36
247 183 61
247 148 44
247 175 62
247 136 16
247 266 47
247 57 36
247 197 6
247 154 7
247 26 63
246 133 29
246 83 77
246 43 98
246 234 47
246 110 98
246 192 75
246 57 85
246 127 28
246 26 23
246 61 85
246 152 47
246 253 36
246 33 15
246 261 94
246 81 24
246 117 87
258 266 67
258 253 24
258 33 54
258 141 26
258 67 26
258 261 73
258 259 44
258 137 7
258 54 45
258 2 10
258 127 31
258 57 20
258 148 4
258 126 69
237 127 53
237 129 17
237 83 87
237 133 47
237 208 62
237 238 93
237 64 73
237 40 8
237 141 37
237 136 44
237 233 30
237 126 2
237 194 46
237 54 46
67 137 70
67 66 56
67 233 45
67 150 78
67 126 15
67 129 63
67 100 20
67 50 72
67 53 18
67 140 34
67 192 19
67 127 65
137 249 6
137 54 74
137 100 51
137 148 7
137 87 76
137 141 20
137 126 87
137 170 86
137 110 73
137 194 98
253 154 93
253 87 72
253 183 54
253 197 43
253 6 88
253 140 62
253 29 39
83 224 84
83 7 24
83 53 41
83 78 96
83 66 66
83 261 10
83 43 98
83 183 97
83 129 58
150 261 27
150 136 34
150 113 70
150 144 77
150 55 69
150 100 57
150 81 39
150 116 40
150 40 80
150 189 37
208 78 28
208 50 2
208 6 39
208 117 28
208 189 33
208 240 7
208 261 100
208 116 91
208 238 67
208 133 8
208 136 52
208 57 30
208 105 39
117 64 12
117 52 64
117 133 12
117 136 5
117 154 64
117 233 43
117 66 66
64 55 49
64 105 61
64 199 1
64 81 8
64 197 19
64 110 79
64 133 13
64 216 35
64 175 77
64 157 31
105 140 31
105 110 15
105 52 40
105 148 16
105 141 23
105 261 35
105 113 88
105 78 77
105 175 10
105 259 59
105 126 58
240 110 10
240 216 52
240 29 22
240 233 20
240 50 42
240 170 98
240 140 57
240 249 92
240 113 81
240 81 7
240 54 71
240 7 77
240 197 72
266 170 47
266 6 34
266 144 21
266 29 31
266 136 3
266 140 79
266 113 58
266 90 11
266 66 74
266 43 34
266 50 22
266 55 75
266 161 58
266 61 7
266 259 22
154 148 91
154 133 56
154 194 24
154 40 68
154 78 82
216 116 5
216 175 61
216 52 79
216 224 60
216 50 48
216 87 88
216 81 33
216 249 42
110 234 100
110 224 47
110 161 58
110 50 31
110 126 25
110 199 20
110 26 39
234 33 80
234 118 93
234 2 39
234 133 26
234 63 51
234 183 1
238 78 27
238 66 95
238 26 88
238 53 10
238 29 86
238 157 11
238 40 33
238 133 39
238 90 83
238 113 68
238 259 24
238 43 55
238 140 20
2 81 60
2 136 41
2 140 29
2 183 42
2 127 89
2 170 100
2 54 14
148 40 65
148 127 34
148 43 42
148 52 80
148 90 13
148 152 41
148 157 89
148 249 65
29 100 31
29 189 95
29 54 12
29 116 20
29 141 64
29 194 91
29 43 56
29 50 4
175 127 50
175 50 8
175 129 67
175 43 44
175 194 57
175 66 97
175 26 2
116 140 15
116 43 18
116 78 31
116 259 57
116 26 42
116 144 70
116 7 7
116 61 100
116 157 83
116 152 68
116 233 2
127 133 84
127 129 98
127 140 27
127 50 20
127 249 1
259 224 33
259 118 5
259 161 50
259 136 87
259 170 9
259 144 37
259 183 57
259 233 23
224 6 86
224 7 53
224 133 37
224 192 81
224 113 65
224 26 48
224 61 39
224 261 40
224 197 69
224 50 68
224 170 3
224 129 52
189 90 33
189 141 41
189 152 37
189 199 54
189 197 43
189 100 22
189 53 52
189 170 36
189 140 22
189 43 79
189 81 26
233 249 89
233 261 6
233 87 95
233 52 78
233 170 40
233 152 40
233 144 80
141 192 23
141 6 87
141 55 94
141 52 92
141 133 57
261 50 12
261 43 24
261 26 88
261 129 81
261 113 73
261 140 85
261 6 81
261 90 59
261 126 13
261 53 99
90 66 16
90 129 58
90 183 95
90 140 34
90 43 61
90 144 40
118 126 74
118 53 44
118 133 43
118 197 55
118 170 3
118 136 11
118 63 97
81 66 59
81 50 45
81 54 93
81 129 75
81 133 82
66 26 16
66 194 82
66 192 72
66 170 35
66 144 59
66 199 62
66 140 3
249 170 85
249 55 52
249 6 87
249 157 94
249 100 18
78 197 12
26 52 44
26 199 67
26 6 91
26 63 24
26 53 55
113 87 46
113 129 43
113 161 22
52 144 77
52 63 29
52 152 70
57 129 19
57 136 17
57 192 39
57 157 61
57 126 74
199 144 10
199 140 44
199 50 55
199 6 20
170 61 75
170 40 68
40 33 77
40 55 70
40 61 4
40 140 24
55 161 7
55 63 100
55 157 15
55 61 67
55 152 69
54 61 51
54 197 21
54 63 66
136 61 29
136 100 56
136 50 32
100 129 10
100 157 8
100 6 52
50 87 53
50 197 84
50 157 50
50 33 42
126 194 58
126 43 58
126 63 60
6 53 99
6 157 48
33 161 89
33 133 41
33 43 87
33 144 77
33 87 54
43 87 70
43 144 94
43 161 99
43 157 14
157 133 94
157 194 52
87 61 84
87 63 76
133 194 82
61 144 91
61 183 4
61 129 97
61 140 87
144 194 11
144 161 88
144 152 3
140 129 82
194 63 36
161 129 14
161 53 17
7 53 66
63 183 30
183 53 36
