4635 5192 79
3348 3590 46
3590 62 21
8849 5291 59
8849 6606 90
8849 4 49
671 8019 98
671 2140 67
4113 1973 16
4113 1790 47
1973 2497 19
7406 5778 88
5778 3153 22
4748 875 30
4748 2457 90
875 426 14
1021 7135 19
1021 2233 29
1021 3214 94
2922 1439 41
2922 6488 28
2922 3248 77
2922 7143 51
7573 5610 74
7573 3235 10
6258 86 99
86 6985 48
2140 4783 47
312 3274 58
312 7774 28
3274 912 40
8390 1090 92
8390 2131 86
8390 5466 31
8390 4479 81
1090 5177 36
1090 7144 3
1090 4464 43
5386 7261 47
7261 2083 70
4938 2308 75
2308 8375 54
1948 8670 64
1948 6153 34
2425 7637 20
2425 8342 98
5867 23 42
713 2215 97
2215 6795 22
2215 5747 89
767 5738 4
3914 3874 10
3914 2702 69
3874 4544 82
3874 5716 92
6308 7636 64
7636 7223 69
7636 1481 94
3971 6790 59
6790 3920 48
6790 3863 83
3212 3019 72
5538 5799 37
5538 6429 6
5538 4570 99
5799 1782 14
5799 2948 80
2236 435 27
5817 8447 3
8447 8784 5
8447 1727 61
8447 832 7
1586 4937 61
1586 6034 83
6341 8003 91
6341 8783 90
6341 4452 50
8003 3739 84
782 6739 59
782 1905 57
6739 275 52
6739 640 1
7669 3410 63
7669 6072 31
3410 6151 21
3410 6839 64
3410 2981 58
5961 1893 69
5961 6180 83
5961 7700 18
1893 6326 87
1893 1752 48
3300 5681 24
3300 7587 17
3300 2744 31
2609 5172 10
5172 7337 72
5172 4552 71
5172 906 100
7092 2200 37
2200 3693 95
2200 2475 29
36 1882 39
36 7521 10
36 7897 38
1882 879 15
1882 6110 38
603 4206 38
4206 1751 65
6801 3903 59
1853 115 17
1853 6130 100
115 3432 83
115 3060 60
115 99 30
6266 1531 84
1531 8086 1
1531 4606 3
1709 7536 53
7536 1769 60
4939 5329 81
5329 1497 50
6311 2637 65
6311 1064 20
6311 1160 26
6311 985 47
2637 7599 21
2637 2594 3
4036 2919 62
2919 1979 4
2919 6970 68
628 5563 11
628 6065 94
628 4051 9
680 7884 5
680 5691 100
680 5523 60
5440 263 7
263 146 90
263 4088 92
4066 1849 46
6876 2814 25
6876 191 40
8606 4849 97
8606 3940 87
8606 5295 23
4849 3789 86
4849 1281 27
5082 2392 32
5082 5223 14
2392 5871 8
7606 4297 62
7606 4969 36
4297 2771 49
3197 1121 70
3197 1160 57
384 2853 100
2853 2298 88
3304 7754 45
3304 1891 43
7754 7821 89
7754 3581 69
7754 1581 79
7754 685 27
1131 2395 25
1131 7002 70
2395 1130 52
850 6211 20
6211 5700 42
7691 2303 9
2303 1352 69
2303 2711 45
1032 7182 10
7182 2259 8
6747 6144 86
6144 636 19
3379 5174 15
3379 5911 74
3817 444 20
3817 7513 93
3817 8743 76
3817 8513 56
3817 1147 87
3817 2617 14
8 254 97
254 4268 62
1959 3120 96
3120 1306 15
3120 6825 44
6098 1901 63
6098 3170 79
1901 5932 87
5245 1883 47
1883 6466 63
8806 3537 53
8806 5056 55
3537 3599 23
6711 901 47
6711 8415 75
6711 2791 45
8337 3123 20
8337 1877 73
8337 2902 4
3123 7208 54
4987 2470 45
2470 7511 30
6061 5631 49
6061 8286 99
6061 5900 68
6061 8657 90
6061 3805 54
3938 7993 78
3938 376 27
7993 7998 84
6100 1476 71
6100 6051 29
6100 1132 73
1476 3337 31
4272 121 3
4272 5588 13
121 4088 50
5444 7954 96
5444 5613 96
1263 6845 32
5722 4362 90
4362 6897 8
4362 4562 37
4362 4728 88
6239 3669 84
6239 7208 83
6239 2569 78
1932 6391 20
1932 7007 87
1932 6956 95
6391 117 38
6391 5259 82
6391 909 60
3972 2606 57
2606 4601 20
2606 3391 43
8577 3952 83
3952 235 4
3952 1764 44
3952 3 25
5529 5742 60
5529 3241 32
5529 3623 50
4265 8747 36
8747 845 71
8747 3696 32
3861 841 41
841 2259 72
841 8824 61
828 1755 71
828 1394 2
8245 5990 70
8245 1562 79
5990 5614 12
5990 6619 58
3709 6303 92
3709 7930 11
3709 7590 49
3847 3175 72
7640 1758 71
7640 1237 93
7640 556 61
1758 7129 95
1758 2453 27
2871 4545 2
2871 3236 3
6334 5710 92
5710 8353 65
5103 6072 100
5103 4347 75
5103 469 22
6072 2928 22
7667 6279 59
7667 2870 19
6279 7676 33
6441 7528 18
6441 8120 25
6835 8378 94
6835 3426 43
6835 1382 71
4461 8399 62
8399 2368 41
8399 282 1
6395 4644 7
6395 5983 36
6395 8259 100
4644 5465 85
4644 2320 33
12 717 61
717 732 46
717 2029 23
737 2726 56
737 8151 15
2726 7897 76
8630 2503 53
5263 7076 33
5263 5474 21
7076 7440 78
7076 5423 20
7076 3684 72
7076 757 40
7600 6789 43
6789 1347 42
6789 816 18
6789 3828 7
5033 662 10
5033 1574 23
5033 1509 88
662 3281 62
4102 2545 78
4102 6763 25
2545 2350 80
2545 1480 56
2804 89 52
89 5962 10
7826 2467 22
7826 2018 32
2467 844 26
2467 2322 53
2628 8228 70
2628 4141 45
4829 7720 58
4829 8724 15
7720 7299 61
3185 7499 87
7499 4918 48
5708 125 39
5708 4606 28
7023 4540 67
7023 4929 95
3541 1315 23
3541 5934 34
3541 5000 55
3541 6424 66
1315 5360 46
1617 4606 11
1617 6502 26
923 3591 70
923 6620 45
785 7585 23
785 3822 66
7585 1404 87
3896 461 74
3896 4386 81
461 1100 36
6474 6335 60
4972 5419 1
5419 4054 95
895 1396 68
1396 430 38
1396 2092 73
3816 4682 48
4682 5217 80
6160 2165 29
2165 3368 12
2165 6880 37
3496 7959 94
3496 3349 59
3496 2916 3
3496 5645 50
3761 5407 17
5407 3346 74
2851 2183 28
2851 380 51
2851 7772 15
5452 517 19
5452 2731 8
5702 1459 50
1027 5899 99
1027 6622 59
1027 5768 31
1027 1624 26
6226 7511 26
7511 664 83
5467 8197 26
5467 4615 69
5467 3550 72
5467 5203 53
5467 4330 50
8197 4437 73
8197 544 89
1716 2030 58
1716 6608 50
2030 1234 95
4498 6138 93
4498 4352 85
4498 7690 8
4498 6161 8
6138 7090 44
6138 164 67
6138 3970 69
3556 3550 4
3556 924 45
6097 6257 67
6097 4981 21
6257 4224 75
2856 7478 56
7478 3089 21
7478 2905 94
7478 3238 62
7478 6374 25
8082 6525 23
6103 7446 64
6103 7810 21
7446 1672 39
1766 6518 44
1766 3239 62
6518 7711 54
3111 3800 42
3800 5283 52
3800 3960 15
3800 4411 44
4946 6559 76
6559 5012 51
6559 1211 66
2040 4095 99
2040 4344 71
7930 6332 99
7930 8402 75
5633 5330 48
5633 2318 26
2472 4026 17
2472 3662 85
1157 6272 81
1157 5512 7
1157 1204 51
6272 1934 26
6272 6661 78
7512 5642 65
7512 1251 39
7512 5886 20
5642 4158 27
3690 787 2
3690 5113 25
787 7657 57
8319 1291 87
1291 6388 66
1212 4989 84
1212 4489 81
1212 2196 22
4989 8008 23
4989 1754 43
4989 6397 82
7502 7978 95
7978 724 8
2436 6529 24
2436 6679 90
2436 4457 2
6529 7981 66
2031 3269 24
2031 1375 85
6897 3397 52
6897 5256 74
3397 1215 46
3397 6379 94
8837 4914 27
8837 760 76
8837 8297 8
4914 3601 22
4914 3261 97
4914 3878 57
4914 1087 30
4341 3301 43
4341 8609 13
3301 3163 55
1035 3631 9
1035 1765 45
1035 4998 68
3631 921 18
3080 749 99
8298 7327 79
8298 8354 35
7327 4234 36
7687 6181 30
4551 1185 3
1185 2799 31
4560 8100 59
7865 5100 79
5100 3076 97
7962 7034 5
7034 5219 98
7034 7459 94
7793 7963 52
7793 5533 86
7963 643 99
6661 4071 32
4071 5102 37
4071 1333 43
2959 8458 2
8458 4230 57
6512 8122 41
6512 3648 75
6512 3674 98
8122 5539 46
5156 581 57
5156 5237 76
5156 7295 20
581 4749 69
581 4480 37
581 8053 40
1115 6599 94
1115 7697 19
39 4366 20
39 3650 9
4366 4886 91
4935 4060 90
4935 6511 98
4060 4667 33
8074 6945 71
8074 570 73
8074 1026 94
6945 6071 92
745 4292 29
745 855 68
745 7537 98
745 3974 53
793 4109 82
793 4397 99
4109 6104 23
4109 7812 10
2945 3749 62
2945 8732 25
3915 4240 2
3915 5790 92
3915 5147 3
3915 5952 26
4240 2195 20
4240 1645 42
1829 6727 74
1829 7777 73
562 6237 4
562 8154 9
8430 6911 42
6911 2410 95
350 6634 70
350 6781 64
6634 1348 81
6634 2701 7
6634 4699 5
2422 7761 65
7761 1791 98
8633 3327 7
8633 4869 65
3327 6060 97
6220 8714 88
8714 2362 16
8714 4534 67
424 688 19
5812 7303 43
5812 6814 54
7303 4228 68
7303 4876 19
3125 908 60
908 4373 27
908 8609 34
4855 1693 44
3148 2825 7
2825 483 88
2825 1427 21
2825 3285 6
1078 5802 93
1078 1652 54
1078 2379 34
5802 6679 27
5802 4599 36
5474 6024 81
5474 4270 92
2002 6410 67
2002 441 26
7181 1960 34
7181 2093 21
1960 6657 7
5678 1566 14
1566 6570 16
6180 5229 80
6180 3114 100
7624 5783 50
7624 7226 29
5783 8769 8
778 4833 87
778 3453 31
778 2617 25
4833 7471 21
4833 6396 49
5760 938 45
5760 6996 46
938 1859 27
938 7673 65
6077 3827 11
6077 2624 74
3827 1242 55
3102 7860 27
3102 7751 8
3102 3757 76
3879 2585 24
2585 7185 4
7069 7620 59
7069 4521 71
5897 8773 53
8773 3998 1
8778 3895 33
5262 7910 27
7910 5589 66
5716 8470 23
5716 995 36
5716 5789 82
8470 795 85
7599 1287 87
7599 6219 15
6256 2745 21
6256 3242 95
2745 8148 40
2745 1368 73
2745 2536 67
6477 2866 42
2866 3699 41
8856 8833 31
8856 2022 88
874 8272 31
874 241 88
874 2868 2
8272 8010 32
3870 8688 36
3870 766 1
3626 7278 59
3626 2006 67
3626 576 92
7278 2032 78
8402 4742 74
7503 6404 62
6404 4764 59
6404 2954 23
7776 8325 37
7776 2632 48
4347 1281 61
8287 8171 74
8287 8068 22
8171 7919 22
7818 3476 63
7818 761 68
2022 904 11
2022 3899 40
904 1011 64
5946 4816 14
3699 7518 52
3699 3917 68
3699 2139 66
1182 2391 79
1182 739 49
2391 1135 56
4260 8022 18
4260 7469 94
8022 8528 58
8022 1164 11
3934 1528 83
3934 3886 72
1528 6424 44
6378 7084 52
6104 4737 46
6104 5942 19
1350 3063 75
7835 64 70
7835 747 59
5044 25 74
5044 5818 56
5044 5438 56
1985 6655 8
1985 4888 80
1218 8556 62
1218 5195 26
1218 3953 49
8556 7592 73
8556 2521 60
8556 481 49
6056 8244 37
8244 2613 43
4715 1462 17
4715 2698 9
4958 4445 30
4958 5939 99
4958 8271 66
4445 7100 96
4445 1934 31
4264 4881 15
4264 5972 100
4881 2411 20
1785 7177 43
1785 1125 98
1785 3278 25
1785 2450 64
1785 3178 88
2451 5072 25
5072 2610 77
5072 7671 19
5072 4496 35
1900 7885 58
1900 1850 13
1900 1501 32
7885 8441 36
4139 7337 17
4139 3445 23
7337 262 74
6796 3642 75
6796 341 1
6796 8123 60
6796 6062 78
3642 8541 29
3642 3246 53
4660 4000 22
4660 1474 39
6306 5616 92
6306 2473 67
3027 1311 22
3027 2900 39
3027 3217 85
3027 1810 16
1311 6430 67
3748 4169 29
3748 1550 36
82 5151 12
82 4104 66
1964 2325 21
2325 4851 36
8304 500 73
500 972 93
7077 2695 91
7077 3569 54
2695 4726 78
6976 3089 39
6976 1033 71
6976 8310 92
3089 387 85
795 8177 40
6323 1197 58
6323 100 20
8678 2983 19
8678 3305 46
8678 8800 37
8678 7209 60
2817 5690 33
2817 5106 20
2817 7828 33
5690 931 7
5690 7570 23
6700 7449 74
2280 3582 8
2280 2699 92
2280 705 99
1060 5972 30
1060 2455 78
1060 8676 4
1380 6044 96
4793 6114 51
4793 7723 15
4597 4091 52
4597 8616 7
4597 7510 29
4597 8510 79
4091 3385 51
2171 6619 92
2171 8711 95
6619 790 48
1828 649 72
1828 4934 2
1828 4301 98
3305 8064 33
3305 3862 8
7529 4478 26
7529 5584 71
4535 8575 61
4535 6400 35
8575 6925 56
5998 5884 33
2561 8436 91
8436 5206 50
2618 6992 88
6992 5589 20
6992 6877 49
3671 1397 45
3671 2770 74
3671 5059 35
1397 5894 70
1397 2296 29
1694 5512 58
8190 7096 95
7096 8383 100
4854 6193 31
6193 700 55
8509 3593 76
8509 6274 20
3593 4401 26
6513 639 10
6513 8492 16
639 3716 17
4967 2086 54
2086 1957 45
4268 228 97
3519 6161 25
3519 251 98
6161 1705 90
457 2269 49
457 2305 33
457 6786 10
2269 5447 79
2269 691 83
7914 986 3
7914 8208 74
986 4984 15
1004 4173 43
4173 145 82
4173 2093 24
6121 2213 14
2213 4755 98
2894 4648 39
2894 351 75
4648 3264 12
4648 6832 10
1026 2249 18
1026 4468 79
2249 91 61
2933 6127 43
2933 7095 96
6127 2266 54
2290 3778 30
2290 1499 78
6275 5219 71
6275 5127 5
1751 282 70
5307 3693 22
5307 8175 92
3693 8797 66
6032 355 12
355 8845 6
355 2107 37
4315 5889 56
5889 5791 68
2699 888 55
8768 69 43
69 4927 65
5556 4246 57
5556 5308 7
5556 3226 24
4246 5355 59
4246 370 67
5660 598 69
5660 2098 86
5660 3968 97
598 8347 42
8398 2162 99
8398 5191 51
2162 3216 84
1744 5535 64
1744 358 28
2815 5145 62
2815 1229 65
3278 6445 13
3278 3090 37
3278 8060 85
2824 1463 38
2824 4333 87
2824 4575 21
88 8080 33
88 484 28
8080 3156 89
8619 3474 72
8619 324 18
3474 2759 94
8542 5113 87
8542 4752 40
5113 7329 90
7820 7747 96
7747 4529 95
2842 8201 55
8201 6972 50
8201 8243 65
1378 7186 37
1378 8665 74
1378 3888 72
1378 8198 8
5369 4712 10
4712 2017 24
1496 5150 97
2052 3902 29
2052 2631 53
2052 5680 5
2279 2144 58
2279 4067 99
2279 2997 27
3220 6238 86
3220 1147 90
6238 7 40
6238 3260 32
3049 6468 94
6468 8017 72
514 5409 34
514 2916 43
8559 2970 47
2970 127 20
7169 8191 31
8191 2000 47
2056 7103 17
2056 5830 84
2056 2855 59
7103 4126 92
5590 1710 50
5590 4753 20
5590 2272 56
4628 8795 94
4628 946 80
4628 577 27
8795 211 69
8795 1892 66
8795 1619 43
3766 198 23
3530 6563 35
3530 4248 31
3530 3393 32
8723 4586 67
8723 3722 70
7022 3124 83
7022 6908 24
3124 3042 31
3124 1022 90
7316 8503 33
8503 5493 69
5040 985 37
5040 2744 74
985 5484 47
1672 144 16
2991 3095 98
3095 4504 66
2151 5862 80
2151 8549 76
2151 8569 68
2151 733 85
5862 2034 87
5377 4044 65
7781 6859 6
2855 4675 56
2855 1593 95
4675 976 82
1370 968 33
1370 7928 44
1370 5479 9
6957 5364 6
6957 6149 71
5364 2400 25
5364 4891 46
4786 1757 40
1260 5478 12
1260 803 68
7443 3520 70
7443 4970 89
7443 45 46
3520 2288 42
5045 5087 55
5045 4612 53
5045 2352 65
8070 1864 3
8704 49 79
1246 5168 1
5168 3832 33
2088 5031 20
5031 5976 65
7473 8615 17
7473 7676 44
7473 4971 74
8615 2175 68
8615 1410 58
8642 3842 87
4469 2390 83
4469 4730 67
4469 7737 80
7909 1485 8
1485 7061 8
7340 6915 98
7340 1446 50
6915 7332 47
6915 2397 30
6631 3117 71
3117 5266 85
2233 2003 66
6731 7609 75
6731 6213 83
6731 5625 65
7609 1585 63
6026 5476 64
6026 2486 58
5476 4690 45
5476 3017 93
3017 3380 28
3017 8446 58
3017 6800 98
3017 5053 10
3380 1625 49
2500 2529 74
2529 6623 66
5028 482 54
5028 7891 50
4834 3122 48
4834 7018 88
4494 2147 9
2147 4069 26
1274 8641 83
1274 8377 66
1274 3753 69
8641 3803 22
8657 1936 63
8657 4220 52
1936 7200 6
1098 5274 85
3415 7965 73
7965 262 60
7249 5841 35
7249 1651 70
7249 6937 52
5841 5607 4
483 8855 68
483 2613 56
483 4359 54
8855 5350 33
3099 3977 93
3099 1213 54
3099 1242 6
8084 7816 67
8084 3609 58
8084 6278 79
8084 429 53
8084 835 5
8084 4301 77
7816 4702 25
7816 7307 24
5132 6978 32
5132 7008 40
6025 3518 84
3518 3492 28
3518 8248 7
3518 2185 40
7515 967 14
967 4735 92
6302 1031 73
1031 928 75
6605 4414 38
4414 2834 32
7790 2584 52
7790 1778 31
960 3351 46
3351 8217 21
3351 2832 11
3351 3393 81
2047 6496 12
6496 1003 78
8487 2001 90
8487 4591 61
3993 1807 38
6326 1607 74
6326 6562 50
6326 526 61
5094 4932 28
5094 2515 40
5094 2974 86
5094 2274 95
5094 5231 55
2079 1969 26
732 2691 16
2434 4422 100
7299 3418 3
3093 6678 36
2784 4740 3
2784 2477 46
2784 4224 77
7282 2480 18
7282 1593 3
7282 1771 52
2480 5511 99
2480 1057 74
426 8303 59
426 7014 14
426 8396 76
1759 5609 71
1759 7548 1
1759 3855 72
1759 6148 6
5609 6754 95
3753 4984 11
3753 2834 63
1089 8853 42
8853 7664 56
1510 2536 89
3163 2689 94
3163 2823 66
2689 7455 20
4941 846 86
4941 3589 88
4941 768 59
846 2349 16
846 1675 93
846 6999 23
3347 7525 37
7525 3859 55
7525 3848 68
7525 6728 51
3777 6840 48
2636 3131 90
2636 5814 100
3131 1351 92
7976 1216 44
1216 2160 47
8523 4307 25
1920 5193 70
1920 2109 59
5193 6684 41
3619 3990 48
3990 1187 32
3990 5115 94
7666 592 93
7666 3927 35
7666 8683 46
7837 1441 11
3654 7814 96
3654 3764 2
3654 8540 6
7814 2278 66
7064 1831 63
1831 3264 63
428 8794 44
8794 6531 72
1163 3355 95
3355 761 29
2156 1638 38
2156 6723 39
8549 4278 50
2142 8514 57
2142 4994 60
2142 5643 96
2206 4751 61
2206 7168 37
7772 4636 86
1251 7450 40
5101 3022 9
5101 3991 83
4555 4045 67
4555 1392 17
4045 7964 23
4045 5534 85
8263 1166 94
8263 5849 13
1166 1541 38
1166 136 89
7912 2271 29
7912 708 6
4797 6135 55
6135 7061 24
6135 4123 13
6135 2130 6
2954 4027 2
2954 340 30
2954 1546 32
120 3968 85
120 683 95
120 184 84
120 6413 99
1013 6248 79
8354 5773 35
1919 3207 64
1919 8221 11
1919 7231 11
3207 3854 46
5355 561 31
3349 4794 20
3349 2908 64
3349 242 81
214 3962 33
3962 8255 2
3962 5902 25
8730 3444 6
6718 921 41
6718 2114 27
6725 5940 19
6725 6990 62
6725 5115 39
5940 4465 2
7806 4585 40
7806 1578 45
7806 8375 13
68 3481 42
68 6521 78
68 8449 32
3481 3953 80
3599 8207 19
3599 7663 71
3599 532 35
8207 4779 7
7821 5646 80
7821 8193 93
3781 3385 77
7265 6622 56
7265 6744 98
7265 2207 31
6622 1966 56
3526 3236 39
3526 1852 97
3526 7412 29
3526 8811 35
8111 1227 71
8111 6178 25
4353 7555 16
4353 3141 1
4353 2962 99
4353 7226 48
7555 3450 24
408 3161 17
8420 2417 93
8420 2376 96
8420 2061 62
8420 8410 83
1461 1088 14
1461 6360 7
1461 1790 30
211 7035 92
7328 2811 89
7328 147 21
4580 6547 26
659 2614 81
6089 7745 29
6089 8276 44
6089 2892 26
7745 2925 64
6926 8667 32
6926 8182 70
8667 7756 94
4790 6993 3
8103 3765 45
8103 7924 72
3765 6965 40
5767 4447 6
4447 8434 30
4447 94 3
5483 2655 67
5483 3001 56
2655 6977 100
2655 8834 14
2655 3432 23
2655 1817 46
2006 8166 53
6165 4520 65
6165 6418 98
4520 7513 87
7302 3251 50
7302 4559 32
7302 1669 42
3251 5786 96
1268 6838 34
6838 6641 12
1606 3310 65
3310 5692 88
3310 158 39
7017 8146 40
989 6883 43
989 3931 88
6883 1842 72
6883 2297 93
724 5434 54
610 3467 23
610 6217 58
6990 4266 29
6990 1803 13
6990 7277 25
4266 250 24
4266 8784 19
431 8227 23
431 5754 59
431 809 49
2101 6744 89
2101 1017 87
2101 6171 62
6744 1961 52
7037 4152 63
7037 1012 71
5994 2161 43
2161 4568 12
5695 3889 68
5695 5038 66
5340 245 29
5340 5956 36
144 97 2
5035 6961 43
5035 3718 59
6961 3840 20
5003 2593 5
3702 1196 88
4189 6278 96
4285 8025 94
2716 2927 1
2716 6860 61
2927 2313 21
2927 7325 62
5223 7242 72
760 3858 74
6656 770 43
1256 3745 9
1256 543 18
1256 4080 32
1256 5000 42
7566 2115 36
2115 8680 100
4620 6219 46
6219 8225 11
4390 1376 91
7713 165 32
165 8385 27
7098 936 27
5768 4031 44
5768 7558 30
5768 7087 4
4031 3169 98
3256 1432 68
3256 7319 30
3256 8610 67
3256 5155 30
6405 7817 19
7817 6354 55
7817 6670 51
6086 7408 17
6086 8485 5
2664 15 54
2664 3771 43
8358 1800 71
8009 4898 33
4898 815 45
4898 7563 18
293 4681 7
293 7347 14
4681 802 70
7165 7418 80
3819 6873 8
6873 6503 68
7863 1559 16
7863 7702 33
7991 3479 84
7991 3525 81
3479 7107 25
2410 3898 85
3898 1839 80
3898 493 80
3898 3632 70
8089 8727 82
5852 5275 56
5852 4492 97
5275 5924 58
8807 7286 87
7286 4333 76
644 8579 62
644 4477 91
644 2276 33
644 8478 91
1720 5294 68
1720 3941 18
1720 1209 8
5294 1895 61
888 1632 43
888 1946 66
3405 8198 17
8198 7059 94
8198 3677 56
4875 5915 53
4875 8404 15
5915 840 72
5915 1950 44
3803 8094 45
3803 8821 84
8094 7755 84
8094 2834 48
501 3696 46
501 2806 84
501 489 84
3696 3882 31
3696 6116 51
1193 525 94
1193 7807 33
1193 7168 45
525 3427 74
1273 7256 49
7256 3400 77
7256 3227 70
7256 8618 76
7272 7649 93
7272 4662 17
7649 4800 27
8010 3574 71
8010 1484 84
3574 7183 83
3574 1816 90
3469 8323 36
3469 7590 61
8323 6564 5
8040 8587 5
8587 7254 24
8587 3375 89
5053 6809 73
5053 7318 9
776 6273 16
776 4533 65
776 1494 11
6273 270 76
7851 2076 51
4607 7195 98
916 4538 64
4538 2803 60
4538 3389 61
3692 8611 32
6280 1561 31
27 7479 90
27 7111 73
27 3420 28
27 5883 69
7479 7071 77
7479 3682 29
4856 1787 94
4856 4249 85
4856 7457 46
4856 5323 54
2379 2878 56
2379 4791 4
7829 8631 88
7829 1799 30
8631 3506 44
3650 4238 53
3650 5752 70
7546 1159 2
7546 4176 18
1159 4097 65
1159 7057 21
3735 243 2
243 574 65
3296 2401 94
3296 5379 38
2302 7480 21
2302 5840 29
2302 6956 3
7480 5608 25
4822 6558 9
6558 864 45
6558 367 5
8230 241 90
8230 3100 60
8230 7079 88
8230 6520 72
241 1488 94
3592 6561 34
3592 7655 38
3592 801 49
3592 5843 58
6561 7920 29
6561 7317 98
6418 3453 83
3607 3664 56
3607 7301 20
3607 768 61
3337 641 82
7114 4435 70
7114 2698 20
4435 3070 27
2998 6748 31
6748 7287 59
512 7542 90
7542 5120 69
7542 8510 19
5124 5022 45
5124 1783 86
5124 4784 77
5022 5389 88
5803 3742 77
3742 6023 3
7660 3717 40
3717 8396 89
4983 4526 24
4526 3164 21
4388 1614 93
4591 3028 30
4591 5358 23
4591 703 45
3028 1244 41
8536 6058 85
8536 959 59
8536 5336 55
6058 1363 8
7132 7869 67
7132 7410 1
7869 8737 36
7385 7859 77
7385 2169 22
7859 6982 88
5602 6 84
5602 8810 94
5602 4763 1
6901 7530 7
6901 5737 30
7530 5060 94
5394 4553 55
5394 6413 10
394 1105 46
394 561 58
1105 1314 11
1105 1542 75
1434 1428 28
1434 3548 25
8475 3812 23
8475 7849 58
3812 8852 43
1838 7725 14
1838 7010 15
1838 7906 52
5983 7259 98
4554 7677 55
4554 3941 5
5880 7612 49
5683 2920 12
5683 7987 69
2920 6554 66
2920 4204 20
4832 2083 70
4832 1645 77
2083 3396 79
2083 3558 96
2083 5780 72
3606 4761 78
7870 2544 8
7870 4767 28
7870 6935 18
8784 8617 91
4927 2394 56
4927 5951 72
7751 1516 16
6621 3997 74
6621 2000 29
6488 8301 80
8301 2654 84
1234 5106 52
5995 2418 58
5995 8578 52
6202 8109 46
7509 8524 62
3090 5740 62
5673 3725 2
5673 1689 17
5673 3066 22
1711 8812 29
1711 191 64
8812 5238 81
8812 5179 63
3042 2360 2
3042 6069 55
2360 5863 14
4758 5850 6
1980 1059 97
1980 6701 1
1980 1242 99
2760 7904 60
7904 318 17
2349 8767 9
4211 260 55
4149 6222 93
6222 1120 8
4867 6409 34
6409 3484 69
2124 1215 89
1215 6028 5
1215 2617 97
1215 6567 60
3723 5769 32
3723 4215 82
3723 4427 43
6712 4076 51
6746 8351 81
8351 4851 41
7997 6055 6
7997 7176 14
7997 8708 37
7997 6732 33
7058 2127 47
2127 78 53
2127 5128 37
5280 5788 25
5280 3373 82
5788 8743 64
5788 3228 96
7205 6999 29
7755 2107 45
7755 7481 24
2107 6360 45
2107 869 61
541 4378 98
3233 5205 36
8068 1548 82
1548 4493 3
1548 5698 23
5962 8092 1
2405 99 53
2971 4220 80
7203 7513 40
7203 6704 71
7203 7251 25
6516 3736 48
3736 2792 88
3426 4819 23
3426 1851 61
3426 7095 99
3477 8479 51
3477 5312 33
7924 8175 35
7918 2005 83
2005 3580 12
3789 4900 53
3789 7881 97
6269 913 72
6774 6443 55
6774 7931 50
6443 6706 34
3609 2119 19
7698 3859 42
3859 3492 1
7104 6347 66
6347 5337 95
6347 1671 100
7220 5908 17
3 768 1
768 5674 91
7066 7373 100
7373 829 96
7659 8491 44
1221 5629 76
1221 5580 6
1221 7204 68
987 7160 24
987 1143 67
2119 8814 99
3760 8361 23
3760 8718 23
3760 5693 90
735 5105 5
735 1275 65
735 823 70
5105 6236 97
5105 4255 63
367 2087 26
1592 779 28
779 2293 96
2566 8715 100
2566 520 70
2566 134 84
5790 2219 6
5790 4093 41
5337 889 94
889 3152 38
6939 6299 18
6299 5793 41
6299 5183 25
3432 3338 57
3432 3392 26
7442 1764 8
7442 6948 74
1764 2409 25
4126 5381 87
4126 5413 88
4126 1822 34
3992 5341 22
3992 6795 90
3992 8217 8
3992 8669 41
5341 8759 42
1941 981 15
2433 4247 52
2433 933 76
4247 6267 28
4247 1975 10
7007 7456 18
5663 7877 88
6011 4232 12
6011 4145 78
6011 6385 85
4363 3920 75
4363 7052 97
3920 6592 6
3920 6197 70
8211 5833 37
8211 8017 43
5833 8759 75
4704 1560 28
4704 7395 44
1560 2928 85
1398 3961 81
1398 903 41
3961 534 35
8135 4350 72
8135 5979 73
8135 626 86
8135 5987 55
4350 6388 56
3209 545 66
3209 8326 94
1299 1337 28
1299 6461 51
1337 2021 11
1337 4258 40
188 1317 64
188 8745 97
188 1046 22
1317 3283 33
1317 931 75
1317 5195 69
6045 7544 79
6045 449 32
7544 3711 30
2960 4954 59
2960 2114 25
2960 8818 74
4954 1235 88
1563 5579 3
3100 7607 49
3100 3697 14
1421 7011 12
5061 2834 94
5061 5524 35
2834 4200 10
2928 6899 51
3628 893 26
3628 8234 44
893 555 64
5506 7321 15
7321 8407 33
7321 5255 70
7321 8742 63
3559 4115 54
3559 3983 16
3559 5322 63
3559 7139 50
45 8236 35
2282 1704 49
2282 4417 38
6954 1029 86
3585 3389 49
3585 5200 73
6482 4913 14
6482 6958 45
4367 7632 25
4367 2591 45
4367 3965 54
7632 1368 68
7632 4028 37
5466 418 93
3498 8117 37
3498 8779 55
8117 6648 2
8117 5152 20
8117 2665 39
407 4501 12
5712 2357 73
5712 2388 76
8185 4605 28
8185 6560 55
4605 414 52
5026 1665 80
5026 5991 35
5026 5730 31
1665 4225 63
1665 1543 33
1665 3942 32
1665 314 19
3940 5814 44
5814 7670 39
2759 1423 30
2759 2244 57
2759 7163 8
2759 8395 35
1652 7301 61
6936 2949 14
6936 5118 85
7697 7648 60
7697 3240 8
2448 1542 82
2448 7125 80
1542 8608 85
1542 4007 43
2812 4513 44
2812 6719 30
4513 2549 99
5175 520 70
5175 1976 30
520 1113 11
7786 8614 2
7786 7441 77
7786 5551 60
8614 2793 61
8614 4986 94
8614 7374 51
8614 4583 59
5411 5641 20
5641 1058 26
6408 7429 64
7429 2858 76
4820 5666 25
3840 1073 97
3840 3866 89
1073 6962 38
3648 8439 94
3995 6213 71
608 8636 51
8636 8808 27
5831 7147 25
5831 8697 71
7222 7948 44
7948 6644 55
7948 1020 57
4512 8511 45
4512 2616 55
8511 1355 51
6554 8138 68
5228 2261 75
5228 8087 18
5228 4235 32
2550 3636 67
2550 2910 35
7221 1351 71
7221 6706 82
7221 462 52
5688 7330 79
5688 5619 43
4295 3018 56
4295 8083 23
2965 1540 92
5955 7956 37
5955 7397 46
7956 8008 69
1570 8725 4
1570 3509 27
8725 8621 42
1731 3309 83
8415 2514 58
7675 2276 9
7675 4482 43
7675 1116 9
2276 2595 93
996 4945 33
996 3655 89
996 6510 11
5068 7934 89
7934 7941 68
7934 6172 21
5110 5907 42
5907 2443 86
5907 1610 54
784 7773 67
784 4290 24
784 3571 76
784 4490 30
7773 436 70
7773 3336 78
5167 7953 84
5167 395 36
5167 7320 77
4534 4043 76
4566 8049 25
2032 4033 87
2032 8345 23
8451 7893 53
8451 6454 97
944 3726 88
944 2177 74
3726 3928 74
2942 7106 64
2942 5868 3
7106 1750 49
2286 6660 93
2286 5285 40
8622 6461 78
2238 3811 72
2238 1728 62
2238 5457 54
3811 3198 46
5462 5643 32
2782 7586 11
7586 1812 79
6648 2419 85
5231 2957 48
5231 2656 34
5231 2262 51
5278 830 10
830 813 47
4451 5420 53
4451 648 6
7277 6699 60
6699 6565 99
6699 1210 68
3868 6988 40
3868 2281 93
6988 5969 4
3151 7417 4
3151 4406 7
5259 8513 34
7143 5203 96
7143 854 100
5203 301 68
5203 70 36
5203 6895 41
7952 3312 56
3312 5384 75
4589 8356 50
4589 4062 73
8356 6383 67
7995 2402 64
2527 6831 95
2527 3437 14
6831 1679 58
3779 4794 95
3779 2532 95
8665 4615 8
8665 6955 53
2175 3325 97
6288 2684 54
6288 285 82
3714 2539 4
2539 6726 52
4011 4485 31
8030 2744 73
8030 1872 41
8030 7784 44
783 1657 17
783 3482 18
1657 3489 56
5078 2382 44
5078 6478 60
7269 8476 95
7269 6313 61
7269 701 49
8476 4841 30
8776 6236 98
290 1582 94
290 1954 33
1582 6807 74
6361 3865 92
6361 2441 76
6361 4923 99
4003 6562 98
6562 20 2
1848 4667 51
4667 174 77
2850 1245 25
2850 1018 75
6327 8507 36
6327 2504 17
6327 6349 74
5886 616 27
8370 8405 11
8405 1967 81
2299 7352 13
6140 4788 97
4788 6227 55
7176 945 43
2035 267 21
6207 2454 45
2454 821 30
2454 1289 86
273 5179 12
273 5835 7
5179 4128 8
3036 8088 20
8088 4188 49
3679 4744 16
4744 5882 8
4836 3043 18
4745 6536 74
6536 578 11
6155 6916 84
6155 4406 63
6916 8382 94
4332 5390 67
4332 1075 82
5390 5161 42
7830 1055 36
6125 2560 74
2560 4957 40
1863 6132 81
6132 6042 32
6132 1943 66
8044 4359 100
2803 5795 33
1839 8821 78
1841 3077 80
3077 146 84
818 7248 25
1352 6710 52
6710 791 58
6710 4204 7
127 8649 57
127 2289 95
3047 7611 33
7611 5986 33
4943 894 14
894 5514 39
1574 4456 4
4456 6470 44
3344 299 99
4847 4616 61
4616 8562 28
4616 2768 5
3452 7804 88
3452 2117 16
7925 3645 95
7925 7414 40
3645 5350 51
4153 951 34
8097 8266 30
8266 6719 21
8266 2713 56
8697 6579 56
1204 4624 47
2301 3922 11
3922 4407 3
3922 8087 43
3922 8348 28
3183 259 26
3183 3884 99
28 5134 45
6830 8532 26
6830 458 88
6830 7149 52
6830 5413 55
146 6510 65
146 4546 52
8656 2660 67
8656 6677 3
2426 7477 4
549 7749 53
549 809 75
463 876 54
5509 6799 54
5509 8623 72
5509 7658 86
6799 2332 22
7527 4179 87
7527 539 55
651 3600 50
8709 3805 16
6581 8312 87
6581 105 70
6581 4680 67
8312 3661 52
6020 3013 26
6020 5194 79
8770 8854 91
8770 2748 39
8854 2519 94
8805 6131 14
8805 4996 32
8805 2822 63
8805 2157 77
6131 2724 65
4334 8724 28
8724 896 43
3254 2668 84
2668 1384 46
356 3443 13
356 742 83
8580 6892 13
6892 1411 78
6892 4912 86
1187 4175 69
5956 4872 36
4143 4009 15
4143 611 8
4143 2623 70
5672 3357 29
373 7124 80
4146 7819 94
7819 3050 65
2487 6824 95
6824 6987 11
6824 8326 44
6824 3522 100
8027 222 94
8027 5845 39
222 3960 34
6051 6753 41
6051 3172 59
6753 4111 32
6245 2071 82
6245 2690 24
8468 6358 96
6358 579 71
3708 5921 70
5921 1101 36
8037 6891 43
3162 5257 46
3162 4956 92
5257 7274 1
2203 3792 99
2203 5638 7
3792 543 75
4488 4698 34
301 1386 87
2961 5755 6
5755 2385 82
5578 1068 79
5578 4440 97
193 7683 72
8120 240 29
240 3108 16
4632 1847 46
4632 6963 83
4632 826 45
1847 8734 53
3121 6270 33
3121 633 84
6270 3400 50
518 5023 8
518 340 74
518 8845 16
5188 7630 19
7630 7831 64
8345 4382 54
40 3404 72
5929 6497 86
6497 7656 8
6497 7842 66
2080 6752 64
4218 5122 16
4218 3307 96
7090 2318 19
7090 399 60
7090 477 85
2318 8793 85
3495 7770 29
7770 5801 88
7770 806 27
5005 5499 60
5005 5288 68
3958 3662 20
3662 7497 8
1101 2458 56
673 4928 27
4928 6800 43
4928 5147 26
3587 3377 71
2883 4828 12
4828 3169 35
4828 3149 80
1646 6589 19
1646 8364 16
4370 22 23
22 7516 21
22 43 85
7052 3203 42
7052 2462 24
7052 7551 91
7052 5077 18
3458 3668 26
3458 3360 46
3458 817 38
3668 1455 76
3668 934 86
8183 615 100
8012 383 14
8012 397 27
7403 3026 88
6649 4255 64
4255 2931 11
5130 2355 66
5130 352 21
5130 272 66
2355 3195 67
8467 697 43
8467 4643 50
5281 8073 75
8073 1298 9
8073 8448 10
8169 2635 80
2635 553 63
1006 3613 39
3613 4455 19
1842 8065 42
8179 2274 69
2274 8281 34
3917 4549 43
3917 1116 83
122 3308 36
122 6863 44
3308 1546 20
1169 7267 56
7267 8504 90
7455 1161 98
2625 5513 91
2625 4885 70
2625 116 38
2625 2469 46
2625 6078 16
2625 4541 70
5190 7678 31
5190 6467 73
5190 6463 38
7678 5227 40
7678 1833 51
7592 6491 86
7592 976 42
6060 8651 91
946 3005 63
2423 4868 50
4868 1361 3
433 7224 26
433 5430 95
5147 3453 66
3453 1737 63
6860 6123 4
2504 2972 43
2504 4613 29
2972 6771 24
1306 652 55
1306 6794 88
2364 7268 16
2888 1644 67
2888 623 59
2687 3904 38
2687 1339 73
8779 1305 81
4078 664 90
664 4905 48
3037 6549 63
3885 702 49
3885 1003 53
702 6241 80
8202 5724 77
2016 7972 43
1728 7654 24
1790 7128 35
1790 4293 78
3785 4668 38
3785 1979 38
3785 3395 90
3785 7060 96
6567 3325 85
3325 4971 23
3325 5146 76
8401 612 6
2104 1047 100
2104 3354 74
7823 8813 21
7823 4992 35
8813 7287 97
8813 244 76
2223 7487 16
2223 3191 95
2223 3639 29
2223 2520 18
3439 1479 66
1479 8565 76
2762 37 29
2762 8672 14
7474 6033 27
7474 1230 77
7474 5892 43
6033 7795 93
3459 6983 79
6983 8204 35
6983 1480 75
6983 8535 55
2938 4354 33
2938 3533 97
4354 3097 51
5516 7279 14
5516 3801 53
3484 2626 8
2626 1620 79
4550 8309 93
4550 5992 99
4550 6470 29
8309 2347 93
8309 4 53
2780 5441 34
2780 4085 9
5441 4471 40
7166 1144 48
7166 1820 88
7166 3277 85
1144 2358 94
1144 6110 63
7351 2706 96
2706 1074 93
2706 721 17
3589 5107 2
5107 246 18
6844 3793 16
6844 4365 59
6844 4883 73
3793 3512 12
1134 3270 100
3270 2428 39
3270 8152 81
2136 892 66
2136 6590 58
2136 1230 39
6644 5957 19
6644 2923 27
2051 5427 34
5427 2674 24
4474 6673 58
6673 8413 48
8064 5932 24
2650 7550 85
2650 4499 57
7287 6539 17
7287 1167 59
6682 8434 33
8434 8327 75
5882 964 60
964 16 71
586 4077 63
586 7415 87
586 2598 20
442 1007 27
1007 4465 82
718 8292 9
1415 3894 22
2167 6542 68
6542 6427 43
3205 799 89
705 2731 75
2397 4902 25
4902 773 5
8015 349 43
8015 3924 67
349 797 79
5038 1868 50
1868 5123 3
1868 5591 35
3569 492 6
492 2481 99
1324 3196 62
3196 5083 66
1651 5303 86
1272 4961 30
7126 2341 74
7126 4016 40
7157 3564 1
666 8237 27
666 2531 29
8237 4374 16
8237 6730 6
8237 4569 2
4533 1232 13
2197 903 65
3283 5251 31
3283 2306 96
3087 5891 50
5891 4624 14
5891 5552 93
803 6159 78
803 2255 20
6159 4997 21
6159 93 27
4356 7140 23
8077 6501 96
8077 6232 95
8077 1857 69
5489 246 77
7470 3531 62
1284 1739 83
2018 5743 28
1430 2043 27
2829 1600 81
2829 3835 86
2925 2339 95
2925 1952 53
2339 6938 77
8738 7921 82
7244 1318 95
3525 4584 97
5847 1680 14
1680 2252 20
5728 6286 66
5728 1303 28
5728 4429 75
5594 5046 53
5819 7374 63
5819 2786 50
7374 8159 54
6281 400 33
5864 4574 53
4574 3730 45
358 7935 60
4721 6203 34
4721 5792 92
6203 5114 65
6203 8363 16
1765 2453 60
1765 5253 55
2453 609 21
2633 3864 50
2633 8338 9
7348 7341 12
7348 5970 35
7794 756 51
7794 8589 87
7491 4086 62
5999 4731 96
4731 1529 77
4731 4227 85
4924 7926 82
4924 6677 71
7926 2613 52
1783 2490 17
1783 6102 93
6265 3149 43
4997 5805 99
6956 8599 99
1127 3682 5
5375 748 44
748 7857 73
5323 4804 75
5323 7198 3
4804 4882 94
8623 557 41
8623 3069 39
7648 6119 27
1585 6898 70
300 1517 38
1517 5 99
6276 950 79
950 3802 49
4479 6543 8
576 2130 15
1339 7175 69
1339 1468 69
7175 1817 44
8729 3451 58
3451 7309 72
2776 1411 90
3052 2714 20
2347 4443 39
2347 6520 29
4443 4191 85
8026 556 32
8026 2756 82
4431 3276 55
3276 3137 60
3841 161 14
7873 2409 7
7873 1793 46
4182 4293 81
4293 2160 43
1475 511 50
1475 7623 63
1475 1686 93
8138 228 56
8138 4679 53
3331 7767 95
4361 4729 40
4361 7042 24
4361 3490 100
4361 7253 5
4425 954 66
4214 8454 46
4214 4357 9
4214 8382 36
8454 1705 83
192 3667 66
192 5630 66
2374 5668 31
3739 7881 95
7881 4330 87
7800 4417 83
1578 5960 86
1578 6960 99
1914 8359 94
1648 2091 82
6890 6185 39
6890 6205 48
6185 8845 65
2219 5322 76
1860 2973 20
3157 547 6
3157 5296 35
547 6433 45
963 7902 40
7902 2075 43
1086 4023 45
4023 3981 42
1778 3407 38
1945 1890 58
1890 6694 28
5843 739 71
739 8506 55
739 7927 25
1044 4497 39
1044 3673 98
1044 3460 91
5358 5194 40
5358 8674 36
5194 1732 27
7235 4484 43
725 4595 84
4595 3098 5
4245 2822 55
4245 2719 96
1857 7464 56
1857 933 67
1857 2844 98
1857 3954 39
7464 1450 79
8705 143 20
8705 6929 14
143 8588 26
1911 4054 20
4054 2875 75
3169 7932 60
7578 6696 45
4106 766 6
4106 411 61
6546 8456 7
1966 2516 78
8745 854 39
8745 2250 100
340 3321 87
538 961 1
538 8081 50
538 3007 87
380 640 98
380 7969 9
380 8321 5
4905 8644 75
1147 4543 68
1147 6899 90
2654 3955 42
2654 4471 76
3955 1308 42
3712 255 60
4640 2730 22
4329 4070 99
3527 5298 81
2264 2496 68
4959 8374 97
4959 4082 21
7392 3850 81
4511 3280 17
4511 2543 13
1986 7070 11
7070 614 48
7042 3900 26
4891 958 26
958 879 1
8733 629 16
8733 5393 31
4248 4757 64
1064 5104 96
5942 1448 86
1674 4112 25
4112 4510 94
4831 5066 91
5066 8481 26
1405 1799 88
1799 6403 33
5143 5522 52
5522 8220 52
773 151 49
600 5027 98
3400 2221 97
7043 872 54
8307 6475 61
8307 838 47
2982 8317 91
8317 4638 5
4446 5036 93
4446 7227 45
8716 6473 27
6473 4657 99
6473 4241 3
8367 5725 54
8367 6478 3
5283 4304 26
5283 1347 78
4304 3928 44
4917 788 5
7551 5014 59
7551 1547 100
5380 2579 94
281 3905 44
6764 4631 13
6764 5763 51
4631 5917 33
7029 7357 36
7357 8065 73
4911 1922 71
5237 1416 51
1110 6196 86
1110 6003 50
6196 1850 2
6196 1965 50
5727 1184 96
8748 6778 67
8748 1217 19
8748 6297 90
6778 2211 65
2026 993 62
993 197 64
8810 5684 74
8810 8178 75
5684 3860 92
5684 3775 20
5684 7285 74
1737 7209 22
1737 429 21
1737 4162 66
7209 3109 89
3190 280 48
3190 8372 75
3190 2149 95
858 6885 76
1001 1550 90
382 4582 3
4582 497 10
6112 238 59
238 6806 80
1200 5818 51
1235 2310 53
1235 7461 39
4433 4531 75
4433 1114 56
4531 8141 80
4531 6004 11
7280 6397 63
6397 5540 13
7716 7095 82
7095 8203 61
2832 3316 79
2832 4249 24
2907 711 51
8506 8206 20
8506 3561 21
8506 6198 13
1850 1447 57
6243 7335 90
6243 2319 7
7335 807 30
8518 3567 95
8518 3045 40
3567 2570 36
3567 5911 85
7731 7756 73
7756 6564 28
7198 6057 75
3230 8366 98
8366 8341 27
397 2072 87
2072 3273 43
6271 730 96
6271 5659 4
730 7310 69
2482 6872 45
6872 4228 59
109 2818 38
2818 5258 80
2818 6871 65
3956 1123 8
3956 1608 75
3860 8433 64
8751 7872 29
8751 7898 16
2761 3155 35
4223 8083 65
4223 7044 42
274 4925 92
274 2034 17
4925 2371 16
4925 6195 40
641 1669 7
641 5993 32
1669 4405 5
2905 7136 32
792 5493 17
792 790 72
5493 4557 97
5322 2502 76
5322 2751 18
8294 3170 51
8537 8582 64
8582 4701 88
8582 4019 34
5465 6316 57
7460 6191 62
6191 3240 93
5830 46 29
652 6722 63
6722 8377 31
5765 7836 1
5737 6352 98
4198 4142 54
4198 311 3
4142 907 1
515 2697 29
8596 7387 12
8596 6524 51
3240 7026 85
3240 8187 72
8270 7119 31
1347 470 27
7920 933 75
5057 1775 89
3969 6502 19
834 2864 36
834 3869 51
834 6602 38
1269 3066 53
8392 5606 70
8392 8632 41
5606 8700 14
7019 2712 27
1012 1403 73
1012 4164 61
1544 2904 94
2904 4321 86
5734 1039 60
6005 2105 85
6005 3698 27
6005 7241 95
6005 2590 59
8726 4253 12
8726 2785 76
4910 6888 95
4910 969 58
4910 5359 85
4910 4275 30
6888 4739 95
7284 8300 29
7284 1433 16
3492 8846 8
3492 5357 68
3492 5185 75
2362 35 51
8043 252 13
8043 7159 39
2108 8297 91
2108 6210 84
8297 6459 55
3533 8517 20
747 2027 57
3354 4798 33
3354 8662 64
6260 1795 22
1795 7729 39
5511 6487 50
3994 7605 50
7605 1290 24
2911 4114 41
2313 2748 4
4111 6867 34
4111 8684 94
6867 7453 24
1005 4412 21
2190 2839 64
2190 7614 32
2190 3506 33
2839 5051 89
5306 1522 10
4743 376 33
4743 7219 1
376 949 29
8206 110 1
4357 502 57
6719 4018 67
6719 563 58
7117 6388 55
4453 4503 18
969 8031 53
969 8255 27
6580 578 53
5327 5127 65
3241 3461 4
4612 3728 5
1034 3466 47
1034 3218 56
5826 6808 90
6970 5067 100
5067 234 28
4781 8826 39
4224 696 64
3685 683 85
3685 171 20
683 4195 39
488 8046 27
8046 5370 52
557 5433 44
6958 4558 63
2169 8165 43
1388 310 47
1388 7162 71
8562 1288 26
8562 6069 31
5932 5615 36
1022 448 43
7390 4252 64
4252 2372 23
4252 8268 45
5152 4477 59
6564 2149 61
5004 965 34
5004 272 18
5004 4646 20
5004 1937 76
965 2534 14
3261 1631 45
5854 4057 23
5854 1805 39
4057 4360 12
422 1689 54
422 2462 98
422 2441 26
1689 2067 47
195 6489 59
195 1707 70
6489 6338 3
3320 1224 43
4436 5555 91
5925 1137 9
7463 3135 85
3135 2182 58
3135 4441 52
7733 8758 49
8758 1283 29
8758 8504 60
6387 5481 2
6387 228 64
1535 4830 86
1535 3734 70
7774 5366 63
7008 2064 64
7008 546 16
2064 1087 47
6590 3912 45
6590 3754 16
2403 5211 27
2403 3134 83
2403 8241 9
2403 6903 65
4546 1186 91
4546 186 95
4546 7734 77
1186 1392 3
6117 5752 50
2929 1033 96
1033 8572 49
1164 436 61
1164 4217 65
1125 8798 69
8116 3552 28
8116 7318 17
5978 4850 81
5978 8261 16
4850 7695 21
8172 6613 40
8172 754 36
6613 6826 5
6527 4784 39
588 2305 10
588 7379 42
3335 174 100
174 3199 42
8195 495 85
8195 7012 81
3612 8182 58
3612 839 5
7858 6322 20
7858 2265 58
4056 1469 94
7961 8687 23
7961 7314 30
7961 654 63
7961 5729 67
3338 5405 61
854 4516 32
5266 8796 28
5266 1240 8
5266 5547 13
8796 6082 53
3245 3294 95
3245 8285 3
3245 1997 2
3294 1874 78
5647 7430 69
5647 691 22
1923 1431 69
7441 1080 1
7010 104 60
6893 1283 49
5739 1970 27
1970 2798 78
5700 6900 40
5700 7232 50
5700 8332 89
5700 8842 11
6875 5632 94
6875 2340 75
5632 7218 28
4216 1645 23
4216 4821 51
2281 2267 56
2267 7627 28
4500 4075 31
4500 657 59
4500 2125 47
2176 3973 63
4365 7075 27
7075 3293 64
2978 5032 18
2978 7889 55
3191 6406 90
3191 4183 62
7288 4753 64
4753 6693 100
4753 3403 77
1443 7020 80
1822 4156 88
4156 6578 83
2526 5974 73
2228 5480 27
2228 1211 7
5480 7724 58
3511 6701 6
3511 4194 63
3511 4686 67
6701 7229 69
6442 7854 61
6442 5857 69
5235 7082 78
5235 8618 45
5235 2250 81
7900 1591 56
7900 4303 72
479 7832 43
7832 6881 53
2338 1373 76
1373 1601 28
2731 3832 23
3832 4380 48
7006 4629 48
4629 8395 92
4629 306 41
3960 8322 60
3960 224 85
3960 1743 59
4128 723 77
7208 1952 2
8466 4421 91
8466 6167 49
8827 2447 86
4974 1703 4
4974 4154 29
1703 7734 37
4862 2133 87
6795 2476 67
931 1170 40
8528 6304 93
8528 8248 62
3799 7639 24
7639 7693 2
5346 1482 82
6550 3313 93
6550 3174 23
6550 698 15
2952 3115 72
3617 1512 52
3617 7680 85
1512 3815 15
5801 1971 52
5801 5730 37
5795 3877 56
7318 3322 22
5272 5166 60
5166 261 24
5472 7549 1
7549 3848 54
6637 1156 36
1156 1052 39
1156 5910 91
4892 8220 85
4892 2003 5
8220 2967 30
3450 1016 18
7964 7526 90
7420 1815 49
3281 5793 22
2798 4274 97
6047 4284 38
4284 5591 94
3460 7563 91
3460 480 42
3460 1897 79
3623 2148 12
3623 4692 6
1968 2576 73
909 5514 94
909 8293 70
2336 8525 3
2336 3403 70
8525 44 84
8525 6784 50
4567 4785 21
7538 6615 48
5773 3427 80
5773 5073 95
3427 5836 97
3427 3297 37
2617 2809 15
2511 2450 5
7297 6145 4
1753 1091 55
1753 2096 84
4352 4132 78
5060 449 67
2912 5265 68
5265 3147 22
5265 5919 73
6943 7684 88
7684 8098 51
8712 1675 67
3826 8531 1
6676 151 91
4564 5601 74
4564 3948 92
5601 5834 45
2003 721 79
2003 7170 32
5198 6195 65
6195 8551 95
8488 5731 51
1267 7031 5
1267 6709 22
2036 7707 26
2036 584 20
7707 6348 33
8350 6861 62
8350 137 52
3407 8741 66
2570 2449 36
4821 4185 69
5241 911 30
1521 6607 50
8637 2177 93
2352 5866 51
5911 7331 10
3560 8400 24
8400 3059 46
2755 4942 5
7108 8376 17
6466 7141 42
4971 2412 15
2483 3538 8
6987 8460 14
5740 6355 72
5648 4649 99
4649 513 54
4649 1161 66
3002 900 70
900 5751 77
3740 8232 8
5910 943 41
943 2164 75
8762 2558 62
2558 5676 79
7916 6928 96
7916 8850 81
6928 268 53
2244 3737 41
593 7891 62
593 8178 70
7739 7013 92
7013 1206 80
6723 3035 46
6723 7593 24
8459 1814 23
4201 6367 41
4270 672 21
1913 7091 42
1913 3159 50
3722 3057 71
61 164 79
61 6818 7
8320 6064 85
8320 8785 51
445 2315 29
445 3891 52
445 1214 13
5533 4306 90
4306 1921 11
9 1271 14
9 8831 50
8610 8839 78
5404 2859 1
2859 8255 80
2859 1237 22
8129 176 60
5104 6672 86
5104 5991 67
4480 2283 41
6697 2547 80
4696 3546 94
4696 8187 10
910 6154 34
6154 4960 14
6948 7940 49
648 3505 18
648 678 75
1791 2068 48
4610 101 67
4144 1924 74
4144 2112 78
3929 4871 18
4800 710 20
6814 703 53
8255 3773 53
8255 2673 3
6800 5396 8
6800 1452 51
471 1991 85
6209 6124 54
6209 2185 97
3195 1978 49
3195 6925 84
3360 6128 17
3575 2990 59
3575 851 59
4754 7089 69
7089 2235 70
6847 6115 36
6115 494 47
8483 4002 76
3689 4007 54
3689 1048 89
7484 8355 29
1420 3035 77
1420 2461 51
7701 497 42
497 1080 62
7769 7712 41
7712 4450 85
2098 7438 27
4819 6647 55
8090 8551 90
324 1661 38
324 7992 15
4058 2094 26
4058 3975 1
2094 947 53
7548 733 80
2173 5706 22
2235 1133 5
8516 4604 60
8516 4420 46
8767 6815 86
1872 4955 77
1872 3275 69
4695 2320 54
2320 7155 72
2808 3173 61
2808 6438 57
1818 805 81
1818 8591 16
805 6423 63
2594 7579 20
7887 3231 100
4194 1219 26
4627 5445 36
4627 5450 83
6952 7353 55
4018 4318 54
7732 3959 100
7732 8333 16
5680 8834 6
8765 7572 77
7572 3468 67
1897 6524 18
6982 7137 83
2310 6198 87
2310 5528 22
2304 4756 77
2304 6707 89
8544 7828 88
8544 6671 54
8544 2671 30
8544 7602 37
7828 5938 25
1683 3423 99
4372 1777 38
4079 8385 78
8385 5500 40
44 8388 89
8388 6359 90
5979 1438 18
5428 653 54
5428 4769 14
8690 6479 89
6672 7595 59
3542 5623 16
3542 7714 13
3542 4587 14
35 2188 19
8649 5770 63
3106 3243 30
3243 328 48
3243 6538 29
2847 4995 49
2847 5361 33
4196 4226 100
4196 5625 30
1854 7109 78
4269 1008 4
4269 5832 39
3146 3755 45
3064 5657 25
5657 3733 8
3433 2806 5
3433 5547 27
3433 937 37
4460 1792 53
4460 385 10
1792 5173 74
4346 8381 90
8381 1211 56
7595 467 54
8841 3946 85
2647 59 54
2647 2685 86
2647 7050 18
59 2785 26
59 1460 97
59 8484 66
2840 7179 64
474 7226 98
474 3258 13
1950 2910 73
1950 3010 72
1240 7571 33
5543 8067 65
5621 3488 92
5621 1972 13
5621 3945 9
3488 2494 47
4180 1811 93
4242 6965 100
6788 4129 48
6232 7540 24
7496 5758 62
5758 6139 62
5084 6392 13
627 4105 13
2604 5146 56
3647 8463 90
3647 1466 93
8463 1529 82
4267 6738 90
4267 1912 90
6738 7627 85
8178 7097 99
566 1320 94
2272 4999 11
2272 5736 3
824 1789 81
1789 7326 14
7621 1965 88
1965 2332 32
1965 8264 37
2868 1241 89
1241 2685 86
1213 721 44
4873 2790 82
2790 5498 9
6579 4523 68
4523 8583 29
485 840 17
704 4701 100
3216 7686 87
8295 7386 27
3534 4505 56
4505 3512 57
2078 292 31
8165 3651 28
3651 5315 13
3651 2435 43
2698 2243 39
5969 1643 62
62 8365 23
3371 1707 74
1707 780 61
5013 2112 73
2112 2145 59
3737 203 83
203 2202 70
203 1678 52
203 7734 99
7616 2918 30
7825 5551 3
5551 57 20
2220 1511 26
2220 5505 20
8349 4385 28
8349 2797 53
4145 201 92
3239 3129 92
3239 8505 25
8446 665 12
8446 5620 16
8446 3595 28
7719 357 46
7719 5872 52
8060 1493 77
1474 7975 15
7975 7219 50
2773 6289 20
2773 1701 29
3991 685 3
587 2541 43
587 8134 49
587 1727 58
5438 4645 70
4645 1571 51
864 3897 60
864 8457 94
3159 679 52
4225 2985 25
4225 8600 82
4225 741 3
4063 6694 66
6694 477 84
6694 6832 73
7935 540 8
4692 178 96
4692 481 7
178 1282 51
4014 8335 24
4391 4947 91
1049 6481 96
3140 2189 22
3140 218 74
3140 418 45
6043 3029 58
6043 7610 2
3029 7305 31
3029 6596 27
304 239 99
2903 526 11
6277 1584 20
5282 5360 20
5360 3383 56
3128 4358 2
218 1604 62
218 4779 61
8273 4699 91
1961 7582 98
4147 3434 87
3434 1198 55
3434 8713 47
2400 3420 46
2400 2670 43
5845 8790 61
5845 4690 11
5845 8344 21
8790 2881 17
3824 2882 57
2882 4209 20
2554 8674 84
2554 8133 11
8403 7047 41
7047 1637 10
298 1407 86
298 7571 10
7461 8069 70
2021 4787 59
1917 7704 47
7704 6102 17
7704 7255 13
5581 7158 29
4181 7727 54
7424 3408 92
1887 5694 44
1887 7315 13
184 6541 34
6053 8362 14
6053 3289 66
3715 4878 46
816 2830 19
309 927 36
927 7370 72
3663 1296 57
1296 6671 83
5837 2915 54
5435 595 43
595 6781 92
5903 6411 36
5903 2066 10
3581 137 62
8184 6386 28
8184 7560 37
6386 3978 36
6386 6506 57
5764 1643 82
1626 5261 94
5261 1106 67
826 5599 83
5980 7074 13
5980 4084 86
565 6573 41
5557 7629 53
4647 1359 20
1359 6596 99
5155 5804 57
5155 230 71
4714 1725 57
4714 2892 65
5315 8246 76
5315 1816 22
1732 3341 70
1732 4184 55
5279 7847 98
5279 8311 94
5976 7985 25
7985 8756 22
7596 7051 54
7596 6729 74
7051 5508 26
4770 3463 34
7156 6234 65
2164 3497 89
2164 5593 76
5239 5234 45
6285 1889 45
1889 1342 2
1889 4728 96
3297 5455 10
414 7452 72
7057 1784 49
8563 3942 97
202 6779 34
5580 5135 89
5580 3490 77
1761 5943 36
1761 1952 65
5943 70 39
1455 2977 6
1455 1122 58
4136 1176 97
4427 6337 49
7471 103 24
7401 1375 18
7086 6898 39
7086 8586 49
6898 1736 37
4471 6113 23
283 1116 27
6365 2265 59
1926 4430 2
5822 616 36
5822 5741 49
1773 7709 84
7709 3008 13
1612 6792 43
1612 8035 5
1612 429 90
1677 8684 87
1677 7495 9
2881 3658 97
2881 213 11
2881 1816 47
2967 975 55
4662 715 69
867 1589 14
6198 6686 20
1228 2246 14
2769 4599 17
2769 7526 76
6317 3713 54
4426 5149 71
8203 5715 37
3168 3248 40
5859 8550 25
4594 6714 22
3555 1944 99
5276 8238 63
5276 2275 30
5276 4151 55
4998 583 69
3948 654 53
7986 6484 13
7986 2477 99
3412 4108 72
4921 8329 3
8329 3821 78
6205 8442 21
2293 2766 35
5829 3375 92
3554 2322 68
3264 1549 74
5515 6368 87
7030 8760 4
7030 8265 71
3470 5052 23
5052 6396 3
5052 5250 25
669 1148 14
7822 4572 48
2754 1334 82
6751 7757 25
6751 8267 100
7785 2995 92
2591 1074 60
2591 8774 43
3126 4271 5
2121 8764 1
2121 6471 70
377 2014 68
4683 8119 62
7673 2686 60
972 8444 75
171 6414 28
8199 1514 47
8199 466 66
7969 2852 83
7969 7874 35
4130 7366 3
6806 7213 7
7081 1394 37
3553 1220 8
1734 1133 67
172 8051 85
8051 3298 93
3147 4693 29
2188 8226 5
8226 1504 28
4735 6194 23
4735 7036 13
7468 2412 26
2781 5762 65
6749 1210 78
6685 2838 76
2838 52 42
3775 138 63
466 5201 1
466 914 65
313 2897 81
2897 7123 100
8699 3911 81
5232 4208 11
2549 8661 35
2719 5685 75
5685 3731 79
405 6422 33
405 6895 64
7508 4048 44
7508 1622 70
7508 2327 43
4048 6630 28
3738 3369 20
8285 6167 4
4525 8482 98
5868 8472 55
8472 3932 21
8472 4922 73
4894 6013 30
5384 5332 10
5000 6416 30
2751 4556 37
2751 3880 55
4722 343 94
276 635 45
276 2170 37
3746 5625 92
3746 7554 47
3746 5787 67
7481 5220 17
4557 8170 51
1135 420 3
1135 6313 99
1135 2463 81
1135 2777 77
2388 3437 28
5120 3691 58
5492 853 30
484 1768 82
6292 3465 31
6292 5007 34
8373 7416 87
8422 3368 8
7127 1501 19
5430 1489 97
3584 5848 47
3584 8380 8
224 286 19
287 3927 45
6283 4839 30
1043 5050 22
1043 723 85
1043 6123 4
1043 8553 99
3204 7436 19
3797 339 47
3341 6658 40
3341 1495 7
3346 5090 32
4192 8710 65
4192 404 35
4192 4725 5
8710 5661 33
5918 3370 86
5918 2707 64
2923 4072 15
4279 2935 48
4279 2452 56
926 6194 71
926 475 69
3336 1426 44
1426 942 27
2914 8001 4
2914 2330 28
721 3700 5
7193 3770 6
3770 4131 59
4072 3776 27
4072 1192 92
70 3322 54
791 4771 33
2461 124 56
3551 8258 10
3551 5993 74
696 6215 8
696 4162 3
6908 4806 41
4806 2095 19
190 3625 50
7245 1154 51
1154 7593 32
4244 3061 18
7911 2247 54
7911 3639 57
1692 3571 55
1692 6083 51
3571 140 94
8407 8291 75
8407 7680 58
2823 381 88
2823 667 59
7672 5135 21
7672 8052 46
8233 5906 21
451 1569 6
451 1770 67
3854 6431 6
6717 4022 22
8607 4624 58
8607 443 3
8065 173 48
8706 8018 14
8706 2319 24
2623 6215 20
2449 3964 22
5458 4135 32
3900 6724 70
2898 4085 29
5308 42 34
685 3235 95
685 1538 28
685 4805 56
3235 3719 44
6531 7855 73
2863 1633 12
2863 2245 56
6457 8260 18
8260 4590 35
1450 2801 12
7998 2345 38
7998 4734 12
1460 5919 79
6858 7312 37
4611 7598 64
4133 4423 23
2475 8242 12
8438 2797 79
2797 8041 67
2797 5952 26
4863 3540 3
4558 1660 62
7038 2494 98
7038 2816 38
6781 4275 83
6914 3143 49
3143 3858 24
5083 4528 52
8066 808 27
5335 5391 79
5335 7466 69
5335 5967 65
5092 443 54
5092 7516 51
443 5909 54
5846 3925 62
6385 4339 7
8159 6810 23
3011 611 30
7867 5385 79
7867 6371 26
2974 3384 46
2974 329 96
392 1289 36
392 579 48
4798 4476 39
2908 8819 27
2437 3657 57
8682 3009 27
8682 5751 23
5898 6453 11
7779 2143 34
7779 4286 87
1205 4165 7
4165 7063 68
5142 4089 17
4089 3834 9
878 7115 24
878 2067 49
8693 753 11
544 7907 88
544 6737 93
544 6834 50
1466 1631 45
78 487 21
3295 3085 38
5015 7046 30
5015 1079 59
5015 873 64
7046 7274 83
1300 6946 25
6946 8624 46
4789 4678 89
4789 4294 38
5099 516 45
5368 4724 15
2456 4042 93
2456 1616 67
6953 4893 77
1875 8054 76
1875 1719 34
8593 2329 16
8593 8055 55
2329 5484 16
897 4454 73
7395 1865 96
3242 7650 96
3242 8166 71
8803 6499 44
6499 8410 21
1667 3908 31
2067 3103 92
2067 5242 48
6274 6868 2
6274 6638 72
3184 1747 7
1447 139 82
4527 1065 84
1738 3003 97
1738 1063 46
3051 827 91
6214 6937 21
6214 1906 90
8377 5701 93
7239 3455 39
7239 210 77
5794 2170 60
7575 8268 77
8268 5896 80
7292 2427 34
1865 6608 4
2435 4336 74
4336 7652 72
2024 5565 84
5565 2893 50
1444 29 94
759 5635 58
8348 1899 19
4639 2988 74
2289 2524 46
7668 5598 84
5598 2885 69
5620 3523 62
5528 1996 49
675 1840 50
1571 4006 91
2117 2644 87
2724 677 6
1079 5596 36
1079 4326 54
3119 6906 61
5827 2154 34
8104 258 40
2553 2095 61
7129 6054 86
890 1537 59
890 269 58
3734 7004 2
5195 2406 18
5128 8063 34
8797 4802 73
4064 7247 85
4064 3852 1
4623 2187 30
6316 744 64
6184 2396 3
5766 534 14
7692 4429 48
4429 5326 82
8820 6618 76
8820 1117 60
7033 7476 47
1000 1539 7
1437 1408 77
1408 5181 96
1408 1824 21
6109 5214 6
6174 7661 22
3733 1372 58
6216 3846 34
3731 2004 12
8571 2661 61
8571 8668 53
8571 5701 59
326 6345 88
326 8306 41
2874 4931 13
1718 7266 77
5820 3954 55
1988 2588 68
4514 6821 16
4514 1258 72
8609 3329 90
8609 2332 70
8673 6228 18
2300 470 24
5676 3314 42
896 6552 38
2989 4458 30
4118 2243 40
4118 7451 26
898 1270 47
2314 3906 99
2314 508 73
5433 6427 9
3358 3820 42
3358 6168 84
2277 159 77
159 2680 72
8440 6584 89
7514 1174 21
8676 1211 62
8676 4515 91
2537 1664 12
4464 2750 27
8689 6069 13
7944 2873 8
3409 6015 47
3409 3413 98
6816 1446 89
1446 1308 52
1446 4360 86
1881 994 44
1323 180 91
1323 4286 51
8756 5011 95
5108 1122 42
6635 1742 30
3930 5751 54
8363 5363 22
1505 7735 62
1505 1278 77
7735 8842 29
2966 4087 83
3989 5424 33
1244 6967 72
1070 142 2
5894 6783 34
667 7379 74
667 5573 60
1481 3566 49
1326 7686 31
7686 4622 33
7264 5398 57
5828 1237 100
5828 4383 98
1237 8830 35
2034 7982 39
2034 5930 47
6227 323 78
8288 6761 11
691 5558 83
691 5554 68
2977 4592 36
3490 2766 74
5959 2987 12
385 2934 45
6732 3950 74
3639 3399 90
5719 6449 93
5748 6057 63
1527 2828 50
780 3428 32
780 163 88
6940 613 58
7495 4384 4
4384 1740 56
1837 7215 62
2332 7151 54
7050 5548 93
5402 4963 36
1526 1802 50
1802 1834 33
1153 4016 99
4016 5950 79
2354 7520 12
2632 8369 34
8369 6440 4
5326 6158 75
3396 564 72
7574 374 19
7571 6507 71
6122 1190 36
1190 4312 11
3165 7391 64
7702 2132 42
6912 1223 87
1117 4887 77
3791 5251 97
5699 2621 24
1903 6355 75
1903 5637 32
5736 4518 48
2757 4694 46
2737 6141 8
4570 6433 71
6815 3361 83
1490 3947 52
5488 7214 62
5488 4241 1
536 8717 90
7841 6889 89
6921 2439 49
7123 5412 95
7941 1424 55
2997 3343 86
6379 4537 42
7197 775 40
8824 930 15
8128 7171 61
4241 4046 28
681 1120 38
6255 622 6
5832 4515 18
5161 8168 20
5675 4213 21
6376 7896 94
7896 347 84
415 1037 74
318 866 17
8713 4976 49
6406 1983 33
4215 2725 33
8540 546 85
8540 7260 69
837 7167 80
7167 1313 31
801 2951 44
8517 5711 100
5711 72 13
5484 6576 90
3247 1987 75
3676 7212 4
6670 6793 16
3107 6075 23
1313 3936 99
3232 8526 51
2028 4517 55
723 6036 1
4195 4442 69
4853 6164 85
6164 6803 52
6164 2721 100
7748 4017 20
7447 3352 74
3352 423 50
807 8186 92
5519 1506 44
777 503 11
503 4457 81
1114 5148 15
5024 5713 20
8101 7853 94
8101 5869 69
548 7966 47
6432 2827 100
2827 5091 78
8634 999 1
8634 1335 70
1817 7721 39
6290 8490 15
8490 2671 61
1702 8443 88
3818 4908 58
4360 5097 75
4360 5037 77
618 5417 11
5079 5416 24
647 887 70
5371 8698 12
7134 8620 36
4619 6424 74
6996 6923 59
6996 8695 65
6917 2007 24
6019 1483 8
336 5628 40
328 2089 48
8777 1452 1
5804 8763 51
5804 4843 4
3605 251 63
5849 1801 46
6868 1823 71
5254 3328 50
8427 8113 21
8113 731 29
6353 6048 91
8121 5863 51
5863 4117 41
132 3141 43
6221 4747 22
2476 4964 38
7466 8646 75
2049 882 66
1069 7207 89
1020 2178 25
8194 7173 48
1884 7377 17
8055 1042 60
1042 5531 45
6690 8327 54
6690 2816 45
2288 3598 80
5345 5395 42
6975 2603 85
2686 4909 30
8435 320 22
1366 8023 40
5363 1696 51
658 8643 69
8041 8448 76
2861 5268 44
7364 3707 26
7364 7763 35
3707 1181 33
3707 3729 80
2096 4930 73
7100 7894 25
6508 3110 89
6383 3950 38
8548 6426 40
4286 6000 35
6010 8635 74
5095 6328 60
6343 8280 78
47 5612 75
2113 221 95
221 3622 82
221 3727 32
6884 7189 83
5450 4884 22
8333 31 7
31 4231 35
31 472 91
6506 7535 31
637 2619 9
3950 6597 59
7161 5486 17
5136 5342 63
2702 4355 50
2702 2099 93
2138 2059 50
5475 6595 5
5984 2077 86
5287 3133 75
2230 3353 85
3913 7808 59
3395 1222 17
7685 1568 8
7142 2666 76
297 494 26
2886 3178 38
2886 129 2
284 7768 88
6382 6493 2
5763 8603 78
5763 5243 98
8819 5109 23
5109 6415 12
8223 8196 75
8196 3884 6
7413 351 22
539 5349 29
1305 5090 84
619 1740 60
6498 4870 31
2595 1356 38
4990 7411 27
7128 2054 82
43 4926 28
5497 7246 100
5497 7016 41
7246 591 97
6995 8829 6
5249 5020 61
1621 1685 50
1621 5116 6
2120 2044 69
8798 6230 10
2568 5085 49
2568 4387 78
1404 5777 65
102 1928 90
2525 6446 23
5334 7576 84
1653 8533 6
1653 4028 5
7628 591 89
2981 905 7
4141 6092 43
6296 7557 59
6296 6969 100
5791 7584 81
5574 6074 74
2356 65 100
6262 6134 55
4409 5297 77
1972 2518 47
2421 8581 53
60 1951 62
1951 3627 81
1538 6249 70
2384 7151 43
7151 797 91
5255 5687 31
7587 7843 82
6452 7231 100
7107 51 82
3088 2012 17
4978 4168 92
362 1998 21
8701 5302 82
5853 7892 13
4236 5945 6
4394 3728 100
1495 3073 96
1099 1846 99
7236 6319 67
4277 709 87
6339 6374 28
6650 7519 46
845 2680 88
5613 835 74
490 6909 77
569 7425 85
3512 1107 96
6373 6804 6
6407 2268 100
6526 3931 60
8603 2564 80
1128 3202 52
6530 1995 80
6530 1024 65
2445 8658 26
5546 948 2
8584 179 44
6517 4860 28
5290 2438 68
3545 8002 76
7852 729 59
4335 226 52
7457 8771 22
2872 862 29
866 1615 32
886 4199 31
1939 6540 17
1947 7507 53
638 3784 53
8411 1354 39
1354 7797 74
2720 3200 3
1659 7504 91
5838 8775 31
6638 8152 46
3987 7016 7
4663 5895 96
7085 1933 24
6616 4486 33
7958 2756 33
5112 940 24
3219 7307 3
2732 1909 8
7534 7803 18
7534 7635 76
5780 8164 46
3158 1030 12
970 5432 63
5432 1788 52
4320 3597 39
4230 540 50
2017 8543 34
5759 8107 34
7561 4331 17
4331 2424 89
980 4687 61
3067 1336 61
8200 2979 40
7346 8386 47
8444 8604 50
6495 8215 63
5715 4637 45
4888 5096 35
6823 7603 45
7603 4496 95
7603 7543 25
3594 552 5
1821 919 93
3468 3509 64
6742 3804 20
6677 6942 50
3630 6381 79
169 2848 93
2848 4598 98
8134 4470 67
5487 4583 49
5064 1830 2
1749 2608 91
5566 4190 93
1595 2440 60
5116 6733 27
1458 5162 26
244 5901 7
1898 3780 16
1198 7333 66
4312 4536 43
4326 1984 96
1885 2065 64
1885 2958 38
2958 3092 36
3092 257 60
5935 734 22
6880 1955 54
7435 1896 98
3267 1533 54
3267 2295 88
6544 4637 87
835 353 46
829 8847 74
7087 8696 89
4280 3563 49
1295 8014 32
7634 4381 14
4381 6577 40
4571 3072 55
992 4392 75
1835 6812 48
974 8755 73
1329 6959 90
5800 4940 74
388 425 55
1735 1634 42
1735 6464 63
8431 5076 30
7843 5048 94
4410 1649 47
1649 1772 3
7833 3228 16
1365 7206 3
5204 2207 77
2846 5671 56
7438 6022 28
7270 3892 96
4661 2231 13
1717 7356 24
5645 7240 78
2597 1798 72
4084 5815 55
8406 5293 1
1684 1362 29
8331 4593 76
1181 6049 19
8592 5958 30
1492 2342 40
1557 2551 69
389 1449 69
5180 7458 4
5600 8110 44
2683 590 98
4183 4495 77
4658 2381 90
3172 55 47
5437 1500 9
7569 3053 99
8445 1963 54
947 6793 24
3565 8815 42
599 112 44
802 1519 27
6743 8247 98
375 8340 60
3688 437 43
18 8497 50
8553 870 94
2778 2616 42
3326 6535 16
863 6500 41
656 3079 15
5372 2198 80
2891 2953 70
5403 7067 86
5517 6882 19
2649 7184 58
8216 7500 34
1341 7216 7
966 6017 39
4032 3963 95
6197 215 74
8020 8161 73
8675 3449 59
6182 2232 1
2862 7531 33
7545 1580 88
5236 3044 88
8397 456 87
8279 4711 23
4732 1175 20
4732 1602 92
1519 4773 63
1519 2234 86
5186 7389 36
8408 7454 1
478 6189 28
6628 6998 7
6163 7148 85
7072 1642 92
3480 2630 74
2111 5495 58
5299 2648 77
4001 3282 79
918 5626 1
3788 6557 4
7190 7122 57
2466 4684 84
2739 2899 85
2739 8409 67
6849 5545 99
4 7339 9
1041 4263 70
6324 5140 37
3966 3921 38
5498 6639 94
1369 5313 14
7423 83 80
3616 6980 48
6980 183 74
3104 3299 41
7580 412 52
1808 7290 56
5442 1330 18
4163 3649 98
4411 1956 62
7056 2053 67
7506 4311 84
5058 1567 34
5771 1467 35
1346 6436 48
6460 3710 30
321 4434 9
204 2833 86
7706 157 96
3097 1470 25
4679 8163 61
6759 5348 83
848 3762 57
4979 7730 97
1701 3442 45
3951 6350 78
523 3838 45
1379 1942 16
8050 1594 39
7172 3445 55
7626 5352 10
2675 6548 72
4019 92 13
8330 4015 23
1949 2366 51
7118 2939 19
1454 6703 37
542 8048 44
1062 6417 64
8132 473 15
4276 4539 63
1534 707 48
4507 5757 33
2615 2774 82
8028 2380 75
455 8750 5
2581 8212 53
319 6997 33
5881 4155 11
