3700 1842 76
3700 1156 22
3700 2196 49
3700 488 92
1842 1898 34
280 3669 7
280 2022 47
280 3957 67
280 2508 8
280 1350 80
3669 2344 28
1705 1745 4
1705 2574 99
1705 3704 49
1705 1060 42
1705 1140 62
1745 454 90
1745 2382 39
1745 377 19
638 3397 45
638 3977 38
3397 3720 79
3093 3307 73
3093 2549 70
3093 287 28
3988 2238 51
3988 3531 76
2238 2442 45
2238 1929 74
877 421 100
421 1802 33
421 731 58
421 2900 24
2302 2196 44
2302 1808 19
2302 817 40
3453 549 84
3453 2340 42
549 204 95
964 1366 47
964 2781 2
964 3095 94
964 1814 82
1366 3460 4
1366 4008 35
1366 3260 70
3645 3112 96
3645 3460 72
3645 4139 62
3112 3638 62
3112 1543 57
3112 523 1
3112 2095 80
3112 3097 49
3112 988 31
1752 2134 33
1752 1096 72
1752 1527 56
1752 3128 92
2134 4122 43
799 4118 95
799 1336 43
799 1997 60
4118 1267 83
4118 3 38
1893 31 72
1893 585 57
31 1707 39
31 2484 68
31 570 64
31 3267 15
3088 2808 12
3088 2965 17
3053 2253 81
1871 3210 50
1871 2247 83
3210 1506 70
3210 2781 46
3210 322 61
3210 603 91
972 3962 47
972 690 85
972 2336 38
972 3227 85
972 3367 40
3962 3376 32
4001 881 86
4001 2104 9
4001 1027 18
881 3080 43
2255 2684 86
2255 3008 25
2684 1620 23
1808 131 58
3987 3870 70
3870 459 64
3870 2258 9
3870 2938 7
3555 2578 69
3555 160 65
2578 3296 77
2578 1732 16
2839 1380 98
2839 1933 6
1380 3556 74
2954 448 66
2954 496 16
2954 1511 26
2954 3795 76
448 430 56
448 855 41
3116 2529 18
3116 1950 79
3116 886 100
3116 3879 87
3116 2417 94
3116 2470 72
2529 2345 9
2529 3910 39
2813 3184 12
3184 147 83
3184 1799 5
3184 298 58
1544 2103 19
1544 1422 9
1544 69 52
2103 3979 75
2103 1534 8
2103 2658 46
3444 3905 73
3444 2739 23
3905 1879 41
1210 2413 4
1210 1255 21
1210 4094 31
2413 3502 54
3826 3691 76
3826 2694 32
3826 915 49
2424 1559 5
2424 927 41
1763 135 8
1763 1673 29
1763 1119 53
135 3502 17
1381 1993 69
1993 2305 40
1993 2831 37
3008 3205 18
3008 236 53
1804 401 60
1804 394 69
1804 1118 28
1804 794 4
401 1765 33
3191 410 51
3191 1645 49
3191 2338 17
410 2150 17
410 32 91
3584 828 36
3584 1368 44
3584 1478 35
3584 973 3
3584 588 96
828 3850 75
2288 1915 60
76 68 10
76 117 93
76 431 83
3772 206 96
3772 3491 83
3772 1188 39
3772 984 25
206 2060 19
206 3907 13
485 792 70
485 2748 9
792 2279 8
792 3336 32
792 2836 34
792 1958 19
447 2986 36
447 706 48
2986 45 94
2986 2774 75
2986 604 36
3473 3225 86
3473 3819 96
3225 2851 13
3225 3539 57
3225 397 69
3225 472 91
2095 3521 88
2095 1400 53
2995 1795 68
2995 377 33
1439 3753 60
1439 4104 47
1439 3301 31
1439 4084 66
3753 4016 67
3753 575 38
28 124 99
28 1213 58
28 3739 40
124 1920 11
631 2592 89
631 4176 28
631 1089 68
631 106 6
2213 1475 49
2213 2682 55
1475 416 4
1475 1743 89
2440 3704 96
2440 3742 52
2440 2127 38
3704 962 77
3704 2019 91
3704 3143 83
2178 2688 80
2688 1187 6
2688 2666 96
2700 2322 13
2700 2733 78
3837 1395 89
3837 1767 86
3837 1259 13
3837 3355 94
239 1270 97
1270 3345 44
3251 658 22
3251 191 21
3251 1604 1
658 649 46
658 899 46
1319 1376 84
1319 3927 31
1376 1933 56
1376 4022 48
1376 1410 10
242 2458 83
2458 268 94
2458 2542 4
2139 2815 69
2139 1498 47
2815 1021 44
2815 4204 58
2815 2510 77
2815 1872 25
1569 4037 7
4037 2914 56
4037 884 56
784 955 2
784 1962 89
955 707 99
955 2353 69
1368 856 63
1368 1457 73
1368 746 70
1830 3694 89
1830 3118 88
428 1748 80
428 1862 80
1748 1463 56
1748 3551 75
1748 2892 13
442 1564 79
1564 794 41
1200 2263 31
1200 1697 84
2263 628 65
143 3525 28
143 287 78
143 1272 88
3525 2963 63
3346 1260 15
3346 876 65
1260 768 100
1260 1476 15
1260 1735 54
3923 3504 54
1531 56 84
1531 3786 60
1531 1529 3
56 836 79
56 3403 23
3807 767 49
3807 1543 95
767 3701 25
388 3459 63
388 4032 46
3459 2539 53
1566 788 95
1566 3760 5
1566 4032 27
1566 3911 72
788 3231 39
788 18 74
788 3485 12
788 3757 42
1585 416 98
1585 2107 48
1585 1862 41
1585 1454 19
416 4094 31
416 3921 68
4134 2109 24
2109 1930 92
3194 2878 32
3194 1860 4
3194 2300 98
2878 167 21
692 2690 88
692 4151 5
1846 2678 50
1846 3998 10
1846 2209 28
1846 2357 52
2678 963 16
2678 1411 57
2678 256 15
2678 1939 89
3717 2763 91
3717 657 35
3717 3180 52
3717 4058 19
3717 991 94
2727 1288 26
2727 2375 72
2727 3806 83
2727 2171 95
440 108 81
440 1091 68
108 3139 61
108 2885 96
1239 4073 15
1239 4076 7
1239 1572 98
4073 229 57
1551 3390 64
1551 1838 78
1551 58 65
3390 570 75
3390 2518 97
3482 1169 26
3482 1903 8
1169 3250 68
1348 3864 100
1348 2881 16
1348 3514 32
1348 2771 81
3864 4105 73
3864 2375 56
3411 3512 52
3411 1866 89
2326 1679 29
2326 231 22
1679 1797 71
635 3224 16
3224 161 20
657 2138 11
657 386 50
657 251 25
2138 2825 40
781 2513 21
2513 1535 73
375 735 48
375 3082 84
375 2946 15
735 251 7
1220 1161 54
1220 2744 75
1220 2083 18
1161 1116 22
3615 2923 81
2846 3168 41
2846 2102 36
2846 3160 14
2846 1290 85
2361 385 67
385 1521 77
385 3133 66
2412 1127 86
2412 4199 78
2412 1761 46
2412 936 68
1127 3254 6
1127 2368 18
1127 114 35
621 1048 7
621 3535 56
2744 1335 3
1335 2735 43
1335 3017 97
1335 3836 77
2106 2448 2
2106 2559 85
2448 2159 61
3630 2671 72
3630 3403 73
3630 2999 99
3630 2540 45
3630 3052 37
228 1735 46
228 3136 79
1735 430 12
1753 1859 47
1753 3337 90
1753 4167 36
1753 264 42
1859 1393 68
1421 715 33
4145 1666 92
1666 3285 53
1666 2722 37
1666 2033 89
1666 1924 66
3557 3720 95
3557 2658 32
3557 4028 99
3720 1109 89
3720 2902 68
3720 3780 46
1331 4111 34
1331 1644 84
3960 2441 69
3960 2057 75
2441 3620 13
2441 2036 55
2239 2442 95
2442 1563 82
2469 811 79
2469 321 62
811 256 20
1251 1414 18
1251 762 91
1251 3655 45
1217 3100 32
1217 1466 13
1217 1558 100
1217 3540 65
1217 165 66
3100 1675 67
3100 3886 30
3100 2007 44
1700 2054 95
1700 3554 83
1700 3679 31
2054 3586 25
2054 1006 44
2054 738 50
2054 2404 38
1392 1226 27
1392 698 7
1226 82 12
2069 181 97
2069 1375 2
2069 2738 8
813 2806 83
813 3531 41
2806 177 30
506 1941 96
506 1256 78
3241 962 41
3241 3823 16
3241 1608 61
1979 2045 29
1979 2733 90
1979 3643 69
105 1512 11
105 3412 90
1512 1091 14
3524 3326 13
3524 3935 30
3524 1338 95
3913 1233 4
3913 3666 100
1233 1137 3
1233 512 68
1233 3142 8
2050 1618 1
2050 2222 19
1618 3722 18
3373 4183 80
3373 974 64
3373 3247 34
3373 2421 54
3373 1407 67
4183 3435 79
2691 1153 86
2691 3149 55
2691 1389 36
1153 1492 84
3402 753 11
753 1232 44
3080 530 74
3080 953 36
3080 2906 72
530 3208 12
1767 2610 66
1760 2260 83
2260 1031 30
3212 3559 28
3212 3492 82
3212 2367 78
3559 3024 55
3559 501 72
3559 49 14
3832 1968 74
3832 3118 4
1747 279 92
1747 2035 15
279 1547 94
279 1349 83
1755 1447 36
1755 2720 57
1755 2666 83
1447 3023 10
2843 3618 23
2843 3843 85
624 3616 90
2370 1273 99
1815 3547 29
1815 3712 38
1815 2615 46
3547 1098 84
3547 2216 79
3547 1680 27
2604 4125 57
2604 1046 98
2604 2145 37
2676 10 94
2676 544 80
2676 3610 79
2676 2595 57
2676 641 74
2676 2485 29
4054 4000 59
4000 557 10
4000 1529 48
3508 4191 49
3508 3371 45
3873 927 52
927 3302 47
3548 3156 65
3156 2761 43
3156 2468 24
1377 3162 61
1377 3961 54
1377 3854 68
3162 1975 20
3667 2602 33
3667 3076 2
3887 3613 77
3887 719 95
3613 3825 3
2844 1972 71
2844 3335 97
1972 2076 52
161 2997 20
161 2113 85
2997 2068 41
991 3697 1
2401 1758 39
2401 211 68
1758 754 62
1990 1580 38
1990 2899 50
1990 3358 56
1990 2887 61
3769 2013 62
2013 2710 100
3128 304 61
304 4038 11
1500 290 17
1500 4211 91
290 3719 31
2559 969 73
3404 3341 40
3341 1617 10
3341 3593 50
3341 2186 91
3337 53 77
3980 465 98
3980 1527 100
465 650 29
636 2414 39
2414 422 63
2414 3981 41
3033 177 53
3033 3421 14
3033 3919 92
177 2600 35
177 1775 45
1627 883 44
1627 1440 1
1627 1488 82
2059 1035 67
2059 3624 92
2059 4190 83
1035 527 62
1035 535 48
2019 2319 50
3149 3915 39
2323 139 32
2323 1920 3
3882 539 83
3882 2359 65
539 1919 6
265 24 85
265 1114 55
24 566 37
666 346 82
346 2159 55
346 2932 72
3638 4119 50
3638 1771 68
3638 3690 29
3638 1255 67
3138 2282 97
3138 2757 15
3138 247 96
2282 2179 89
2282 2452 27
2282 1031 77
674 85 19
674 29 82
85 1105 25
3654 2937 75
2937 695 36
1912 2957 21
2957 1820 68
3733 1053 47
3733 1336 81
3733 1199 21
1053 2794 78
1081 3163 48
1081 1121 36
3163 1244 55
1465 1640 24
1465 1043 75
1640 3300 6
1640 783 90
1640 1237 6
122 2868 41
122 1176 47
122 2959 60
1597 1502 4
1502 4148 24
1112 3677 37
3976 2567 52
3976 1870 52
3976 3744 6
2567 1065 42
564 2113 24
2113 473 45
3535 3229 23
1967 1768 32
1967 1505 33
1768 3010 67
1768 229 71
1768 1687 4
661 383 43
661 2630 57
661 3045 71
383 604 25
2131 1740 46
2131 2950 54
2131 1677 30
1740 3809 42
178 1397 50
178 1003 70
1397 2638 8
1397 3006 23
430 2752 54
750 3357 57
750 1146 67
3357 2618 92
3357 3762 14
3357 2768 23
1837 3204 39
1837 71 37
1837 1987 14
1837 481 43
1837 3767 42
1096 2664 95
1096 2618 58
3331 3853 99
3331 891 41
3853 2924 60
3853 2696 32
3853 3743 94
3064 3877 20
3877 898 41
1539 170 94
1539 947 7
170 598 11
170 2634 10
2851 701 44
4095 3179 88
4095 406 58
4095 2183 55
3179 1487 93
3179 3187 54
3179 1574 67
3179 1725 18
1128 2764 68
1128 653 18
2764 441 38
3574 1880 7
3574 3234 2
1880 413 62
1880 3496 24
818 3812 100
3812 3648 87
3812 2627 6
368 1516 90
368 1529 56
368 3407 12
368 3824 26
1516 3305 62
1516 4006 29
3412 1111 84
3412 1761 59
3412 2195 40
1340 1939 48
1340 3314 65
1340 1262 71
3160 899 45
3160 324 54
3160 2107 56
3160 2053 10
1460 2455 73
2455 3827 100
3810 2111 83
3810 437 82
3810 1107 22
2111 2758 33
786 3304 38
786 3647 77
786 1673 54
3304 400 68
3304 3658 19
3304 718 45
3395 210 29
210 2118 28
2827 2834 52
2827 1583 49
2827 673 33
2827 220 89
2834 851 93
1806 2142 26
1806 3996 83
1806 3936 97
1775 1822 66
2869 3180 9
2869 517 55
2905 1844 84
2905 200 88
2905 3629 84
2905 3699 2
1844 3247 57
1276 379 67
3136 4155 24
974 677 97
2179 2901 67
4030 3737 87
4030 259 67
4030 3384 14
3737 880 83
3737 3117 39
1672 1400 85
1672 4018 79
1672 2129 64
1759 2163 82
1759 4121 23
1759 88 42
653 39 38
1373 1010 59
1010 1156 11
2479 3464 28
2479 3335 49
2479 3129 30
2479 1336 34
3464 2365 84
3464 3061 88
2517 3275 73
3275 1143 53
3275 807 36
3275 1088 93
1077 1978 54
1077 1051 40
1978 3032 55
1978 1927 96
1301 520 74
520 3917 67
3871 1670 82
1670 3793 91
1898 1771 24
1272 2822 32
1272 2966 99
1272 2122 42
2822 2562 13
2822 1250 99
107 4196 27
107 3843 29
3036 3995 81
3995 1595 54
2432 1002 58
2432 229 68
2432 2456 28
1002 156 40
1002 3644 54
2150 3546 30
2150 2197 54
3546 2359 16
3369 1470 83
3369 2316 56
1470 3043 77
1470 3496 84
2305 1183 73
1577 853 15
1577 611 24
1577 3334 24
898 26 19
898 2665 40
898 166 46
2331 3461 38
2331 625 42
2331 1179 41
2331 1845 30
3461 1509 15
1646 2647 92
2647 70 46
297 2707 22
297 1515 76
297 1481 31
2707 1613 15
1991 2873 24
1991 1540 27
2873 3971 63
432 514 91
432 128 9
514 873 43
1325 749 7
1325 3176 4
1325 3049 9
1325 2519 21
749 2950 54
166 1468 44
166 3729 98
166 1458 93
1468 2794 84
2311 3659 75
3659 478 2
3659 3592 38
3659 1660 95
1543 380 83
4091 1590 12
3205 3381 5
808 641 73
808 1982 94
641 1209 67
641 2433 66
1259 2609 49
4104 2999 78
2665 3066 56
3066 1525 71
491 3977 27
491 3984 94
491 3592 61
4119 1823 44
4119 880 74
4119 2151 77
4119 2697 21
4119 4199 45
3647 3264 57
3647 93 68
3264 1065 100
3264 33 43
2422 3273 54
3273 2343 29
963 791 1
963 3287 87
963 360 17
963 270 24
592 3432 17
592 2551 91
3432 4162 57
3432 2368 22
3767 2540 21
3767 2321 97
3767 1523 43
2540 2384 45
2540 3272 32
1857 3743 77
3743 2457 33
3743 3239 13
2577 3481 44
2577 3565 5
3481 1973 10
2791 3783 19
1961 2008 93
2008 2519 78
1889 2456 73
2456 333 75
2456 3057 36
2456 2606 36
4210 1133 12
4210 2460 14
4210 798 19
2720 2935 52
2720 2043 82
606 2036 7
2036 3951 70
2104 1908 56
2104 2943 70
1908 1715 32
3300 3989 58
3989 3190 85
3989 1701 75
3989 3744 26
2251 814 95
2251 25 91
814 565 96
814 2736 73
814 1784 59
3673 1394 34
3673 4163 97
3673 971 6
3673 118 3
3673 2476 90
1394 2894 76
1394 3609 9
1394 2738 87
1989 2272 100
1989 1959 42
1989 3554 29
1855 345 61
345 1030 21
2052 3932 50
2052 796 42
2052 3285 1
435 3934 31
3934 3739 2
725 2774 56
725 1408 11
2774 1042 35
2774 2067 51
113 3114 46
3086 1657 100
3086 3845 37
3086 2313 96
1657 3693 90
1657 838 35
1657 347 6
1193 3069 89
1193 370 81
1193 602 40
3069 1338 39
147 494 25
2431 2046 4
2046 3003 3
1563 2920 51
1563 51 49
1563 3579 23
2379 3295 15
3295 3766 71
3295 1863 91
3295 3146 55
2371 3729 63
2371 1708 35
3729 3543 66
3729 2725 12
3119 713 88
3119 5 28
713 4106 33
713 3222 42
713 3183 44
713 1290 75
158 764 73
158 1947 33
158 4143 8
1420 2673 14
1420 659 42
2673 4117 2
480 537 53
480 2090 24
480 3157 87
537 4010 98
537 316 35
2321 3232 42
2321 3199 27
774 2610 29
1732 1184 86
1184 2417 56
1184 4115 19
669 308 96
669 3145 98
669 112 18
308 3448 53
308 639 31
3955 1925 92
3955 3571 89
4075 3489 85
4075 273 76
3489 2482 72
2419 1920 100
1920 945 76
2959 453 15
2959 1243 25
2959 4044 10
1187 1695 7
3643 3648 7
3643 4176 75
3643 1710 29
3648 3856 80
3648 2006 59
1607 3815 72
1607 845 66
3815 1783 14
1456 3154 74
1456 3372 46
1456 2392 23
3154 1178 79
1865 1843 88
3540 1027 75
3540 444 57
1027 687 5
3 9 36
9 64 50
9 945 60
3452 2199 21
3452 731 36
1255 3363 27
3363 660 54
384 41 3
384 3841 57
2583 2241 15
2583 1478 69
2241 2790 82
2241 406 30
1630 2751 63
2751 722 96
1683 1522 14
1683 649 77
1522 3386 40
1522 2342 74
1522 1461 98
2346 3529 32
2346 4205 58
3703 893 3
3703 2750 26
3703 489 16
893 3595 5
1557 2767 69
1557 835 41
1557 931 58
2057 2429 43
2057 2494 67
2025 264 32
2025 35 32
2025 1711 10
2025 456 74
264 451 39
391 189 32
391 738 42
643 3187 43
643 1798 21
643 627 64
1416 3908 75
1416 3640 18
3908 3334 100
1047 3377 8
3377 920 56
3427 293 84
3427 2375 9
293 16 57
1696 2699 54
1696 1094 18
2699 3817 95
2699 1568 66
2699 805 97
2699 3034 53
3786 4203 81
3786 256 34
3786 1448 90
3786 3571 4
4203 2297 20
4203 2032 77
4163 3777 53
4163 2135 77
4163 2669 31
4163 4199 49
4163 3226 43
3650 3808 65
3650 3439 70
524 1106 90
1106 3315 12
1106 4199 17
382 1914 45
1914 3172 23
1914 1774 88
1914 3534 64
3500 675 85
675 3322 10
675 3964 79
675 2687 94
675 3874 25
675 26 92
570 538 21
570 4092 14
701 3021 40
701 3614 4
3021 387 50
150 258 72
150 1652 99
150 2766 41
150 2633 93
150 3414 28
3796 2132 63
3796 3721 41
3796 3499 42
1148 957 60
1148 3198 64
957 3359 62
957 174 47
2168 2884 58
2884 2717 51
2884 255 31
2884 2378 58
2884 1142 82
1426 2154 4
1426 3378 96
1426 2821 45
1426 1560 81
1426 2477 81
1426 1094 23
2154 3196 61
754 1129 19
982 3617 8
982 4058 100
3324 958 100
3324 1242 13
3324 651 64
2820 3984 99
2820 3447 16
3984 361 98
1247 2762 27
241 2557 97
2557 1141 9
2172 93 30
1121 165 6
1121 287 72
1841 1623 9
1623 1734 88
3560 2631 89
3560 2364 73
2631 625 83
2631 2345 39
1487 2483 40
2300 3242 29
2300 1638 31
2300 1361 66
2300 3176 12
3242 4042 88
3242 2588 11
3242 1285 61
3242 1727 59
3242 2334 86
3948 2908 95
3948 2715 82
3372 2039 92
1459 25 41
1459 966 58
25 3698 37
25 2303 58
1663 584 70
584 370 17
1710 2761 13
1710 1479 53
1710 2941 99
1710 1296 74
2761 588 68
2761 1115 34
4186 3478 23
4186 1124 54
3478 1639 78
3478 875 66
1571 3176 59
1571 2890 7
1571 687 76
1243 664 53
664 1387 24
1151 415 36
1013 2037 100
2037 1568 3
2593 3668 92
2593 72 61
2593 4127 1
2593 3754 26
3668 2391 7
3668 2918 13
3421 2107 6
3421 1565 2
3421 618 30
324 2919 28
3571 1754 48
3571 1229 28
1765 1152 61
1765 3687 92
1765 3761 80
1765 328 64
11 3366 71
3366 2828 27
1776 4159 33
1776 51 9
1776 128 88
2460 1999 48
2460 1084 6
4019 3596 23
4019 568 26
400 2249 100
400 2377 82
400 1809 3
400 1466 68
400 4115 80
26 4184 2
3770 1292 97
3770 2376 55
1292 211 9
90 575 66
90 84 19
575 2861 33
575 1347 75
2938 145 46
145 245 65
145 2102 83
2858 1116 37
2858 607 10
2858 3551 16
1116 817 48
1116 4032 42
4182 1553 30
1553 2909 99
1553 2713 68
1553 3165 2
4018 622 80
4018 4189 72
4018 1012 67
4051 3491 14
4051 1651 75
4051 574 35
3491 1399 4
3491 3454 42
2174 1850 16
2174 3023 48
2174 2661 3
2174 816 80
1850 223 30
3487 3425 76
3250 2783 26
3250 2754 52
2783 2896 84
369 732 76
369 3907 84
369 2182 66
732 4041 100
3698 277 31
3698 2 97
3698 2527 18
4049 2166 61
4049 2344 77
4049 3875 71
2166 4126 86
2166 458 26
2166 2778 57
2166 2011 96
952 2065 93
952 1402 2
656 3096 37
3096 1997 61
3096 110 53
1802 1352 46
821 3376 84
821 2290 43
821 1186 58
3376 475 100
1852 3909 3
1852 662 6
1852 580 71
3909 327 64
2074 2935 28
2074 3291 86
2074 1471 90
3827 3305 5
3305 3711 37
3305 1312 10
918 3048 80
918 3174 47
4110 2216 93
4110 226 39
4110 4053 28
2216 91 24
1267 1298 73
477 2640 88
477 1289 48
3202 1799 48
464 4023 99
464 3469 32
4023 2195 20
4023 1813 75
2985 1248 73
1248 472 61
3446 3817 89
3817 1103 6
1930 1225 100
1930 1263 28
2465 74 53
2465 2194 84
2615 2899 13
2899 3234 11
891 3152 23
2512 2650 18
2512 3232 74
2512 1650 4
2512 3829 81
2055 1725 98
1725 3788 83
3515 2505 13
3515 1727 8
679 2974 66
71 1928 7
625 332 93
943 3243 11
943 4077 18
3243 101 39
3141 1057 43
3141 2265 91
3141 593 43
1057 1191 73
331 203 12
203 3931 11
3843 2116 60
1873 2053 71
2797 2342 32
2797 501 86
2342 557 26
3175 3255 38
3175 322 65
3255 1374 33
3255 2679 56
3255 969 100
2971 4149 19
4149 3578 42
4149 1413 60
4149 1793 97
886 36 57
1870 109 34
659 585 24
2725 1025 62
2725 3956 51
1025 1072 39
1025 3266 85
1025 2915 46
2247 2121 73
233 3506 21
233 4101 49
233 1548 54
3825 3787 79
2237 3170 35
2237 772 86
3918 2572 60
1523 1385 53
1523 4204 70
3834 3094 62
3094 1529 35
3094 847 66
3133 1691 63
3133 652 71
3692 2411 76
3692 2144 15
3692 3087 94
1496 489 83
2188 2683 95
2683 497 11
3286 3418 25
3286 3351 38
3418 4129 28
141 1041 43
141 315 1
1041 1691 28
1041 1942 80
3567 1039 92
1039 1173 88
1039 3385 50
1150 3719 52
1150 3364 69
3719 2796 82
1393 864 54
1393 844 85
864 466 75
96 2427 76
96 2823 88
4035 2481 69
4035 2847 49
2697 775 87
2697 69 17
775 2360 5
377 20 60
377 3782 30
3325 4061 40
3325 502 34
4101 3759 65
945 3276 94
690 3550 73
1882 2351 68
1882 1686 77
2351 1472 15
2594 1971 20
2594 1060 82
3554 1293 55
3554 3019 32
1293 157 27
1293 3893 76
1293 3105 94
1293 1241 56
4106 3269 35
1860 1302 89
1860 3579 71
2066 892 51
2066 1159 66
3915 2007 16
2007 3139 8
1341 1139 67
1341 2891 28
1341 434 12
1139 234 34
1139 2597 45
1498 2646 36
1498 2200 44
2646 826 3
2646 4078 16
57 944 85
57 1472 40
4199 3135 40
756 4198 48
4198 268 31
4198 1000 64
4068 4034 30
4034 1252 85
3319 1045 89
3319 1297 51
3319 1305 74
1045 2406 78
1045 521 98
1509 2304 41
1509 3327 30
1509 1518 37
2404 1878 79
2404 412 46
1878 3429 50
1878 236 12
3139 1130 45
318 6 3
3054 1966 47
1966 2687 31
1966 273 85
1966 316 64
2943 3600 31
2943 1235 78
2070 2279 83
2070 550 75
2070 1814 30
2473 2360 47
2360 1407 92
2360 2523 10
2360 687 85
208 1555 69
1555 3927 77
3285 328 80
1072 2947 51
3038 4171 38
3038 2363 30
4171 2976 47
4087 3186 35
2245 3278 16
2245 3710 63
3278 2476 27
3278 612 29
3469 3428 33
3469 796 81
2429 3055 44
2429 1744 34
60 1720 39
1720 2386 97
1720 1660 46
3862 705 50
3862 4133 65
3862 2989 10
3862 3195 78
705 2332 51
2982 1436 99
2982 1983 3
1436 343 95
1722 1360 24
1722 3068 19
4146 2242 13
4146 1445 65
2242 576 8
1472 2564 15
1472 3375 59
2471 1280 7
2471 2278 2
2471 2303 1
1280 720 78
226 2186 37
2584 3651 100
3651 652 86
1515 3552 59
1515 1905 70
2335 2211 6
2335 1032 62
2335 97 27
2335 3848 49
2211 443 61
2211 58 62
2636 3839 13
2636 2281 56
35 2494 73
1074 3814 5
3814 3312 75
2149 431 60
2149 834 46
431 1146 69
1731 1289 3
1731 1262 49
2399 2719 53
2719 1650 16
2719 3902 58
2719 2395 77
3105 901 58
4205 2863 73
4205 1065 74
2625 1779 26
2014 3215 35
2014 2620 45
3232 1489 63
3232 4042 76
2874 445 47
2874 2758 49
2874 2826 48
445 2649 77
445 146 72
2476 3327 50
3327 1493 94
2032 1517 89
2032 2484 76
1179 40 5
1179 2830 20
40 3516 6
1603 1218 12
3701 204 95
716 1528 83
716 2333 17
1495 2956 10
1495 2887 66
1495 869 30
2956 4036 49
1007 83 44
1007 916 18
83 597 22
2589 3470 11
2589 1246 49
3470 3501 44
3470 2950 97
736 322 98
736 3244 10
322 2877 88
3074 3936 95
3936 3941 17
1478 3177 14
1478 3706 89
3177 1274 20
3177 137 33
2257 1703 73
2257 2236 48
2257 2101 32
1703 3001 17
1703 2022 21
1703 576 5
2389 3714 85
2389 1918 26
3714 1278 62
4094 2041 89
160 59 27
160 118 62
2494 522 36
64 3456 35
64 3312 54
1798 3495 57
3192 2660 32
3192 396 24
2660 3852 12
2660 1778 93
1386 2183 26
1386 3891 78
1386 686 71
2183 269 67
2183 142 51
3563 4202 28
3563 1848 83
4202 1132 90
3586 569 38
3586 443 62
1252 488 74
488 932 48
2814 3314 71
3314 2098 85
3314 2816 28
776 77 51
77 583 79
77 334 28
77 1594 39
77 1257 84
268 4195 57
992 3375 97
102 835 13
102 3922 90
102 691 20
102 4116 43
102 1034 14
3044 2778 50
3044 563 33
2778 315 15
502 2376 32
502 981 36
1176 1998 59
1998 1469 57
53 3972 88
3903 2914 9
3903 2093 21
3903 2500 1
2914 3581 82
793 518 1
793 2850 65
518 671 60
84 1797 2
84 2502 65
3674 127 49
4025 112 52
123 3012 48
123 626 48
1783 1750 2
1783 2445 90
109 4136 22
109 1497 12
109 2969 7
4136 1778 29
3439 1599 81
1771 3244 5
1771 2483 77
19 2502 49
19 2062 79
2502 1840 3
2502 1441 14
2502 1453 84
1111 418 1
1111 1611 91
543 2994 67
1494 629 18
1494 1558 50
1494 645 100
629 2358 31
1298 531 9
1298 91 12
2363 3846 3
3823 118 39
118 2635 91
2701 3249 76
2701 3134 36
3249 1638 43
3249 2339 99
1832 3542 38
1832 1336 72
1832 3782 95
1832 1264 41
3542 3368 87
3542 1869 33
196 218 39
196 1225 53
218 2755 5
2565 1579 34
2565 579 21
2565 3009 53
1579 1749 18
1448 3391 91
1448 2597 53
1448 2158 5
1761 1144 23
1631 2821 51
1631 3914 76
2821 996 25
2821 3983 78
2821 70 42
2856 547 12
2856 2391 30
2856 3263 62
849 2837 93
2309 3818 88
3818 1008 8
3998 3057 84
1611 1586 57
1611 938 22
1848 1309 97
1309 1951 76
534 2788 97
2788 1864 32
1466 1008 60
1466 3011 28
3371 312 84
370 2506 9
1973 2079 16
1973 946 41
710 3852 20
3852 833 39
2847 2760 62
2847 2286 33
1724 889 23
1724 146 92
889 816 11
889 812 44
3821 1552 30
3821 3024 72
3821 2224 68
790 3065 34
3065 1213 60
3065 3406 98
3065 1535 40
1497 1067 59
1067 3111 7
1407 3933 19
1407 1296 98
1407 1326 16
863 394 26
863 3608 39
863 2143 48
394 2828 50
394 1324 43
2026 608 18
608 2100 29
608 1681 98
1594 2942 70
1594 18 54
2942 1715 6
2942 3340 61
2726 2528 100
2528 2063 18
1402 1180 68
2091 176 66
176 1336 73
1124 4013 14
1124 2951 99
4013 1770 91
497 2222 76
497 2316 2
2222 755 67
2222 1129 63
777 1244 59
1244 1508 74
1244 183 28
826 694 10
3551 1686 40
1250 3260 42
1250 1201 71
3260 986 26
3260 1678 21
3023 1505 26
2433 3181 87
2433 3299 38
2433 3652 44
581 3347 61
581 2030 7
3347 695 51
3347 1896 77
395 2585 95
1652 1863 25
1652 1440 16
1652 1320 87
2601 3771 32
2601 4172 16
2601 3107 87
2601 2863 89
2601 32 64
3771 1596 33
1613 2368 85
1613 305 83
626 2200 46
861 2932 10
861 1796 82
2932 1684 33
2395 3598 53
2395 4164 75
2395 1890 93
3598 702 46
3598 3283 74
3598 1981 81
1297 3558 43
3558 3007 63
2755 1854 25
2755 2298 45
43 1236 41
43 3174 92
1236 3423 87
333 2324 56
376 2588 34
2319 3768 66
2048 2535 68
2048 2792 69
2220 3806 56
2220 3246 61
3806 651 6
1034 900 96
1034 566 77
900 3019 71
1823 3379 1
702 895 68
1707 1029 60
2390 3662 68
3662 3894 2
3710 2417 27
3710 673 8
2417 989 36
2417 2530 5
481 2190 21
3539 3804 27
3539 1906 64
1975 924 14
924 3902 62
924 3281 29
450 231 56
231 2998 95
662 3297 41
989 4089 33
1648 697 36
1648 3219 83
697 3924 66
2901 3519 99
1695 1229 96
1695 2748 60
1861 2274 83
1861 667 37
2274 3790 9
2206 492 21
2206 1690 24
2206 2614 72
2206 2409 43
492 114 65
1295 2897 72
2897 3206 74
3024 2950 64
2549 2618 74
2963 1481 1
1770 3150 100
1770 508 11
3150 192 5
758 1306 4
1306 3845 4
3730 3380 87
3380 3122 28
201 601 99
201 614 43
590 3533 100
590 298 68
590 1788 29
3289 1479 36
3921 186 20
3921 3060 73
3921 270 72
186 1477 47
2918 1489 74
2918 4154 51
1489 2984 32
1986 3131 86
1986 1519 77
3131 1092 21
2062 3143 64
3143 473 67
3143 4099 1
3762 3416 19
3762 1234 22
3762 1434 71
3762 3973 9
3416 348 29
4044 2967 20
2967 3992 26
2967 1142 55
2967 1612 84
949 3455 17
2088 1825 32
1825 55 39
1825 1691 40
3499 1988 69
2200 1441 1
2200 116 68
1098 921 71
2651 2718 16
3686 1560 11
3686 3262 71
3686 956 69
1560 1940 74
2287 4131 66
2287 967 80
2287 3872 11
583 838 18
766 2824 51
766 2039 89
766 2318 92
2824 2644 91
2824 3479 47
2824 1302 96
2894 1667 66
2894 3348 58
3351 2532 48
321 1947 60
321 380 76
1277 1561 80
413 3396 65
2296 2527 62
2296 3620 8
2527 2143 50
1357 1895 13
1357 111 23
3492 3884 19
3492 2317 1
1225 2951 20
2112 2756 98
2112 3002 49
2750 4055 50
1634 2128 62
1634 2503 48
2544 3019 90
3019 1190 76
3019 2829 19
3019 2291 13
3917 1949 4
1949 3171 65
1949 1145 42
1949 3077 77
576 1119 11
576 2280 35
576 2125 23
707 4004 75
707 2928 87
707 1637 23
1976 1592 92
1976 392 90
1976 3429 30
1976 2913 80
812 3017 82
1609 2478 73
1609 1275 88
2478 253 45
3077 1964 33
3077 1891 81
1964 3956 14
1964 3970 1
3513 1595 28
1595 332 46
2597 2169 76
2169 798 12
996 613 35
1529 1271 24
827 2840 84
827 3321 24
2840 855 28
2840 3014 74
3911 2235 91
3911 1792 100
3911 3930 17
436 3680 43
386 4045 39
386 1238 98
2618 1281 27
2618 2526 67
2618 1185 86
3118 2468 88
3118 2623 4
670 3644 92
670 2415 81
670 3994 33
256 3078 22
3448 1838 84
3448 2619 29
157 2645 62
585 2804 67
585 2408 100
755 977 37
755 2639 100
977 1170 72
1103 4011 76
1107 1750 100
1750 2377 62
1750 854 29
1750 2848 24
1156 3894 68
3279 3830 57
3279 3956 10
2159 2712 97
2159 3967 46
2249 895 96
1197 628 1
1197 738 95
628 2015 77
117 928 100
2865 2616 35
2616 2682 52
3090 2581 29
3090 1619 54
2581 2553 7
1374 2308 74
3230 262 11
2369 1685 15
2369 2283 53
2369 2193 23
1685 563 66
3894 2316 29
1963 2737 70
2737 2975 15
1147 3585 11
3585 1910 70
1599 3238 92
253 560 38
253 1728 56
128 188 25
2386 4209 64
2254 2381 61
2254 3193 6
473 3370 54
1691 1410 97
212 1266 25
1266 4174 43
1266 2011 70
2766 283 85
2500 3742 94
2500 3756 59
2970 1058 11
2970 1777 68
2195 78 85
3716 3671 43
836 2318 32
836 1677 71
3809 1858 85
1583 2416 12
2190 2888 18
3091 1874 36
845 4043 27
4043 1284 75
4043 3725 19
4043 640 67
2745 2831 25
2831 804 99
2831 727 66
2831 4089 39
1632 1332 60
1332 552 69
4042 1762 67
2672 2060 42
2672 3781 85
2672 553 15
2060 2534 97
600 2378 14
2378 1437 10
2378 1078 20
3721 1044 1
3721 2273 67
1361 1901 33
3639 3696 9
3639 3875 62
1838 2161 88
3757 1647 71
3757 487 2
1647 1687 53
1647 2375 31
3947 531 96
531 224 51
500 1160 49
500 234 53
1160 455 3
1474 1063 90
2944 1342 95
1342 2198 20
1342 3441 94
839 3725 84
63 545 8
63 1172 21
63 2605 6
545 213 19
1668 4009 78
4009 3235 80
2123 49 24
3172 3653 61
3172 2076 77
2620 3575 1
2620 2306 100
2620 1363 14
3575 3035 88
2409 3486 21
2534 3333 46
1453 2016 18
1453 332 61
1453 1723 67
3035 1926 25
3035 82 20
1926 1520 19
1313 780 26
1884 1019 32
1884 2530 41
1959 2907 34
1959 2356 77
1959 125 64
797 806 26
806 159 75
1549 3290 83
1549 2803 2
1549 3975 61
1549 2626 51
1549 3785 5
3290 1185 67
58 2204 84
2204 1869 11
3501 879 37
879 3765 61
879 3978 54
1021 2739 20
3231 3865 100
3231 978 53
4121 1049 82
3315 551 82
3315 17 11
18 2571 52
2457 1464 34
310 3238 18
501 2407 48
660 2520 98
29 1149 77
29 904 5
29 3313 38
34 2224 100
557 709 90
2736 3111 59
1352 81 76
3728 2256 3
2443 2176 47
1766 3126 60
1805 1132 26
1805 3899 34
807 3565 13
807 2521 12
3565 3517 85
1894 4083 54
149 2962 57
149 3109 49
2962 3296 83
3608 936 89
3608 1654 40
804 70 11
3360 614 9
3360 3410 1
3360 1945 54
588 1996 63
1996 2410 28
579 2748 18
2633 2076 41
823 2359 32
2359 993 9
2452 4167 8
3193 3348 97
3193 3450 3
566 2364 77
1567 903 61
1567 3237 13
2076 3640 74
1962 1157 94
1141 2782 55
1286 2926 53
1286 3866 92
2926 1793 51
4192 2501 51
2501 236 1
2551 3633 12
1042 1334 15
1042 1117 80
1334 1245 23
3793 3272 84
3971 951 89
4184 3252 87
4184 3537 98
4184 3749 87
1159 2110 31
2828 1678 94
2828 2021 71
205 374 21
205 354 81
374 769 44
374 414 99
374 1234 9
2825 4057 40
2022 1689 25
3174 2790 28
3174 1819 72
2790 3844 84
1483 1375 87
1375 593 56
3398 2608 4
3398 2848 26
2608 317 59
837 299 34
1708 1664 86
3480 981 51
55 371 83
574 1467 50
574 1994 21
574 3125 79
1467 2817 52
1984 3937 2
1664 2184 71
1172 3166 27
1172 1323 52
1137 2853 60
1137 1782 57
3865 1684 83
3865 1369 40
2863 2081 9
2863 727 6
4188 70 72
70 4112 87
315 2664 79
4003 3317 78
4003 4138 13
3317 4144 65
855 2080 48
1940 1102 78
1940 2743 87
1102 2491 5
2258 3092 60
1690 522 98
1690 2911 10
2447 4133 34
2447 3804 5
2447 1182 32
4133 3510 86
3484 1090 1
3484 1227 51
95 620 5
620 1155 66
986 1942 88
986 1715 83
986 3479 5
319 2376 4
973 580 8
580 399 58
2941 1291 10
2941 134 24
2907 2454 91
230 3699 8
3699 3952 44
3699 17 2
844 146 51
1505 2219 23
1582 323 6
3715 4046 90
3715 2564 31
4046 1641 60
4046 2405 48
4046 3374 61
1238 2312 10
3073 1126 12
3073 335 60
3073 1743 67
2951 2903 55
2951 3488 86
1754 2261 5
1675 129 62
1675 2987 39
2668 1015 49
1015 1687 9
1921 1876 11
1921 2482 8
1921 833 56
1876 909 24
1876 2929 53
1012 3046 81
1012 3233 30
3046 3349 77
2895 402 32
2895 4008 21
2895 3443 90
402 1744 12
4076 3620 93
4076 1092 23
4076 200 95
1423 2336 38
1883 1938 14
1883 2547 15
4089 2680 40
3011 3990 14
13 3321 51
3760 4151 10
2850 3824 78
854 2425 62
283 462 32
283 168 21
462 2922 16
462 1265 74
1689 3813 96
1689 469 70
3813 209 76
1291 550 96
1291 3552 77
3766 1476 77
3766 2015 3
4122 3707 48
4122 2290 29
4122 4116 94
4088 460 88
4088 2866 85
460 3892 7
3688 2641 64
3688 1073 74
3688 3749 14
1863 3032 50
563 2135 23
563 4158 16
2135 2243 56
3735 3553 43
3735 3288 11
550 2347 94
3781 2221 3
801 2281 77
801 1738 56
3182 2405 25
2405 4116 87
2405 3883 14
1586 2490 95
1586 1195 30
1586 1287 38
939 2705 21
939 2885 76
939 605 11
2005 3579 10
4099 2880 74
1032 3502 1
1032 1905 43
1032 1829 36
3629 832 28
3629 1576 76
3629 446 28
832 1405 63
3396 3564 67
1146 3623 91
1363 1405 87
1363 1469 46
1363 1800 46
1363 2338 34
1405 3151 79
3092 3041 17
1181 2732 71
3437 2760 3
3437 711 49
45 2961 29
45 3756 89
2418 1616 84
1616 72 78
1616 3075 99
1616 741 75
2871 1983 14
2871 3884 95
2871 577 64
306 2548 44
2043 632 85
2043 1793 46
3104 358 57
358 3018 32
1003 2293 15
1003 915 38
72 3945 39
2402 2669 86
3087 174 6
3087 1826 49
3087 1387 60
4181 1329 24
4181 3676 32
1329 2283 22
1329 2731 31
2885 1809 11
852 4211 27
852 1162 12
1399 1446 54
1399 1203 82
3801 347 53
3082 1622 39
1715 3889 17
2085 404 2
2085 3342 3
1364 1608 16
1608 2879 62
1608 482 7
2713 718 84
1231 1892 67
1231 119 45
3433 4180 88
3433 3831 78
4180 2580 32
1574 1589 76
1589 2920 13
1738 3886 51
3957 3828 18
3010 1083 32
598 3627 33
3627 291 59
3151 3122 67
3151 1040 63
2712 1097 83
2712 2231 84
3804 3690 19
1482 42 80
42 359 71
1167 673 19
673 2972 89
1780 4031 60
2377 2949 10
2524 3755 43
3755 1811 24
3755 339 31
2372 2049 68
2372 1751 69
2049 858 52
3866 512 76
3866 409 93
512 516 84
3338 3900 70
3338 1037 21
3338 1485 29
3900 2264 57
3778 2988 100
2988 1737 91
2614 3014 99
2375 3712 43
2223 3537 33
2472 2886 69
2472 1718 86
2472 317 75
2098 1454 92
723 2083 58
362 922 25
463 890 59
463 2611 20
463 2236 27
3122 232 6
3693 677 20
3693 1383 62
171 3949 97
2137 468 15
468 733 37
605 1911 69
3896 2225 56
2225 2280 29
1162 349 20
1005 4174 45
1109 3348 61
1109 309 73
2848 3485 13
3485 3476 26
2265 3646 16
3646 3107 75
2826 4069 40
2826 2576 39
4069 2051 3
1369 3562 24
1819 2181 22
3578 929 16
245 2961 54
521 3465 90
521 3089 94
2283 2028 33
1014 216 14
1014 1828 63
216 1985 9
2627 2889 61
2889 3140 1
305 3636 59
3636 2852 32
251 3712 42
2063 3599 39
3342 2506 57
3342 841 32
2506 458 57
2506 4040 30
4092 1570 96
3661 3576 36
3456 1709 73
1525 1913 40
1525 1119 93
2477 121 31
121 733 62
1491 2864 47
3788 2356 99
3788 2582 17
3076 423 16
727 2753 75
2716 1890 33
2716 3097 27
2716 3161 48
1890 2130 8
4065 2875 33
4065 2129 16
2875 2978 38
759 3811 23
759 3999 57
3811 2877 65
833 461 47
833 2689 15
960 3687 95
1547 2277 66
4148 3123 45
875 433 73
875 1033 55
2277 2917 8
1869 2344 34
1913 4081 66
1913 3429 3
3358 603 16
1952 1315 2
1952 2437 62
1315 1308 75
4038 2129 42
2269 3490 70
3893 1741 52
613 3103 83
3103 1310 47
3429 3052 25
342 1801 56
562 1433 27
677 3353 2
2663 607 39
738 1946 2
738 2337 91
1946 3155 3
1946 1449 94
2877 1443 71
2877 990 66
4028 1037 69
1982 2916 5
3316 1853 29
2984 3879 52
1154 365 77
522 2466 76
522 1593 36
733 4177 93
733 4158 34
718 2001 27
3173 2337 47
3712 3306 2
133 3057 28
133 4077 93
3951 970 22
2777 2835 78
2777 2634 39
2835 4006 20
2129 1662 14
2129 2430 18
1201 4063 51
1201 3723 92
2039 4014 5
2039 4117 50
3536 1803 46
517 1885 11
2327 1066 64
2327 381 77
4204 610 4
4204 3961 23
1660 2367 55
1576 609 8
2521 734 43
1336 1396 87
1412 244 11
1209 4176 16
1209 3063 38
4027 2480 73
3530 1774 47
3889 3061 58
3414 667 19
3414 840 22
667 683 35
555 4097 54
4097 999 32
4097 1339 99
2574 2446 79
2114 619 12
619 1254 65
619 3056 66
2221 2444 28
236 3158 23
1678 1584 55
1918 23 31
4033 1644 36
1644 3451 62
1644 4005 41
3996 3623 81
3415 1538 35
2796 1131 54
2373 3802 64
2373 1588 36
3802 1000 2
3410 3940 28
1530 546 82
546 1518 49
3581 897 17
3145 3831 60
1614 548 70
548 2784 21
2936 4 92
4 1872 39
1572 2148 85
78 3528 60
78 840 50
3790 1637 7
2960 167 99
3956 4154 85
3655 2698 23
3711 830 40
830 2486 50
866 100 31
338 4178 39
4178 2485 91
1619 1897 6
2611 1378 36
2728 3364 55
1443 2090 87
1443 3027 71
1387 3463 2
3095 999 60
1338 1082 80
3361 2073 4
2073 1903 18
4008 4114 2
3974 1526 85
3974 1115 60
1821 1656 67
1568 941 46
3514 3313 96
3514 3829 32
3514 3849 9
47 3265 69
3265 2250 78
3265 326 57
2977 499 90
3879 106 45
3592 2504 3
4197 2320 64
4197 3657 87
4197 2799 48
2012 2772 38
2012 3738 27
2772 1279 49
2504 125 81
406 1818 2
1017 3946 64
720 689 78
3244 1212 12
3022 1792 26
1792 2904 57
2278 202 72
2278 2746 39
92 2556 75
2556 3534 51
3040 2020 52
2148 993 33
3713 3664 39
3713 1372 72
3713 2421 82
3664 1791 62
843 3268 39
3590 2587 19
3564 3612 23
2250 4200 19
1773 3463 70
3463 3912 30
2978 2436 9
2978 3723 49
2978 1674 70
3583 712 95
916 1719 36
1927 3261 99
3738 1164 90
971 593 32
971 1924 66
971 825 64
604 1403 14
174 3855 62
3886 859 43
1897 4007 31
2162 3961 52
414 209 89
942 407 41
407 1934 91
3043 2117 42
3043 1790 89
616 360 28
616 220 85
2315 3614 76
2315 2882 33
3765 2031 7
467 1036 79
467 815 23
1518 36 64
668 3457 30
668 2334 12
3447 3528 24
3447 737 76
4058 3068 2
4058 3029 21
3543 3134 28
27 3110 33
27 1835 87
434 4072 9
434 794 82
325 3544 75
325 1786 73
3544 2394 11
3572 162 96
3572 2167 63
3428 3805 45
2949 2637 67
2949 3392 76
2118 2975 91
966 1606 73
2605 748 45
200 3227 19
1149 111 82
1730 1177 64
1177 2173 57
1872 67 74
3503 3228 98
3503 2617 30
3503 2855 75
3374 1044 90
3374 2992 22
1044 1864 47
2946 1214 4
2946 1087 77
3965 3462 58
3933 4185 74
3933 2252 91
2075 3159 72
3159 528 52
353 1477 37
1477 3970 49
1477 3034 53
1911 2807 58
2426 995 77
995 2648 62
995 1145 15
3666 302 69
302 1199 76
302 1956 2
3952 1833 52
3952 730 31
721 2955 64
2264 1744 47
1901 1285 94
2789 3846 69
2233 355 94
2357 2801 86
1777 1794 35
1777 1283 51
706 307 17
510 2554 76
3288 3656 47
3214 1769 56
3214 694 80
1769 3986 58
915 4002 100
915 3523 64
915 3352 35
2685 748 46
4172 1524 9
2181 1867 35
2181 1709 20
1867 3468 8
1810 4107 94
4107 3597 71
2892 3002 90
3919 888 53
2823 3388 24
61 763 65
2124 3216 74
1196 2056 66
3640 825 34
3867 3842 50
4029 3430 46
1171 2232 71
1762 1235 15
3207 3294 1
3207 1653 40
3207 1744 5
190 252 66
3161 1429 22
3161 1629 82
4036 1499 59
419 678 95
1125 484 63
1125 1513 39
484 3258 31
2438 968 24
3107 2533 19
2290 3493 46
1588 2328 83
1588 2086 38
1601 599 13
1601 2217 4
3306 1540 42
132 4109 4
417 3165 45
417 2649 79
387 3502 94
1065 1818 52
1326 1061 29
4164 4113 15
932 4175 75
2680 934 39
2680 2084 78
2680 4170 82
2119 3352 41
2119 446 70
683 2385 76
2740 3898 62
2975 82 47
2975 654 7
3496 1937 15
3916 2202 72
1701 4179 74
2999 2201 57
3883 3910 80
3931 647 52
1285 2160 69
87 1287 8
2364 902 17
1079 3443 4
1794 3049 19
1070 1596 93
1596 1322 10
929 1540 1
929 2324 89
929 2084 50
841 2086 68
1712 3570 76
1712 175 41
1932 3538 49
1932 2613 11
3384 313 56
1275 3013 26
1084 2299 33
1533 3089 26
1828 1744 6
3130 3075 45
3075 3978 39
2786 103 79
2538 2145 75
2145 1110 87
3020 3969 5
3969 765 41
3969 1009 15
3969 911 62
3969 3293 40
80 745 10
745 3751 44
2522 909 59
1931 2558 33
2916 3992 28
3992 4103 99
3079 1636 7
3079 3382 47
1636 1165 71
4194 1216 39
4194 3101 45
3111 1214 69
1214 1674 64
2754 4115 78
838 2454 84
3885 3690 65
3690 2097 16
2127 337 21
217 1829 50
2125 2702 93
3939 2170 68
2170 1816 76
2965 3754 11
1120 3634 84
3634 2591 6
2910 4195 77
4195 577 55
4195 2780 27
4040 2509 54
896 1826 9
896 591 82
896 1312 57
3246 700 71
3002 3929 75
2126 4024 71
2126 152 22
2800 86 9
86 1296 59
2802 1023 34
868 2164 78
4032 577 47
4032 1324 54
4007 1085 86
1903 2509 50
455 79 33
2214 2208 1
2214 3872 13
751 1191 2
751 3283 39
3006 2634 4
3006 3109 31
1118 4015 76
965 54 99
3779 1204 41
3779 1513 17
1562 2298 52
316 2355 96
1245 4151 40
4151 3259 86
2675 1367 71
1378 470 97
1655 1088 24
1486 2590 68
2704 2383 52
2704 439 52
1398 3660 42
3660 3167 36
273 3857 10
2 1318 73
2515 4021 27
4021 225 88
3063 2077 14
1359 312 7
1575 2259 2
2259 1919 37
2486 1283 9
3816 3098 81
2004 1891 74
2004 1858 88
483 2996 61
483 32 62
2553 1264 41
2553 1186 32
1409 2546 90
67 1902 28
980 1174 86
704 214 78
2474 1001 30
2474 3227 9
1677 3018 70
1858 2092 40
597 2568 17
611 3622 10
2706 1510 5
3884 2463 54
1083 2006 45
1100 2698 88
1100 3619 6
2698 301 85
2021 4153 89
888 1570 77
888 773 56
1782 441 34
441 3308 47
1164 249 42
1488 222 91
869 3907 38
3058 1673 46
30 2948 51
2948 2010 3
1060 3607 19
211 3483 40
3198 3125 10
3201 3798 17
343 3245 30
2428 3758 59
3642 3454 56
3454 4052 13
409 882 3
409 3587 53
2003 663 9
1424 3573 65
3125 3522 32
1290 2649 82
1347 1322 75
3907 3025 11
2236 2101 10
412 1524 13
1524 2503 54
2987 2543 68
1511 1353 75
1283 2853 80
3679 1028 17
354 979 86
165 3296 23
165 3367 54
3593 300 43
1716 4039 21
1716 438 21
4039 1198 40
2765 2072 91
1117 4102 47
1117 3602 76
1905 1317 17
142 3272 78
3283 3200 22
3283 2859 75
1624 4168 12
2900 1101 67
2934 3959 20
1262 3928 91
4157 2408 15
2120 192 29
2749 708 1
1704 3672 25
908 66 27
908 3362 55
3070 2560 86
3940 3741 10
3683 3109 89
3683 3748 80
3683 1554 92
2329 254 18
3117 3223 65
3477 503 94
4100 724 100
724 1261 77
3528 3731 10
2400 2862 91
2006 3115 5
3534 2945 23
3383 8 62
2017 2230 70
3924 2921 22
2606 1778 14
4143 2185 43
920 281 69
1333 3577 66
2276 1888 40
39 3420 8
2696 2261 83
3189 1875 11
3541 3568 25
3541 1203 35
2902 1080 96
2439 3263 9
2715 1455 76
2715 3309 60
4103 1643 23
2509 2115 55
959 3253 90
1727 2817 27
213 340 40
3158 303 14
1175 3293 61
2116 1358 55
2659 2040 38
850 4062 47
2011 2024 83
3748 2876 78
340 3632 14
1548 2747 23
998 2082 14
291 266 19
2092 3144 70
3217 1578 40
3422 1038 84
3056 2487 20
870 1633 2
3632 1980 2
3106 3986 6
3986 17 47
3426 3561 86
2666 2838 48
3523 2652 16
2318 742 89
3702 303 11
3028 151 31
1205 1635 66
398 116 85
2173 2207 90
3880 2228 10
3420 3323 44
3442 4052 39
1365 1550 53
505 4071 4
596 1605 80
509 1654 54
182 4082 54
4082 926 10
155 1786 70
1658 646 32
115 2770 28
3963 2998 11
1059 2753 98
2010 1202 16
1462 2953 93
3137 1241 34
3904 3637 22
3413 2607 58
224 3943 55
224 526 94
1428 1314 86
4011 2096 9
950 1480 85
3744 2939 33
3591 2991 47
1615 2493 71
1020 961 72
3218 3881 9
1304 819 73
3708 2537 94
1431 3476 50
2141 730 49
44 2787 16
267 3803 53
3436 1851 91
1371 693 16
561 3724 63
2598 3387 21
1665 2742 70
1282 2271 88
2983 2034 50
364 3670 100
2047 2872 30
515 1401 77
1166 867 86
1877 272 79
294 4166 2
789 120 53
3603 519 28
