3901 917 19
3901 668 24
4586 796 17
4586 927 78
796 299 97
796 2370 8
796 2785 8
796 5086 10
1165 685 70
1165 4132 12
685 3507 6
5145 2581 85
2581 2948 99
2581 4997 43
3430 2371 64
3430 3185 55
3788 4095 44
5528 4424 96
5528 733 86
5528 5169 45
4424 1223 3
1918 2929 56
2002 41 25
2998 3997 9
2998 4265 10
2998 99 33
1709 2861 24
3232 2213 71
3232 4481 7
3232 3833 29
3232 2615 79
3232 2330 58
2213 1181 26
3536 5146 98
5146 271 87
5555 3123 25
5555 2089 20
3123 2958 77
2487 1383 11
2487 2789 16
1383 3835 24
4393 2008 70
4791 3259 47
3259 1440 24
1396 4443 29
4116 5306 73
4116 1082 12
665 5112 65
5112 1854 9
2930 2971 32
2930 2030 57
2930 524 49
2971 893 39
621 4337 49
621 3285 91
4337 4431 97
4337 2449 82
4337 681 68
4337 4042 52
1916 726 80
1916 4978 95
726 3999 51
726 2604 19
398 4952 19
398 2743 42
944 3706 60
944 4207 33
3706 3548 9
2889 1824 50
974 35 71
974 4274 28
974 1018 100
5466 1772 83
5466 1993 32
1772 5154 9
1772 828 97
3739 3369 40
2673 3367 90
2673 4344 82
3367 1157 57
3220 382 81
709 221 57
221 5496 44
3974 3661 43
3513 4434 93
3513 3148 55
3513 111 81
3655 4296 79
3655 3002 56
3655 4062 45
1596 1138 62
1596 1984 54
1138 3128 80
1489 2000 87
1489 750 15
1489 5360 89
1489 149 8
1489 1394 56
1489 5016 88
1489 5487 34
2000 3614 37
3972 2443 31
3972 582 3
2443 2589 31
2443 1224 82
2443 1924 35
4370 1269 81
4370 1040 98
1269 1443 59
4671 5468 69
4671 1641 89
5232 342 95
5232 1233 84
5232 1151 99
5232 3075 53
4714 2430 89
2030 5452 96
2030 4594 31
1690 2436 71
1690 2851 16
2700 453 30
2700 1728 7
2700 4610 42
4543 3719 23
2691 4310 15
2691 1874 59
4310 5151 100
4310 1251 80
4790 124 54
124 3495 85
1449 3835 30
4354 4273 64
4354 2481 36
4273 3098 98
3818 3646 69
3646 521 30
3646 3295 56
5283 832 95
5283 1372 4
4810 3031 87
4810 1831 8
5534 131 49
5534 4461 16
5534 3311 93
5534 4885 21
4719 4236 29
4236 1242 18
4236 1881 96
308 2904 81
2904 1327 9
2904 6 26
537 4969 9
4969 1058 88
2355 2059 4
2059 495 36
745 642 92
645 447 81
645 321 20
645 180 53
447 3917 50
1453 2569 4
1453 2970 24
2569 5181 10
2464 3897 26
3897 3251 72
3897 3965 75
1663 1476 19
1476 4435 53
1476 2280 96
5533 3654 44
3654 2746 89
3971 115 38
3971 4128 33
115 3564 68
115 774 85
115 5442 96
3384 4877 80
3134 2963 47
2963 1078 90
1892 325 95
1892 610 60
1892 3653 56
5375 1391 80
1391 3188 99
1391 1299 23
1391 3556 43
3750 1491 76
360 3825 20
360 4558 42
360 2949 14
3825 2339 12
3825 2342 92
3825 4595 10
4175 4140 62
4175 4770 82
4140 5502 50
1522 4504 86
1522 3319 15
1522 853 39
4504 4827 11
185 2022 50
2022 1401 76
5372 3584 31
5372 154 100
3584 2490 19
3035 1778 26
3035 1956 12
2738 2091 66
2091 1934 43
412 314 30
219 1841 92
219 4058 78
1841 2631 73
1082 1698 23
1082 1297 1
1698 2311 84
1698 4126 70
1698 2166 22
2566 3011 68
2566 3541 12
5007 4525 83
5007 5564 94
1997 803 18
1152 1580 4
1152 4576 14
2651 1379 7
1379 1680 17
1379 812 51
1379 3048 80
1379 4102 93
2451 4111 11
2451 3405 24
3980 3209 47
3980 2123 66
3980 1503 79
4428 423 53
4428 3557 8
423 5403 89
2993 632 97
632 1003 77
632 3823 50
1584 1668 100
1389 742 31
742 3497 2
742 677 45
5551 4890 59
5551 4426 56
529 1804 32
1266 4621 74
1266 522 72
1914 1971 15
1914 3717 20
1971 3966 54
1971 349 98
1732 4287 72
4287 4577 83
2231 155 18
2231 2795 23
2231 3048 57
155 4244 39
155 3331 57
1850 4981 64
1850 175 74
4981 4567 75
4966 3403 61
4966 3448 99
3403 3125 37
3260 1706 72
3260 3047 27
4038 2589 68
3955 3965 48
3955 1593 16
3955 811 61
3965 5099 24
3854 4914 64
1098 4985 21
1544 4186 90
1544 1649 24
3927 1749 12
1749 1142 66
2439 2077 58
2077 1147 91
4850 4096 28
4850 2695 15
4096 67 100
1064 1151 69
1064 3866 14
1064 1666 57
1064 3296 91
1151 5068 87
1151 5493 40
3834 3101 64
3834 3265 46
3101 4147 67
3101 4508 71
1177 1140 58
1140 1673 75
1140 5464 6
3999 2181 91
2181 413 91
716 3177 15
716 661 48
716 2780 38
82 4425 62
4425 343 100
5374 5234 71
3195 4371 51
4371 1301 73
5202 4924 76
5202 5462 81
2110 1932 38
81 2599 69
81 984 4
2599 5564 17
2599 4657 52
2599 3564 5
2599 2863 19
2599 3471 5
5093 3698 73
3698 4919 15
3371 3252 16
3371 300 49
901 5384 16
5384 2205 1
952 895 33
895 1721 41
1443 1658 42
593 3996 77
593 2312 70
3996 5177 9
56 4930 83
4332 2875 72
5100 652 76
652 4973 20
3332 2777 85
4757 4552 78
4757 2465 50
4552 2245 92
4552 5488 62
4552 5208 27
3359 5143 87
3359 3392 82
3359 990 43
2200 2903 23
5046 1040 5
5046 988 74
4944 5054 34
4944 4265 71
5054 3184 10
2957 3899 92
2957 323 93
3899 3022 91
4481 4355 99
4481 4250 60
4659 4910 91
4910 4160 18
2543 3761 18
2543 4223 95
119 1057 5
1057 1148 65
3890 3869 58
3890 4052 76
3869 3518 41
3869 3291 78
4547 1955 37
1955 2516 73
1955 2261 68
701 1589 80
701 1488 72
701 1265 60
1589 3304 18
2907 2029 73
2907 1376 82
2907 1867 59
1759 945 45
904 2557 44
904 3615 65
2557 4599 50
3518 16 53
690 3544 88
3213 2101 76
149 1339 19
1339 4213 1
4302 2894 58
3808 1201 40
1201 4466 85
1201 5408 87
4638 2670 78
4771 1074 46
317 3873 10
317 3881 38
4751 4012 75
4012 1796 26
2948 2554 87
2948 2995 37
1320 1090 9
2594 207 75
2594 3630 24
207 2609 54
207 439 26
3678 3442 71
3442 5376 2
3442 3115 94
3738 3551 60
3551 2410 7
3551 2184 16
2797 1815 78
1815 1714 56
1815 4595 42
1394 4639 52
3976 2211 32
4300 2525 97
817 2489 66
2489 4322 67
2489 4015 48
1871 5043 22
3966 3796 96
3652 5485 89
3652 1395 95
4559 3669 47
3669 2533 98
2054 4452 79
4452 4963 56
2357 4994 66
2357 3656 11
2357 1684 38
4794 4744 30
4794 2184 12
4744 1610 87
4744 1618 57
546 5297 15
5297 2545 52
5297 1160 28
3787 3764 66
3764 4772 45
3764 1941 52
3499 2365 49
3499 4057 9
4961 3366 55
1084 2545 88
396 4019 88
4019 4479 33
4019 3923 28
4036 4909 27
4036 430 81
4036 2139 44
4909 520 61
825 848 20
825 3066 43
825 3239 47
848 3437 9
4396 1724 95
1724 478 58
1724 2083 50
5401 1986 2
4600 1056 25
4600 1957 19
1056 5330 21
277 3424 9
277 2390 61
277 5509 59
3424 1708 43
5068 86 14
3439 4395 69
3439 4544 71
807 2745 56
807 4202 55
2745 4573 66
5482 2737 63
5482 3431 2
2737 1116 91
2737 1739 20
2945 1546 1
2945 2012 63
1546 4206 79
1715 3316 29
3316 4823 93
3316 5121 31
3187 5514 43
5446 3492 63
3492 3961 44
4488 263 61
263 108 11
542 1390 74
542 4021 66
542 1000 2
1390 3949 27
1390 5176 4
719 628 92
719 2294 17
719 2641 28
719 1029 18
628 941 81
3037 2431 39
3037 1330 83
3037 4158 62
3037 4867 54
3598 2184 71
3266 3338 42
3266 668 48
3338 3323 99
1261 3395 33
1261 4670 39
1261 2330 86
4840 3762 77
596 2514 41
2514 1188 93
2514 4685 66
2001 1292 51
1292 3283 62
566 5141 41
566 2229 49
5141 2828 13
2048 3626 45
2048 2814 12
3626 4590 75
4717 2425 9
2425 5092 41
570 386 10
570 4464 46
386 5011 52
5207 4023 9
4207 2335 76
4526 942 75
3986 2626 38
2626 1355 49
969 4097 27
969 2336 75
969 3301 73
4097 4260 80
1255 2255 3
1255 366 12
1255 4229 46
3638 4333 99
4333 3727 83
5127 28 78
5127 3487 47
28 391 77
3703 2920 80
3703 4316 83
1080 1002 74
1172 828 43
828 3506 38
2619 2573 55
2550 160 20
2550 2120 93
2039 3093 44
1767 3441 62
4937 3374 20
4937 4060 25
4937 460 34
1680 3343 13
1492 4445 16
4445 1577 19
5474 1046 81
5474 1392 42
5474 582 6
1046 4647 90
2345 1148 87
2345 703 85
1148 4976 29
4587 169 77
169 850 4
1004 4390 15
2571 3365 89
2571 4688 82
3493 3733 21
3493 2131 2
3493 4484 20
3733 2107 91
3464 713 76
3464 3166 52
3464 5241 49
3948 4732 82
3948 4762 64
3948 4763 17
3948 530 59
4732 4362 91
586 1650 22
586 1870 49
5484 2102 97
2269 4903 52
4903 4691 80
4903 1362 39
4466 1832 82
2728 948 92
948 2308 8
2122 1247 58
2122 3360 45
2122 2447 46
2335 3310 78
4318 3153 26
4318 3488 68
4762 4480 39
4762 5502 13
2534 4701 10
4701 5542 10
4701 2166 38
1846 2452 44
1846 3888 6
568 1996 74
4422 3871 84
1224 1583 14
1583 3718 78
1420 2172 92
1420 1162 53
1455 2214 46
2214 1614 77
3379 4674 40
3379 2919 6
5559 2726 78
5559 2450 93
5559 4781 72
5559 5338 92
1031 3836 92
1031 2473 92
3836 3007 1
3198 5352 81
2831 1341 96
2831 3624 4
1341 4875 36
3477 2392 95
3477 4071 71
3477 1467 99
4091 5039 47
5530 4636 51
4636 540 43
12 371 51
371 3940 41
371 3900 67
3098 830 100
2522 85 33
2522 1873 53
1287 5078 34
1287 2216 42
4060 3180 75
1448 1168 45
1168 4470 47
2413 5062 69
5062 2339 33
2450 1228 45
3186 799 40
799 4800 1
4223 3702 45
3602 4409 54
4409 3474 63
2272 4506 96
4506 319 57
4506 5404 11
1427 3308 91
3308 2481 99
5493 5169 3
5493 3840 59
4154 425 94
425 4402 70
2095 2688 4
2688 5441 4
2488 3950 71
2488 3388 76
3950 4152 70
3950 1907 97
2555 1240 46
2555 478 68
1240 2882 65
3711 2961 55
3711 213 99
3711 2083 90
4880 2694 64
4880 4006 32
1344 5561 60
5561 833 72
5561 498 68
1338 4146 16
1338 1038 33
4146 2975 73
4146 3603 1
3053 576 20
3053 4761 58
3053 2254 86
576 2056 60
826 5105 98
826 4761 54
3278 1999 11
3878 1857 100
1857 3357 79
394 1464 89
394 3435 98
2248 2988 20
2248 4861 77
2988 899 21
2988 4866 7
2988 461 9
2774 3075 98
3175 4128 85
3175 5505 88
1679 3771 47
1679 794 90
1679 4115 93
1679 941 55
2017 3372 62
34 4690 36
34 869 61
5265 4561 65
5265 3895 74
1978 4570 98
3497 302 84
3497 1555 45
302 4450 77
3543 1954 44
1044 5253 7
1044 2104 87
5253 2210 65
4056 5251 14
5251 3668 57
3998 933 42
933 571 66
4815 4044 51
2025 2468 84
2468 4453 71
2253 4748 39
4304 2173 12
3579 4326 98
2827 3001 74
3001 5413 95
3658 5322 18
3658 584 86
5388 5321 29
2148 4136 14
2148 4594 74
4772 5272 75
5434 4975 11
5434 4008 88
4975 4206 34
4975 2868 45
4975 4408 42
2739 4386 74
4386 22 94
550 105 65
3291 892 61
3291 2622 65
892 3928 9
892 3597 85
1234 3283 32
1234 2320 35
3253 369 18
369 861 98
369 3639 25
369 229 99
369 3817 3
899 3731 81
899 2917 7
3457 523 16
3188 36 68
3814 1707 65
1707 1714 32
5025 2445 86
5025 162 88
4110 3428 77
3428 4193 87
1741 4713 99
3433 5190 93
5190 5343 7
3564 898 45
1345 2561 10
271 5310 17
5310 4499 84
3489 2523 40
3489 4883 98
1644 5396 47
1644 5427 86
5396 548 18
1216 4286 52
3525 3154 41
3525 604 43
1635 2220 71
1635 1886 53
478 4565 34
2278 227 66
2278 3501 29
5223 3481 12
5223 2715 6
3481 2741 86
4381 4380 30
4380 5168 34
1592 2107 40
1592 912 78
2107 667 73
173 1119 44
4284 2434 39
4284 1829 82
4284 4692 17
2434 3400 76
929 3735 32
3735 604 65
1196 2265 30
1196 731 7
4649 868 66
3671 3710 69
3671 927 2
3671 2293 19
3671 4431 25
3710 591 73
3798 1487 86
2668 2453 32
5270 3633 31
1110 2898 75
3651 1381 67
1381 1947 80
3700 548 33
3700 3675 52
548 1499 68
548 4126 31
1791 1218 67
1218 2178 12
4168 3336 21
3790 5411 82
3790 1340 67
2909 4421 63
4421 84 21
454 3637 89
454 864 5
454 3460 58
454 3940 86
3637 3034 71
1393 218 55
1393 2062 20
218 975 63
2824 2540 38
3204 1212 89
3204 89 20
288 4692 73
288 1259 30
4692 5140 29
4502 5125 14
3482 5379 86
241 248 23
241 2020 16
3631 3585 51
5505 650 22
2886 4169 39
5221 2980 43
2980 5103 45
2980 2416 41
2980 1754 16
2841 2640 99
1024 3373 81
3373 5065 49
3373 355 7
4939 679 47
3360 281 46
3360 2520 84
281 5051 68
2405 2657 75
577 4065 17
577 341 48
577 1685 70
666 1683 1
666 1132 42
1683 3412 62
1683 8 54
2967 4662 63
5122 4779 31
4779 4906 94
4785 878 59
878 4006 55
1692 150 7
1692 1908 67
2630 646 65
813 1944 61
813 3567 27
1944 2324 26
3850 5472 82
3850 3381 54
3850 78 89
5472 3964 49
249 779 61
779 3608 88
779 256 58
5501 5155 42
5501 4936 42
5155 3409 70
1943 295 4
1330 4383 14
3689 3693 50
3437 2804 53
927 2471 89
4795 834 37
1896 4487 1
4487 1611 63
689 4738 32
2615 62 90
474 4705 74
2905 1029 65
2905 213 39
1029 3202 78
1029 4170 86
4319 509 69
794 1666 57
4244 3068 58
4244 3434 76
752 110 1
110 240 37
1760 789 41
1045 5315 14
1045 1028 6
5315 284 91
1686 4527 87
1686 109 18
1686 2879 59
4527 2554 75
4527 3938 74
4527 2132 33
4527 4695 81
784 3912 30
784 3100 56
1564 831 72
1564 1797 90
3494 4951 73
4951 4181 44
734 54 32
54 4900 100
54 3561 69
5394 2133 10
2133 5116 51
2133 4839 11
2133 436 64
1726 995 60
1726 2225 77
995 2811 4
467 4385 64
4385 1598 32
3043 4029 96
285 5165 35
5165 4213 13
650 3821 10
311 1300 3
3743 2699 91
4471 1185 74
1146 1903 63
1146 4475 4
649 5042 82
5042 2769 17
5042 1574 100
4402 5356 90
4402 2693 79
4402 4215 63
5356 3173 93
579 755 49
2732 2142 3
3202 2239 47
3202 4122 89
3202 3488 37
4439 2411 31
4439 4729 4
4439 2893 63
2411 1380 58
1501 3567 12
1501 1590 54
1501 5560 72
3567 2377 91
4327 3872 9
3872 2360 31
3872 1894 62
3088 3946 87
3088 925 11
2444 3381 8
3381 1988 74
3381 1175 61
1799 1174 51
1799 1632 1
1174 1359 59
1174 1577 62
1854 1590 81
1590 211 39
1590 1368 48
1424 1939 98
1424 3120 12
4575 397 73
4575 2299 72
4575 1853 43
397 1844 85
4856 1323 97
4856 3050 80
1323 5296 40
1114 3342 67
3342 2896 8
4984 5027 98
2263 4802 62
4579 4068 30
4579 2360 7
3768 5239 40
5239 1160 23
1059 5369 13
1886 4209 76
1886 3906 41
1886 40 7
213 1291 52
2921 2595 41
2921 3707 36
3778 4020 12
4020 2361 59
4020 4449 100
1562 2398 51
1562 5144 77
1722 2053 7
5171 4482 90
4482 3781 38
812 3265 98
4685 1594 95
4685 5526 39
1594 2989 96
5154 1718 87
5392 2481 26
5392 4467 70
2481 2935 60
4477 1946 32
4477 2836 17
3251 4292 62
3251 2870 1
4874 1500 75
4874 4324 39
4900 3896 12
4007 1506 69
2759 5323 60
2759 166 48
3572 5071 30
5071 3660 12
2928 4297 68
5305 1173 36
5305 1867 25
1173 4817 86
3917 711 72
3917 2072 22
3931 2363 65
4274 2604 8
1643 313 80
1643 4308 2
313 5332 90
4052 4135 65
4052 2770 23
4147 378 92
2336 430 68
2336 1429 100
1102 40 37
40 250 3
4412 855 40
1874 2828 86
1670 3456 77
1670 4099 27
3456 2946 75
833 560 68
2695 2242 11
4700 5034 45
4700 4034 72
3212 3024 24
3212 2337 37
3212 3243 42
1337 2608 98
4204 2720 90
4204 120 1
4204 4918 69
4204 2579 87
2720 5302 78
5343 482 45
482 2969 14
2299 1329 12
2224 1520 88
1520 2086 32
3125 3092 39
3125 1847 60
4158 540 88
2283 1531 58
2283 4233 61
1106 5185 81
4663 1286 93
4663 879 21
4663 4347 95
5521 1782 31
1411 2316 61
1411 4558 78
2316 3383 30
634 657 87
316 768 81
316 3782 18
5116 1254 92
1966 3737 81
1966 4565 60
3737 75 97
319 4955 92
319 5114 90
89 2467 6
1575 706 48
2235 136 78
2235 23 40
2235 4299 75
136 2276 67
3531 1734 90
3531 4403 79
3531 2851 57
3531 72 30
1288 4485 100
1288 1230 66
4410 838 92
4410 5517 14
838 5072 7
4500 1318 82
1018 2465 86
1936 920 55
920 2530 60
2551 5565 45
2551 3515 26
2551 4239 1
3656 4666 64
1934 4227 41
1934 2064 38
490 3517 54
3517 1894 90
5138 3845 58
3233 3876 69
3233 2782 72
2554 5486 65
5489 483 56
483 2629 15
5206 4312 23
4312 3478 27
4312 4853 89
4075 216 99
4549 965 16
629 740 93
4501 1124 94
1308 2582 75
1308 2870 13
1307 5361 9
5361 3915 53
2370 3248 18
2854 5255 22
872 777 86
872 2547 66
777 607 6
5403 296 41
5277 2264 17
2264 4104 64
2537 1509 3
2537 2310 97
5287 1409 26
5287 5090 26
1409 4675 58
4465 3236 39
4465 146 80
3236 4401 26
3236 844 95
3913 512 93
2438 3723 78
3723 3150 32
2462 806 72
3179 3673 18
3179 5350 29
1619 357 18
357 580 95
3730 4783 42
3730 3129 76
5417 5333 45
2407 270 53
2407 1834 77
3299 5553 90
3299 4917 72
3299 2208 1
5553 2380 95
1513 2069 9
2069 1842 66
712 1952 80
712 19 73
4918 2287 26
2287 2313 48
5308 2535 43
4193 1007 39
4193 2249 58
1007 3219 14
1007 1001 6
3219 2086 81
3219 2733 28
1752 3378 85
3378 2510 3
888 3612 79
888 3521 98
888 4022 70
3460 113 2
2186 2795 51
802 2765 10
802 1482 3
802 4964 27
4523 2189 79
4523 983 36
5302 3570 46
5245 2528 96
5245 3862 21
1703 2463 58
2463 5537 68
4021 673 42
4021 123 50
23 471 3
4691 641 53
3614 1775 66
1887 4605 2
1887 5258 6
1887 2935 44
3767 3908 4
3767 3082 50
3908 1675 89
1525 1571 38
1525 5509 94
1571 845 39
1593 4486 30
1677 2047 6
2047 1988 98
4558 43 29
4906 1306 8
4906 1407 21
1306 625 85
1306 557 28
4919 859 55
4919 2725 56
4919 1552 4
623 2225 83
4206 4322 11
3361 3506 2
3506 3795 48
2131 4569 69
2131 1365 17
5180 3676 48
3676 2729 28
5081 2611 31
5081 3534 73
5081 750 74
2611 2641 40
94 3023 52
94 3334 99
94 2703 10
94 1585 73
432 2064 87
2064 4053 51
1649 4133 16
1231 3382 17
4408 4869 95
1005 1556 23
3284 589 86
3284 2221 31
4962 4276 63
4276 805 90
4276 5552 69
5140 3434 92
5140 1640 71
4214 3032 50
532 268 19
268 4259 67
2544 5113 36
2612 1094 45
2612 4129 83
1335 1033 3
1033 4180 89
535 4293 97
535 4496 95
4293 4767 56
4875 3257 84
4976 2161 45
1003 582 61
1003 1684 77
2983 1865 92
305 4734 79
4734 4950 92
4017 2494 81
2494 3183 6
2223 684 51
4936 223 60
3982 2840 79
2840 2872 9
1203 2549 44
1203 4541 45
1203 4979 66
1818 4419 67
1818 2512 76
1818 3583 88
4419 2762 88
5131 4946 34
2547 4316 88
5542 4436 61
4645 1296 6
3173 424 70
5418 1109 50
1109 1653 81
1109 1204 48
2458 2168 98
4598 4987 52
4598 3412 54
4987 2901 29
4987 1352 15
2584 513 42
2584 2455 82
3296 3005 83
3005 1539 14
179 3515 31
179 4957 36
5409 2471 82
2471 1770 70
3033 5242 80
5242 4231 97
660 3694 90
1691 829 35
829 3008 75
296 2238 28
334 3756 6
334 2293 72
2616 3568 47
3568 1616 57
4677 2925 45
4926 436 21
5235 2559 45
5235 1158 3
2559 4610 70
751 5214 48
3978 4546 73
4115 3613 60
4115 2764 1
358 1155 8
1890 4491 67
25 1149 20
898 2387 24
5549 897 40
897 943 48
897 1466 57
2964 3279 63
2964 2716 59
3611 1437 92
1437 10 95
5128 5291 1
5128 540 10
5291 1311 93
3147 4365 31
3757 5300 50
5300 4070 81
2239 437 67
2239 2015 58
2973 2671 39
2671 1761 37
1485 2830 35
1485 4721 76
1485 4831 69
2995 1565 41
2995 3302 32
5139 3423 60
5139 900 8
5139 2629 27
57 1051 1
57 346 69
4071 1920 94
3223 3057 69
3223 3257 27
3057 3856 91
3752 703 82
5457 2916 61
3304 5075 66
4699 4101 94
4699 4851 89
4629 1738 36
1908 3322 100
3809 3649 100
5276 3576 55
1560 3604 100
3604 2660 89
2416 471 96
5431 744 1
5431 1113 58
2312 4201 50
3914 4238 43
1392 158 77
3343 2071 20
36 2038 60
1533 1422 73
1533 210 73
1422 3190 94
1711 2437 92
3393 1128 34
3393 2497 65
1206 4609 79
1206 2435 4
1764 4299 3
1764 3935 68
1764 1651 17
4299 1714 86
2622 2454 45
2117 4495 40
3174 4678 31
3174 840 53
256 778 69
256 1356 88
177 251 39
251 2165 95
1933 1708 50
1708 5309 9
2141 964 99
2141 2147 80
3184 3868 68
4461 4224 99
1156 3807 14
1156 498 10
883 2725 26
2725 1776 96
4709 1517 91
1517 1543 15
1528 4695 49
1528 64 32
4695 574 88
2870 3687 42
2870 5433 6
3461 1133 47
3461 451 34
2050 114 75
114 3357 78
1963 908 22
1963 4968 38
908 4542 4
307 5077 41
307 3958 87
5077 963 66
2206 1990 2
1990 3841 55
3720 2139 58
49 724 50
724 585 31
2764 3843 34
3843 2266 70
1620 518 69
1620 2664 41
3632 2944 44
2944 2482 77
5345 1433 55
5345 1314 78
1433 1940 58
2011 2240 48
3190 3523 37
3190 879 73
3523 1385 13
4553 2207 19
4553 3570 96
2473 2277 58
4610 5271 92
2359 5464 81
5464 290 89
183 1070 68
1070 46 35
5567 215 1
601 31 12
2104 852 97
1270 5510 87
2491 1676 98
158 950 63
158 123 43
2817 3203 18
3225 2180 77
506 5085 20
506 1294 45
3664 4847 13
3664 196 63
3571 4742 65
1770 4200 44
3452 65 80
3452 4086 50
3363 1078 69
3363 4831 43
3363 445 65
1078 3197 84
2490 2250 94
4401 4706 92
2515 5566 5
2515 5307 85
2515 1475 59
5566 2258 17
5566 4710 79
949 4583 92
2707 468 52
427 324 68
3760 3892 54
3760 1647 89
2719 5192 54
2719 5271 73
5192 741 4
1406 3385 17
1582 3192 87
3478 1861 4
2648 2863 81
2863 1957 43
2863 1631 27
1294 564 13
1294 2596 2
4209 723 48
4209 958 45
704 840 88
4983 4839 46
1289 5066 17
5066 4554 48
2785 2504 19
2785 273 62
2785 3391 19
4749 4848 47
4749 4414 25
4848 1121 39
3487 863 51
1958 4857 95
2385 2493 52
2385 5346 19
2320 1115 54
2320 5452 89
5267 1315 74
5267 1950 77
787 4484 61
5124 275 29
5124 1595 92
1238 2198 85
2230 3606 66
3606 694 80
5404 3530 30
5404 1025 48
3530 2575 7
3963 1819 54
3963 1272 96
1819 1905 38
1352 4231 54
1352 602 98
1352 903 73
1073 5402 99
5402 5364 98
2520 3312 52
5248 2188 15
5248 1103 72
2188 3218 66
2188 292 84
304 5072 50
5072 923 37
5427 2337 10
5271 1704 38
4623 1016 94
201 2210 29
201 5153 29
4362 3902 83
3902 362 60
3902 3923 10
3902 2249 64
5541 723 33
2147 1820 2
2147 4149 64
3511 2784 92
3511 228 24
4647 2432 55
2633 2472 44
1616 3624 38
2849 4442 100
2849 659 75
2414 4768 30
2414 4215 37
940 4497 89
4497 337 43
3748 962 85
3748 2228 36
1532 1849 52
4143 982 46
3712 4024 26
2309 278 20
67 767 73
67 2236 18
3063 2592 50
2160 264 69
1678 4194 92
609 1170 22
609 111 12
3166 1263 73
5477 2685 55
1832 5096 87
3397 1413 83
3397 2120 20
5499 1227 48
5006 4912 66
4912 32 28
3027 3775 66
3027 1669 30
1834 1460 5
2177 1414 38
2177 2495 62
3058 3496 45
4878 280 22
4878 5458 69
204 1880 84
2038 4418 28
1022 243 79
243 5080 29
1793 3755 17
3755 1325 60
72 1518 92
4282 722 95
4282 3659 97
3281 753 94
753 938 16
681 603 87
681 4726 39
1435 4156 12
1435 4474 23
5435 5516 68
5516 4588 21
5516 1249 12
4265 4665 8
2816 3640 8
2816 4720 90
3521 4710 53
2460 3603 55
3770 5272 81
571 3533 22
429 45 71
1567 3051 64
1567 3918 76
2337 2585 85
2932 448 24
2391 3274 5
3731 2915 81
5026 1696 81
5026 822 54
52 2440 93
494 2650 30
494 4078 15
88 361 71
88 3558 80
88 5527 98
2701 2447 69
2447 3794 26
2447 1495 86
3293 3988 40
3150 4388 11
5156 27 59
5156 5153 59
27 5074 44
1674 1964 73
2833 2397 8
2867 2194 52
1704 1710 44
100 4819 66
4816 4290 20
4290 134 41
5084 13 97
13 2645 17
5147 2665 13
3050 2007 29
1054 3402 5
4541 3193 8
560 4707 48
4812 4655 13
5452 1107 27
5452 2634 100
4917 3470 65
4917 2655 70
4241 1976 91
3235 785 65
3235 1013 92
785 891 12
785 505 27
4129 14 72
14 863 99
3860 1275 65
5041 2035 43
2419 637 57
637 5312 31
3540 4450 5
4892 4406 74
2518 336 41
587 30 77
1873 4167 59
1873 1268 79
4167 1502 13
4167 2034 18
3961 503 80
3961 3418 92
2204 2758 60
2758 1801 45
574 3782 88
4234 3250 99
4234 2742 66
489 4049 87
489 1113 6
4049 633 29
3528 1048 17
3695 458 28
4215 469 14
224 1020 6
1020 5063 74
641 5512 87
984 3714 63
2649 1777 44
3864 1605 90
3009 3839 15
3839 1998 33
1279 4822 22
399 3070 23
1061 5166 61
5166 4863 97
5181 3156 71
765 983 47
4078 2623 93
1595 1642 86
2196 2032 57
2196 4353 4
3426 4323 22
3426 5439 73
2228 1519 25
3555 3556 12
5487 205 95
1091 1563 58
2900 2926 87
2900 1951 75
2900 473 26
1302 3796 60
1302 2703 14
3796 988 82
1200 2950 31
2950 3323 1
4861 3742 40
2449 1144 26
1067 2382 26
1710 330 30
3687 1730 38
3599 4959 55
1743 1466 27
5175 3707 26
2051 446 29
446 4476 38
2500 274 70
274 1479 61
2966 1959 85
2966 4028 26
2108 756 4
2108 2857 55
756 3894 29
2564 2793 56
449 445 12
3558 5498 64
5189 1870 86
5189 3830 93
1107 2709 94
377 2602 3
2519 5453 90
2519 648 90
356 5098 16
356 3016 41
2585 3993 8
3993 5254 33
2617 3780 18
5461 3002 32
4294 5547 77
4294 2401 55
329 4556 81
3903 3085 32
3903 3249 64
3085 2717 7
866 780 28
4977 1017 82
1017 1019 40
3014 3920 80
3014 5436 55
1864 3644 48
1926 1333 95
2178 5527 22
2178 2350 54
3562 2375 87
3000 1328 23
4667 5032 73
4667 5503 72
1395 2162 96
1951 686 78
1951 1237 70
2703 528 80
5338 1502 70
1831 692 17
5005 2752 91
2012 3874 75
3623 5240 74
4591 3128 30
4591 1548 64
3128 1434 74
226 4673 28
3364 1780 99
1780 3831 60
3938 5407 65
5568 936 93
5069 4361 8
4361 2730 69
4361 1927 4
1543 2825 89
2674 3773 13
4369 4483 66
2006 714 68
879 1746 50
1373 2406 21
2406 5079 9
3319 3169 14
3319 4825 34
1822 3275 50
1639 5213 92
1639 1387 18
2127 4534 29
2127 3480 30
2792 1842 97
2792 776 14
804 594 6
341 373 52
3702 562 27
3702 2135 90
1053 1012 84
1053 84 32
4852 5495 66
766 5055 80
766 1786 63
1553 2163 63
1553 5010 32
1553 4372 71
2163 3801 51
2741 2917 68
2917 2839 14
1565 5047 80
189 5359 75
5359 4076 40
2600 4693 53
3409 3329 89
3329 4838 24
1661 1358 26
1661 245 81
1661 1284 47
1358 3218 76
5256 4899 81
2664 2482 79
2664 4427 5
3180 3642 12
3642 5091 88
75 2251 55
75 1415 18
2251 3165 42
1718 4375 37
1718 3828 20
1460 5076 65
2100 3386 92
1786 4196 71
4196 379 47
411 2859 26
2834 599 64
4392 3172 54
3172 3560 22
2448 3406 85
5118 2290 74
2015 5170 58
2015 1297 72
1343 519 21
2825 2368 11
2825 4159 24
3822 2982 2
1739 1637 36
2182 4479 40
3800 3795 85
925 3126 98
2937 3886 28
3886 514 10
877 2821 57
1019 2646 96
2560 1465 68
2560 3824 61
1465 3118 40
2482 3507 13
404 3817 63
941 3473 50
2132 4262 73
3718 3227 91
2510 3575 5
4397 2197 77
4258 2890 95
4258 2408 78
2078 996 75
3883 4190 40
3679 2576 40
2576 4279 87
2662 3039 38
3609 2887 82
2176 3148 60
4511 1805 26
1087 4279 85
2773 4702 14
4298 3559 27
4298 636 99
3559 2597 74
3559 3732 57
5503 1991 60
3480 1766 37
1405 159 30
5360 4922 18
1810 2351 35
2432 3042 53
1541 4268 7
4451 661 94
1268 3683 45
2801 1388 55
2801 5115 32
2730 2934 7
1482 881 99
3830 2583 66
3830 5101 79
2583 2302 65
863 5099 94
3438 5104 64
5104 1991 5
4954 4664 52
5157 5035 90
5035 235 84
3238 4658 99
4254 4033 25
2162 775 21
2162 378 98
2401 1009 48
3856 1365 82
3856 2853 100
53 4317 47
4317 2084 34
2313 5226 68
1432 3254 20
3396 3018 5
1512 4620 2
3143 4047 55
4047 5040 19
4973 2899 42
4166 4035 95
4166 4447 89
3617 741 99
5436 3827 73
3827 1034 7
791 3217 90
3900 527 15
1065 1579 3
3688 2076 3
3688 64 91
3686 3021 24
885 3234 39
885 2304 49
4347 4707 38
4707 3951 55
4793 2476 66
2020 2791 72
3545 3754 60
424 3197 85
232 823 69
5086 1888 44
1049 3641 74
1049 3215 39
481 3370 28
1083 2567 13
3705 1446 50
1446 1636 54
5172 4603 12
198 1534 73
104 3781 46
3227 15 60
3095 3255 23
3255 5298 35
680 1891 97
3448 5329 76
470 2924 29
470 1243 31
470 2810 22
935 1346 51
2461 966 27
1086 1852 7
5216 362 50
2343 3484 65
4285 3769 86
731 3462 97
4807 655 73
655 5450 84
2593 2882 46
1655 1725 16
3527 2303 88
2799 1332 32
2799 3431 73
1332 188 78
1332 2805 10
5036 4114 100
5400 3443 71
3443 1342 26
569 1839 26
1839 3619 82
1284 876 12
876 635 26
1942 3317 99
1917 3130 59
1917 2733 60
2179 33 11
33 2984 59
33 3196 52
1421 627 36
2597 4405 51
2187 5395 64
1554 5115 97
5115 322 47
3590 108 12
1536 708 43
2803 605 94
4687 1600 75
1600 4627 21
739 1229 21
4593 2306 8
4338 3132 67
2195 492 71
852 4921 68
924 2779 6
1164 3309 53
2086 844 66
460 600 68
600 640 42
73 5137 69
3185 2972 25
3185 4681 20
3535 1410 69
4991 148 11
3408 4329 4
3408 3734 3
1223 1126 98
1223 4184 86
2783 2300 13
2783 710 54
3801 1276 30
5344 4112 93
5344 4441 32
3797 5123 2
3797 3109 52
3797 3969 60
4863 3947 91
1700 1935 64
1935 3463 3
2606 3578 83
4205 5362 27
4205 530 89
613 795 11
4058 4177 22
4499 1853 50
2910 4756 95
139 4597 82
5096 1744 76
659 729 68
3115 4766 45
3923 421 18
374 4043 71
374 2690 70
4043 743 85
1347 237 63
1347 236 19
4093 3445 79
4093 1721 56
1548 3519 48
1900 3258 31
328 2043 50
42 3596 83
3680 2776 99
3680 3067 22
654 3120 19
3120 1535 46
246 444 5
5150 338 1
890 2990 63
3505 5117 7
206 2984 88
5246 1490 25
5246 441 20
5012 1404 37
3287 2866 37
5562 389 58
4271 820 73
820 4723 88
3837 5136 86
3837 3529 46
5136 4927 50
918 1962 8
977 4427 88
3841 2531 46
3841 1510 31
677 2954 40
3079 3136 69
1502 2019 10
459 4191 72
1194 202 22
1889 318 43
997 717 66
4232 3763 97
788 3387 44
3777 786 74
960 4908 53
4538 1875 23
4538 5316 28
771 3351 88
1179 1816 9
4070 4179 8
1647 3047 7
1919 5056 22
1493 4755 35
2088 3040 99
2088 4704 81
4923 3113 87
2635 3819 35
2004 4789 94
279 2942 21
4735 71 81
71 3791 52
822 1812 15
676 2552 86
2552 3246 16
5173 3929 72
3929 1913 46
4042 2620 87
4042 473 59
4545 4532 99
3049 294 75
3049 1139 26
4509 4246 21
4248 2718 13
4632 3991 3
3991 5033 44
1403 3526 58
2906 2658 24
1570 3044 39
5328 4094 80
2715 1843 5
695 3716 24
3716 967 93
4894 2541 100
4508 854 85
5257 3201 8
1052 5440 44
5429 5444 22
4330 4026 1
4026 3390 1
3268 4325 75
3268 911 88
2704 383 54
1267 2344 63
4720 1687 79
5076 3522 68
5164 1011 12
3863 4073 4
4073 64 47
4073 2037 38
4283 3146 44
2467 1519 72
3082 4730 60
5526 63 93
2087 134 36
3865 282 64
5377 4100 77
5377 2079 100
4100 479 46
66 4970 98
66 557 3
2943 4199 74
5405 3333 74
4180 4776 54
1796 3867 85
5179 1317 75
1317 2459 16
630 4117 93
4117 847 87
957 4835 92
4835 2553 59
5204 4240 25
2871 4782 70
4782 2767 42
2809 287 22
2778 3566 49
5346 2856 43
4088 2531 71
4088 17 8
2531 5135 58
5492 3280 35
3280 3930 76
1941 2349 40
4137 2354 44
1609 4566 97
4566 1970 71
3667 4996 4
4996 2858 34
1006 4399 66
3488 3111 1
5500 4473 73
2276 3663 64
402 3889 76
4416 2156 31
1794 1186 95
2218 3091 26
5209 1712 55
1314 2199 21
1130 1682 98
2997 1701 33
350 951 37
1837 5569 46
3411 4564 83
3411 212 90
4564 2317 71
2201 4518 77
4518 1960 62
3045 4829 89
2962 5413 88
3577 4855 31
117 2055 34
117 2305 74
1013 986 23
410 3350 87
3350 2687 26
1631 3321 93
1038 192 70
2521 1578 24
39 3789 98
3167 3952 75
3529 2374 33
4681 1947 34
4715 1369 20
5525 1483 56
3546 222 61
3415 4988 55
2166 3038 41
3992 254 51
2374 4804 2
3012 1092 19
2369 884 60
3270 125 82
151 3967 18
2027 2190 55
5016 3503 12
1009 5260 33
858 2666 43
3621 2065 8
2563 2329 11
2587 1310 60
3485 2080 65
2080 1150 38
4901 3307 41
3512 4505 90
4505 4076 57
298 3758 60
171 2478 19
5218 4339 27
1008 5158 94
3699 2684 27
353 434 43
1458 4992 82
1458 2119 34
5529 3102 6
5529 3298 6
4876 231 56
289 497 78
3776 499 85
1374 1949 83
5019 2914 78
4787 4478 10
3491 5014 49
5275 2517 5
1505 2128 93
4550 1468 48
1030 770 63
2972 1222 43
1134 192 20
2262 4703 14
4350 2503 26
2146 1557 74
5090 225 22
4364 1187 89
3785 3081 25
3785 4606 6
3785 1823 57
4811 2627 18
395 4349 98
5523 267 88
267 2396 35
507 3766 24
4118 4313 100
4313 836 37
5109 1651 6
1756 1217 68
3591 1808 44
4400 3573 17
2483 1322 23
869 5029 47
2985 1538 35
4083 5399 27
2750 3891 7
5161 4074 15
4773 3078 43
3421 2341 85
975 663 48
4108 147 75
265 5519 41
258 1716 9
1524 4107 81
4764 2991 20
463 4792 41
365 122 86
614 3508 40
1736 4576 76
1371 705 79
3116 4548 36
182 135 84
5268 1336 26
640 4616 2
3410 1120 61
5320 5021 63
1967 1101 40
3140 1428 87
2273 4263 10
3006 4813 76
1591 5015 15
3838 620 24
3038 2952 62
4938 3851 12
1876 907 30
769 5121 10
4827 3815 85
4281 5535 5
1771 127 1
2751 5250 10
4178 3290 83
4826 4513 78
348 648 55
4134 208 57
4447 4192 42
545 1480 49
836 106 69
4824 1765 36
3812 3829 90
598 1290 96
510 2508 45
5334 4711 37
4359 5195 84
4138 4873 90
1658 5288 97
4767 5548 44
2457 4974 55
5473 4745 28
4046 4189 56
4808 4902 89
4904 375 82
2057 993 15
3404 3029 8
4897 4363 57
5438 3407 47
5274 5227 85
2642 508 70
2877 3509 44
4228 693 63
2267 2598 70
5414 3231 72
4212 2667 19
3625 1928 27
4846 174 43
3953 3802 59
1469 4151 64
1412 5044 82
746 1470 95
3419 3237 78
1895 1901 17
5038 5013 68
