4126 5489 94
1563 2972 23
2972 679 47
2972 1259 27
5772 967 31
3238 5801 75
3238 2764 54
1523 4640 95
4640 3775 5
5628 5686 78
5628 2453 40
269 3605 21
942 2527 48
2527 1017 95
4673 1247 69
3731 3448 88
3731 3498 62
4967 5697 70
2574 3826 2
1193 2554 35
2254 1598 100
2254 1552 32
5182 3439 53
5182 1692 52
3353 4373 31
4151 4870 53
1396 542 45
1396 1742 85
542 3120 30
1792 1822 11
1792 4660 59
3664 703 54
5449 261 46
567 2647 87
2647 4023 46
1304 1926 38
5477 2283 94
374 5586 10
2275 5496 2
1965 3415 9
4581 186 9
3687 4427 19
4427 564 53
4956 5110 98
1335 5000 85
1335 5332 27
1687 598 89
3604 3807 6
3604 4026 27
3604 4721 23
5535 770 8
4568 948 48
4568 3673 91
4568 5002 78
948 3467 44
3079 1720 91
2614 2588 90
2588 4867 91
5822 156 65
5822 815 3
156 3005 67
156 2370 27
2798 2921 100
2921 5736 74
592 1630 6
1742 1109 25
1237 336 62
3967 4330 57
4861 3154 10
4861 4078 63
1634 5799 71
5799 2543 72
4015 4367 10
4015 3187 99
5837 1099 36
1099 3459 69
5361 2264 12
5361 4115 4
35 3180 94
4537 2814 34
5287 5366 64
5287 2712 64
5366 280 72
4149 1633 92
4149 4777 87
3978 3541 74
5136 1279 15
3098 1360 47
1360 543 89
1360 983 45
250 4205 30
250 4778 71
4205 260 54
4751 2281 27
2281 5463 37
3248 4369 78
381 2953 61
4981 1372 42
4981 917 19
3643 628 41
2504 5039 38
2504 1475 84
5039 3690 4
1892 244 84
244 828 60
244 1704 60
3921 1391 8
3921 2119 57
3921 1584 22
3775 4177 88
614 3293 100
3762 5103 29
3762 2284 25
1766 4572 8
4573 3980 59
5420 1898 53
5420 3396 91
5420 1621 73
1898 3411 6
2632 3966 43
4198 483 62
483 3963 46
4447 5193 46
5193 227 98
153 1155 86
5158 1861 49
1861 627 61
1861 391 15
5766 1322 39
3363 4063 71
1827 5547 73
5547 1243 86
1061 1111 17
2029 3233 45
2029 1187 96
2029 3156 54
1677 3296 30
1677 2355 63
2462 2126 19
1478 2427 86
2828 3863 56
3863 4066 2
3187 913 16
1356 5838 49
5685 365 32
3452 3585 96
3585 2516 39
3346 3991 57
3991 5093 22
3651 4291 14
4291 5656 56
40 4924 14
40 3122 61
4924 4633 62
2123 2918 31
2123 2182 36
511 2352 48
511 4700 35
511 3667 55
2352 5025 45
644 556 35
556 3659 68
2669 3640 66
898 3450 48
3707 5593 26
5593 4900 55
5593 536 61
5645 3565 16
5712 4888 34
4831 1426 90
1865 4464 3
3778 5541 53
3778 4718 81
2509 562 69
562 1530 42
562 1921 91
379 496 31
5557 1923 47
1619 678 74
678 4736 74
4900 2270 33
2736 3787 63
4847 1768 34
764 709 58
3958 3911 31
5475 5787 49
390 3205 71
386 4456 92
4456 4002 67
1124 4353 7
4813 46 38
41 2490 78
41 2728 35
1472 2448 15
3481 1222 12
4521 3194 64
3194 1681 94
3194 1117 71
306 1643 36
306 2945 97
5096 1503 26
3251 5137 36
3564 3614 7
3614 2991 63
3614 1895 27
1830 5060 39
5060 1274 73
5060 1788 40
5304 4678 94
5602 3630 96
2056 3897 6
2056 1499 54
3897 5497 10
3759 731 98
578 1654 55
1654 633 100
5399 962 33
4745 3199 30
5748 201 64
697 1716 44
3736 576 4
4955 4014 40
5503 1883 60
1883 4087 6
2940 2924 34
1177 3760 6
3760 800 21
4362 1519 9
1452 4672 49
1800 590 43
1800 4552 32
590 200 43
590 3311 40
590 634 25
3960 5025 51
2310 4594 91
2270 3440 57
22 5234 38
3953 128 51
3953 1112 34
128 63 42
2345 2760 73
2345 4972 26
5220 866 51
49 3166 58
2443 3394 24
3394 688 31
3329 656 32
3571 5229 6
5229 4965 100
139 755 93
5386 4966 32
52 5458 66
5226 1878 83
4853 2449 35
4960 5583 78
4511 226 54
226 3703 53
1772 902 59
3495 3899 21
4810 4814 83
189 1599 73
189 1968 68
1599 4303 71
2420 2934 72
3125 4996 63
3125 4054 95
4996 4693 63
1370 3202 54
3202 4457 27
4153 5625 68
5625 308 53
416 5758 61
1575 3710 72
3710 5792 94
5578 1547 96
2355 1138 2
3218 636 31
3218 1864 90
1915 4162 25
579 2282 98
1783 2508 47
2508 4152 26
4036 2054 25
4552 2829 22
2829 549 13
3853 1729 35
5154 4812 99
5154 1265 90
4812 5767 59
3994 3133 32
3133 969 54
2021 2099 86
1359 3555 25
4843 5015 69
4232 3429 78
4232 5714 43
540 798 11
798 1832 51
798 4711 75
4167 1820 96
1820 5823 26
4364 2770 49
5662 25 49
3069 3424 57
2481 904 18
629 158 41
1530 3993 75
5384 2436 98
2808 215 44
3475 2882 64
3475 2335 27
2882 885 54
1034 94 53
1321 4479 33
1321 5416 77
4479 2182 52
2546 5581 74
436 1347 87
436 5817 55
1602 5440 58
494 2325 29
2325 5330 79
2349 2412 91
2190 2547 10
2547 322 42
5073 4125 64
4125 4863 69
4027 4626 37
4816 1704 2
1758 5410 44
1758 214 94
1017 1298 33
1590 2888 75
1590 2271 54
5751 4220 40
86 1212 68
1212 3454 74
1817 2472 24
2472 1700 77
4506 2151 3
1380 3037 56
3499 5224 46
5224 1014 50
5093 3560 18
3560 4401 16
536 4261 94
2143 981 26
3884 2469 77
270 1997 94
1997 4516 49
2158 3928 2
2158 4260 22
4302 3694 68
2149 3734 60
4113 2663 46
2663 1398 25
2659 4558 78
1608 406 26
4320 345 69
345 2067 65
3051 2517 19
2951 1080 77
1080 794 2
5217 1639 6
5098 2728 93
569 1955 34
569 4106 49
1955 1098 31
3832 1108 50
1108 3743 87
2466 859 49
2466 4096 65
5626 4902 66
3902 5416 92
3720 757 30
882 849 55
1593 760 5
1593 1340 56
3841 4516 7
4516 789 87
3607 1208 51
5330 2783 14
1345 377 20
1345 320 59
1345 113 61
377 4783 55
5327 2085 33
2960 501 84
2960 1928 81
2960 4801 98
5576 3104 76
2047 2576 93
2047 1318 24
1855 2967 39
2967 2567 96
2184 1079 34
2184 3252 47
3163 3772 74
1628 77 44
4829 1808 98
1388 1353 91
1992 3893 76
2749 4225 67
2749 1128 52
4225 1685 96
461 1133 10
1133 625 8
589 3908 59
5100 723 54
2243 1457 21
3717 5043 6
3717 5369 56
2516 1200 8
4189 3506 17
284 3096 53
5163 492 32
828 3602 56
4622 3552 14
969 4082 5
4075 516 10
1857 4312 94
2426 924 52
2580 4454 49
2331 192 99
2331 951 27
5755 4101 74
4101 3223 89
1622 3213 39
4481 1038 12
4941 3606 74
5690 5421 28
5421 488 15
2503 5139 95
4033 2529 8
2529 4266 61
5486 5004 60
2387 5797 71
4185 4650 17
4185 5661 100
4650 2666 16
3275 1412 7
3275 4339 71
3093 5532 11
3093 5302 82
2115 2413 36
2115 2700 6
1585 872 92
872 1202 46
800 4903 64
1895 1913 3
1913 3269 94
2350 2730 49
2350 4750 32
4602 1355 48
3279 4182 66
4182 839 55
1920 1986 12
5476 3188 27
264 905 1
264 5056 69
1062 619 22
619 5355 11
4468 363 33
4468 2324 87
2758 3283 68
5488 3886 83
3625 2492 86
3276 476 66
1623 1579 49
1259 3482 2
2783 1707 11
3553 3123 63
3191 795 81
4832 4480 61
3660 3290 3
3290 2402 9
5818 5183 76
31 3478 42
3576 229 7
3576 1097 50
229 4056 85
2400 5422 66
2688 4899 8
2688 847 13
838 2755 50
5142 5590 43
3149 2248 92
2327 3599 4
4575 359 46
5525 2862 70
651 958 2
400 4727 58
4287 4018 81
3264 4786 21
1723 5092 83
2271 3089 65
2271 1488 98
4114 5640 4
1725 1712 70
913 3111 60
2893 875 28
5603 1505 24
2012 2390 32
339 5531 60
3077 4288 2
3181 4465 85
4615 1618 18
1618 2511 38
3227 39 48
3227 469 36
3206 3144 12
2060 2220 28
2116 96 56
4343 1435 96
4343 5509 97
1435 4426 57
2679 5788 63
1707 1284 96
2802 277 66
148 3063 56
3881 4878 13
4878 758 66
4878 1234 3
2879 3379 18
3379 3544 63
5526 3811 41
309 4086 39
5571 4344 25
4344 2965 77
1919 2496 37
5345 2480 5
2480 5657 19
3404 5165 84
4349 2185 40
4349 1 4
2185 4068 57
120 1033 92
1340 5231 77
4818 2306 34
4818 4473 3
2175 5086 96
3891 4975 38
3891 685 79
3616 4211 85
4211 5066 42
4211 3036 58
772 2206 38
1684 2689 26
2689 3058 26
4633 5307 57
3603 3219 11
29 346 42
1021 4529 61
1021 3380 23
5792 1418 10
3052 2117 70
513 5044 40
2868 2620 15
3861 1093 57
4945 2475 54
3252 1851 87
1851 4836 84
1759 539 9
539 1636 94
1187 1064 4
2406 2005 52
4735 4346 71
2842 5325 64
5325 834 76
1731 2361 6
2109 5423 88
4856 3155 59
835 4299 10
4611 5072 9
2818 5710 29
1815 1748 43
2461 4871 69
2461 424 92
5767 5062 26
5767 862 88
5767 2743 54
3783 941 56
5378 1922 12
2643 1309 59
5081 3358 38
3713 4059 77
5559 867 47
867 126 76
867 5405 33
5264 1609 61
1003 3496 34
4867 4022 94
920 4964 28
920 2255 46
4964 151 41
4964 287 65
2926 5839 7
2280 129 41
1558 5254 94
982 3175 13
982 3313 46
1234 919 93
3308 4031 51
3308 868 13
2898 1201 52
320 5326 65
5585 1745 12
2218 3085 87
3085 1097 3
1540 2701 79
5485 4741 89
758 4837 87
4837 2388 33
2187 3074 39
3074 2064 26
4549 2652 28
832 560 4
3735 4100 16
1934 1743 88
3915 3488 83
4271 736 83
736 2941 98
2142 3151 9
5248 2641 73
824 3270 87
3270 2399 1
3270 664 83
4109 3369 38
2227 860 84
3521 16 11
3521 488 3
1537 3890 40
929 3774 26
4209 825 96
3992 4595 63
3992 2805 85
4011 5034 100
2159 1174 56
2159 1 54
1174 2402 63
2575 5286 67
4599 213 49
3442 3335 68
4559 2336 59
5160 3067 10
1528 750 84
2039 5582 66
4262 3229 92
4262 5405 41
3229 4563 89
2834 4231 83
4089 5369 59
1507 2217 24
98 3410 42
3145 187 18
3002 2583 99
3002 2372 11
152 5066 100
152 850 86
2843 2692 87
1342 1057 46
5258 5316 3
5316 5268 57
5568 4893 78
5568 1567 98
3540 2308 75
3540 1993 37
4120 3852 92
4120 1647 26
4120 5500 85
1039 1510 22
4898 1364 6
794 5107 17
164 3006 49
3549 1468 65
533 1316 30
2759 2319 8
2174 5424 26
1688 5594 27
890 829 99
890 327 37
1243 1545 16
673 1607 45
5255 1985 77
1985 3100 91
1494 2642 51
1990 5020 21
1891 5267 40
5267 3364 85
2135 745 65
5052 1449 18
5052 4698 78
3870 4776 87
107 5355 12
1516 5413 56
450 4979 40
1398 954 29
1398 805 85
4122 3776 97
1718 5283 59
4046 3334 62
3505 3456 50
1442 5831 85
1442 856 2
1442 4474 95
3704 1423 31
1423 596 25
3196 4054 6
1012 4002 50
1012 3600 3
1588 646 71
646 3845 66
646 5126 55
646 2309 20
4484 1488 68
1078 134 60
4844 3969 36
4077 5268 76
4470 1059 50
1771 4649 82
1771 4169 70
4649 4314 18
217 5537 49
3463 4385 15
2493 126 26
4965 3210 39
4965 2624 100
4749 1795 13
1556 4259 22
4222 1145 82
4950 2150 7
4950 4620 66
3000 248 90
2902 4961 45
2902 4001 10
4241 2668 26
5481 5265 5
5806 1880 55
5097 5223 75
2410 5204 82
2410 3056 40
165 3343 54
5493 4396 56
4984 4082 50
2545 963 11
5776 4711 91
5776 2997 88
3493 1604 33
3782 4201 50
3355 3847 29
3355 1728 33
2754 818 45
752 1194 63
1011 4433 2
2008 4513 18
2289 2514 67
303 3804 89
4629 3272 66
1082 3584 17
448 5780 76
3091 3739 18
3091 3889 34
4152 2534 66
4317 5191 94
2473 940 35
3556 2612 84
3656 557 43
880 2950 97
880 5344 42
596 5605 76
4827 2903 68
2859 2272 65
2859 2740 82
5506 1470 82
2794 3751 64
396 362 54
3297 367 36
5113 4048 88
5419 2265 11
2864 1166 74
1713 1939 63
1139 256 65
584 2911 99
2653 4000 88
4000 292 60
3454 1225 6
65 4495 91
4495 2188 2
1970 1751 79
1708 3573 86
1068 2422 20
1867 2079 56
5762 1903 93
5695 2009 81
3319 3932 64
5688 565 26
3681 4355 47
4919 3146 43
3054 1136 50
3574 1325 7
3574 1583 100
1042 1798 54
4517 5293 85
2566 968 96
699 3537 28
3458 5701 97
5701 54 58
4263 3263 64
4090 4341 90
2941 4682 15
937 2518 16
2518 3256 54
2896 5815 87
5815 3064 66
1582 1870 55
4679 2353 37
2176 5243 70
4074 5692 78
2920 5518 8
5518 1154 49
4160 2279 20
4160 4244 78
2506 2130 21
2577 1027 92
2314 2833 62
247 1660 33
5794 1016 11
2268 2678 63
2268 4497 64
1331 3683 61
5554 1509 50
3684 4562 70
3684 1098 6
2411 873 95
4539 707 52
2147 1157 96
1157 5095 45
3892 249 3
4303 3975 18
3975 5221 66
3116 3822 41
2589 4442 92
1397 1710 100
1710 5638 26
1498 1126 41
3845 3269 50
2122 1561 68
5150 5783 60
5150 4461 87
3350 1045 84
2955 340 74
5106 5639 16
5639 446 41
5639 3569 38
552 2846 10
4712 4051 56
85 5377 48
5377 4879 69
813 855 47
5533 2811 93
5312 1847 67
3504 4746 87
1409 307 30
5397 4035 22
1300 2165 11
2856 1900 80
4334 3973 98
718 1914 14
4497 4627 47
2434 992 30
992 4226 2
2853 1661 12
5750 3314 24
3858 1667 99
1941 751 42
5773 4912 17
3232 3839 96
2075 5469 34
1554 5466 43
5148 2557 42
4565 1023 26
3766 3141 20
155 5460 36
5814 5031 77
4009 2317 13
5326 14 96
504 1711 49
1845 4395 34
361 870 44
3588 3592 78
2716 1190 9
1732 743 58
1732 4322 40
3622 93 94
895 3983 20
371 2261 10
1695 884 61
884 3937 31
2519 2183 43
2983 2189 3
5390 965 37
237 4775 3
5284 4204 84
79 1905 24
1905 4784 68
2914 5083 86
2914 4377 94
3340 640 41
932 4104 82
2068 4252 2
3590 858 86
5161 1242 58
208 1918 38
1936 4665 23
4131 3222 74
4131 4705 8
3222 241 87
2471 2638 37
2441 2070 50
1438 5813 67
2553 5003 30
1577 83 19
83 1067 50
5058 1226 94
5058 5624 86
5445 3794 53
4578 3003 47
3558 1658 4
2080 4191 87
3842 2839 51
4322 489 74
3434 2464 98
5739 3618 42
3955 4842 70
1647 2065 46
834 5149 9
5149 23 65
2173 3371 55
2124 2259 87
5804 3399 44
5324 3990 65
3990 1465 28
1130 1724 96
4399 1793 39
2482 495 47
1525 799 97
799 5677 3
3673 5392 30
2982 2214 59
1655 1413 1
132 2486 89
5314 1756 44
2002 696 38
5088 5703 66
2340 2419 40
2618 4 25
1333 3672 92
717 5465 17
5765 4890 72
286 2131 11
1988 4327 71
4306 5435 6
4554 376 95
3392 5164 43
5022 2673 45
5105 3020 21
458 2665 50
4308 281 54
2154 1515 100
4514 1105 13
5272 5803 36
1557 188 66
4412 3538 44
4236 1073 67
3682 294 79
512 2491 6
4007 3315 22
2169 2595 66
4474 724 23
276 3014 33
2986 3462 97
5470 5297 32
5297 1796 3
973 1496 63
4140 4647 11
3962 2602 17
1578 5338 11
1433 3611 6
3397 2456 55
3042 1192 21
5202 4247 39
1873 1463 19
1463 4486 27
3031 4621 87
475 4593 74
5356 2364 7
1131 4742 39
4675 5456 62
604 2341 85
1008 5351 69
883 67 38
808 2245 2
1291 4110 20
994 2901 25
1092 2987 7
1650 1550 33
5534 1492 75
5010 5360 97
3608 2444 99
5175 3110 28
4930 3670 36
710 1672 13
710 3943 68
4705 5310 58
3090 143 8
2457 263 46
854 4060 68
1617 817 77
5483 4733 81
4580 821 100
5566 3303 68
2805 792 40
4680 574 93
4680 1595 25
425 5644 2
1407 4788 97
1837 3118 70
3118 683 78
2098 933 11
282 971 10
2299 4773 87
1824 174 66
5455 1501 86
1501 4820 70
1200 1215 56
3421 2186 57
759 742 4
5552 373 40
4390 1767 37
5653 4005 32
202 2396 72
561 166 58
5577 5805 14
5218 4472 94
4655 4628 70
2102 1932 23
4374 907 86
2593 5394 80
1971 4821 49
762 3896 23
2848 4221 33
308 2568 4
4737 1471 3
3130 4044 10
748 1118 17
748 238 5
61 1217 40
2666 739 21
2095 1020 5
3278 4154 19
5285 162 93
3874 243 54
4543 5642 1
5539 526 23
4142 669 58
1967 3214 4
5439 620 37
4846 324 58
4846 3366 8
1444 3856 35
112 2962 9
5209 3131 87
2125 1430 39
432 4508 91
2092 2563 81
5752 5157 92
2105 2942 90
2242 2014 81
5520 5156 58
3621 464 51
1422 1805 43
4684 4016 67
2707 4332 79
2528 5479 10
3 3068 29
3446 2240 24
1907 3918 23
1829 1746 4
171 2544 1
4037 3391 80
82 5597 6
547 5185 7
2874 5579 67
4190 2166 90
3426 1982 79
5634 879 25
1058 5663 39
5790 1566 47
583 4667 19
2077 1778 87
4709 2721 51
