6382 7673 69
6382 3457 40
3164 7995 13
3164 5166 8
7995 5390 71
7995 2640 37
2314 8244 2
6237 5459 46
6237 3249 3
5459 852 28
7975 3789 61
4625 2473 64
2473 7816 39
7923 1778 70
7923 6553 72
1778 5680 75
2736 2131 92
2736 4838 82
6789 6983 45
4240 785 5
785 4604 13
7631 4762 24
7631 4028 68
7631 6596 87
7631 4833 63
30 2373 41
30 7452 53
2373 3998 23
5393 644 58
5393 1740 71
3833 1083 96
3833 3530 29
1083 7547 63
1568 4123 70
4123 7831 88
1045 8420 9
8420 1767 19
8198 5803 48
8198 6187 38
5803 5378 30
5803 8212 66
32 5552 20
5265 3430 17
5265 5561 95
3430 5171 89
114 698 2
250 7625 50
250 3836 74
8183 5515 43
7581 6544 91
7581 6746 64
6544 1378 70
1548 3860 62
3860 2668 52
2493 345 77
2493 2465 91
345 6215 82
345 4715 14
4757 2884 69
4757 5233 58
2884 7748 59
2884 390 83
5724 2852 84
5724 3543 28
3689 809 5
809 6628 10
809 4657 80
1475 1303 45
5618 4780 5
5618 8265 14
5618 4057 5
5618 5786 55
4780 8029 28
4780 1171 10
3472 1507 69
3472 5294 99
4850 7703 19
3067 7591 68
771 782 78
6122 7560 92
6122 2002 4
7560 1582 92
5525 3939 49
5525 725 9
2414 4211 53
2414 6364 20
6315 7825 88
6315 2484 30
737 3087 99
737 453 64
3087 5051 56
6430 2417 1
6430 5734 85
6430 7987 40
1740 5411 60
1740 244 89
6584 4161 97
6584 5103 21
562 5154 36
5154 1301 60
7524 1759 41
7524 5219 84
1759 2632 95
2280 6567 74
2280 3225 85
2280 2052 33
6567 6327 34
6567 4102 36
5360 7862 98
5486 6342 59
906 1916 82
906 2703 92
1916 3107 75
1916 1601 14
5398 4438 100
5398 5653 58
6142 5521 7
6142 2596 88
5521 7187 19
5521 7458 65
624 3993 35
8242 7039 94
5716 6313 14
5716 1262 44
5320 5326 54
5320 2576 90
6618 4140 29
6618 6988 74
4140 7154 53
8029 4658 7
7445 6070 36
7445 4220 48
7445 650 89
6070 6794 31
2960 7770 36
2960 6248 5
2960 4048 78
2960 4012 18
677 5733 40
677 3679 57
3438 5742 30
5742 887 65
5742 8256 23
2502 6046 14
6046 4506 89
6046 4807 64
6046 7727 88
34 1849 33
1849 4310 14
5490 4964 37
4859 651 11
651 4309 3
651 1585 5
7108 4845 67
4845 566 64
7556 2306 96
7556 600 10
4958 3180 18
4958 7172 38
3180 3679 5
7489 4168 70
1497 4387 78
1497 5557 60
1884 7394 98
1884 2956 87
7394 3335 61
7394 5793 88
5286 7053 53
5286 3921 38
1441 6038 43
1441 3201 48
3369 6235 10
3369 7620 86
6117 2624 65
2624 6242 9
475 4521 20
475 4282 39
475 7956 97
8297 7708 18
8297 7012 19
8297 5348 90
7708 925 44
7708 4725 100
7708 1761 74
8211 6248 71
887 3073 78
887 4605 52
5027 1236 40
5567 4039 43
2992 6820 83
2992 8096 80
2992 5940 76
2992 1502 62
6820 6236 70
4588 235 93
1903 3226 82
3226 879 19
4481 7091 27
7091 4575 51
7091 5165 24
7091 2085 100
4505 2265 48
4505 5678 69
4505 3412 25
436 3634 50
3634 2817 67
3634 5775 17
8352 7903 5
7178 1392 67
3976 5696 22
3976 1313 51
3976 6180 42
5696 2769 26
5696 3010 88
5792 3699 69
5792 3874 37
3699 3836 5
6828 5011 79
6828 4655 56
6828 7195 63
6828 2450 17
5011 7909 19
5011 7875 50
4822 7734 38
4822 1036 19
7734 8304 48
4415 4468 57
4415 3894 73
4468 6109 89
6864 138 86
6864 2085 97
6864 4488 38
138 7174 36
138 1767 35
4852 3194 6
4852 5928 90
3194 385 33
3194 6099 38
278 4928 96
7090 561 28
7090 961 74
7090 2604 27
7090 6652 94
5478 4099 87
5478 1163 17
4099 1765 2
4774 3073 92
5391 4911 9
5391 3987 47
5391 4428 4
6320 6927 91
6927 2598 47
6927 2933 3
1019 4609 92
1019 5868 87
7614 1470 77
7614 939 20
7614 6990 94
7864 3816 66
3816 4284 90
7830 1156 57
566 839 42
2056 6309 49
2056 2307 74
6309 8509 30
1563 6433 95
1563 330 13
6433 5789 36
4628 5435 47
4628 6264 66
4279 5688 97
2137 8002 52
2137 5069 43
281 3835 4
281 218 70
6639 8053 75
8053 2694 77
8053 4864 34
7032 2140 22
2140 4519 40
6156 6500 47
6156 3549 50
1499 1089 68
1089 1613 90
1089 8309 16
1089 8047 27
1582 8219 79
1977 564 58
564 5096 92
564 1858 67
873 1723 70
1890 7980 99
1890 6891 45
3553 6295 81
7802 912 54
7802 5830 93
6942 8466 11
7026 802 76
802 2134 86
4065 408 13
4065 1819 41
408 2659 60
118 7076 25
7076 2094 32
7468 2105 86
7468 4855 7
7468 2177 11
2105 7598 80
7897 5005 62
3118 6729 28
6729 4917 38
1262 5924 29
7322 2762 78
2762 5768 76
2762 3272 40
7114 7382 28
7382 7744 42
4644 5844 40
4644 5961 2
5844 3104 52
7480 452 34
7480 3053 67
452 3451 38
7693 2072 39
7693 983 82
7693 3225 2
7693 8141 29
2437 2816 11
2437 1116 10
2816 208 14
2816 3259 40
8328 2776 24
8328 4399 22
2776 8355 96
2776 4764 71
6702 4970 38
4970 1148 8
4970 7748 23
2941 6359 77
7381 4502 69
7381 3156 7
7381 3040 58
7381 2464 60
3131 1204 28
5002 8298 76
5002 4471 98
4070 4283 78
828 1638 77
828 5514 40
1638 2388 75
8252 5405 51
8252 156 92
5405 2352 31
5405 5285 39
5405 5571 52
8137 4295 88
5940 5832 82
5940 7457 51
5940 7054 94
5832 5634 12
7415 5021 29
5021 4538 42
5021 1363 63
5021 5107 27
5553 7863 80
5553 6755 82
7863 5709 27
2585 7259 45
3418 6524 11
4316 8034 58
8034 6130 5
7174 1783 20
4398 6599 54
4398 4614 26
6599 6736 49
6130 5311 91
5311 4830 18
5311 6625 21
5311 6897 68
7060 7656 58
7656 6185 90
7656 3742 4
1060 4843 47
1060 100 73
4843 2165 28
2642 2501 56
2642 2376 79
2501 2928 57
2661 83 91
8101 5695 43
8101 6869 96
5169 5749 36
5749 2940 3
4577 3306 97
6044 2154 96
2154 1811 75
5108 7143 9
812 2335 43
2335 506 5
319 537 73
537 2633 98
537 2536 57
5099 5067 12
4578 7049 5
2496 6047 64
6047 1589 88
573 6258 85
573 366 27
3573 2786 100
3573 7422 34
3573 4209 71
2786 3005 5
5789 6304 71
6090 420 44
6090 2987 14
375 2091 28
375 1504 5
375 5952 9
2091 4908 21
2318 7424 30
2318 7165 61
3403 1802 72
3403 7676 8
3403 3606 85
1802 5366 60
725 7281 68
725 1118 92
725 2903 38
7281 6562 48
3579 7267 43
7267 8009 21
7083 832 67
142 191 53
142 353 9
191 264 8
4749 4207 59
4749 2274 6
4749 1767 82
4749 920 38
4207 4772 71
4736 1875 33
4736 1532 48
4736 2755 76
1875 7272 53
2108 7081 38
2108 4016 14
7081 4954 62
2489 3070 97
4057 3028 58
4057 310 67
7391 5554 54
4594 4844 58
8143 2772 11
2772 8395 54
2772 97 28
162 670 90
5045 3978 69
5045 2181 13
5076 137 80
6839 6583 7
7449 2066 56
6243 2480 91
6243 3866 47
6243 8054 99
2480 128 93
2480 3531 63
3251 1151 29
3251 2300 5
6547 386 23
6547 2543 30
386 6814 38
2096 6938 58
6938 4374 95
5271 2774 17
5271 1280 67
7488 1750 48
1750 1197 59
1750 6487 66
594 3303 11
594 6682 43
985 5158 17
2023 8196 3
6870 2559 30
6870 120 93
2559 288 30
2428 190 47
4525 2867 44
4525 4139 53
3281 4112 30
3281 1906 57
7697 2256 67
7697 3937 54
4497 1105 35
4497 7249 96
4497 4992 65
1105 869 91
5728 4905 56
5728 567 15
1613 4637 39
5303 4193 67
5303 2189 65
658 125 43
658 8182 11
5883 2201 35
5883 2420 6
2201 6686 32
5768 7544 99
5768 1943 46
6562 2891 2
6562 3412 2
1997 2126 64
1612 4280 30
1612 511 19
2040 1727 32
2040 2111 84
1727 942 56
7476 7537 99
7476 5920 18
1888 3377 8
1888 8030 38
3377 4347 90
3377 480 18
3903 5576 3
3707 7437 81
3707 2092 17
3707 3300 81
7437 1386 24
334 8501 100
334 6553 90
576 279 86
279 1679 30
8109 660 13
4715 287 28
4715 4355 64
287 7217 23
8144 5049 99
8144 699 27
8144 1845 48
8144 4270 62
8144 8098 38
5049 5388 6
7275 1776 13
1776 2034 95
5327 6807 35
5327 3639 19
5327 7990 10
6807 6274 57
6807 6480 94
3901 6630 95
3901 5575 30
3130 5744 69
5744 3000 51
5319 4208 82
5319 3619 7
5319 3330 91
4208 1324 45
2431 3190 81
1667 4527 70
4527 4760 76
1263 2370 72
1263 704 43
2370 4544 11
6964 6302 67
6302 920 93
7608 5862 97
5862 2165 30
5862 4660 6
1502 5566 63
2466 1375 43
3921 724 14
2020 7380 92
2020 6910 74
2020 636 44
2020 3291 23
2020 5531 93
7380 5332 18
501 2874 35
501 2276 16
2874 6125 28
2874 2434 85
5551 3999 72
3999 3730 34
2307 2409 47
3650 7141 49
7141 5397 19
7141 5047 96
7231 5349 19
7231 3600 14
2869 8308 64
2869 587 48
2869 6534 80
2869 7459 12
2869 3243 100
2869 3987 19
2869 4337 12
7252 7329 1
3295 5222 100
5222 8315 11
5222 3853 55
248 3102 20
248 4732 96
4832 6385 40
4832 4595 73
1975 6563 56
6563 656 30
6563 5664 28
6563 1405 3
6647 5997 9
1393 5649 17
1393 1865 13
6632 4685 3
6632 3696 5
6632 3477 62
4685 2710 84
2394 3222 43
1611 4507 89
4507 7160 70
1532 6930 49
1736 6207 86
1736 3462 71
1736 3024 60
1116 5911 80
3191 581 13
581 6981 90
6185 4696 27
4151 4674 18
4674 5180 30
4630 6753 6
6417 808 78
8379 2248 100
2248 4179 83
2248 1840 67
1488 1920 15
1920 3287 39
1920 776 93
5052 4128 51
4128 7028 70
6010 3613 46
3613 1670 70
3613 5807 51
3613 5512 32
2668 6391 82
6822 7575 57
7575 623 14
6612 262 89
8494 5128 36
8494 7240 33
8494 657 72
5128 7068 29
3565 3139 48
3565 2234 38
3139 5860 1
1465 1476 61
4764 3718 97
4764 3884 65
3312 5389 98
3312 5623 12
7486 4912 72
7486 3229 94
5104 4388 4
5104 4412 27
4388 1227 92
168 8207 78
168 2160 46
5611 7154 48
5611 7879 61
5611 819 98
7154 4793 25
5257 5384 18
5257 4348 60
7240 6402 76
7240 8315 98
7715 7467 70
8478 8432 60
8432 5565 69
577 1615 76
1615 5597 69
3454 2001 73
3454 1223 18
2001 4246 88
1038 6730 39
6730 4450 86
3665 3531 39
3531 4486 84
1610 3524 20
6768 1394 53
6768 2147 88
1394 7690 20
4957 392 91
4957 1147 99
392 8292 73
5691 3201 94
3201 6748 97
3201 3173 23
3201 8377 51
8506 1486 79
3091 4598 9
4598 4300 2
7509 5781 35
7509 6586 99
960 3412 44
7343 5366 62
7343 8085 48
5366 848 5
7879 4164 72
7879 4066 45
2604 8417 14
4632 4740 28
4740 1622 78
5914 560 13
5914 5347 39
7297 5793 39
4202 2989 36
4202 5170 9
4202 585 14
3366 1432 82
1432 6177 12
4142 3745 1
4142 1447 67
4142 7324 1
3745 687 87
1112 3609 64
3609 4326 56
7844 5392 53
7844 3566 50
5392 4376 22
5392 3987 78
5392 5903 86
675 3667 20
6384 331 63
6384 4754 64
331 7122 30
331 7428 37
331 7310 29
3861 1349 66
7764 2199 70
2199 5487 37
4917 1899 62
5991 1621 76
5304 6501 5
5304 3464 86
6501 1407 2
6501 6464 47
6501 8360 58
6501 3144 11
6501 7110 28
1961 5538 11
1961 8422 81
5538 973 62
633 6049 78
6049 8336 52
4286 6491 82
7583 8107 18
6420 2315 31
2315 443 63
5343 2817 94
5343 7362 78
2817 1640 47
3423 5855 21
515 6734 4
6734 6256 72
6734 1874 29
2729 1746 13
2729 5033 72
1746 6324 51
1746 4200 13
4545 5440 75
5925 5157 84
5925 4697 11
5925 6959 79
5157 512 75
8454 697 74
4028 7360 48
3470 6619 60
6619 6262 1
2064 4640 96
2064 2871 35
4640 3469 29
7457 5795 6
7457 2846 61
5487 5587 73
5487 1988 10
615 897 51
897 7893 67
9 5609 6
5609 2276 24
5609 2410 55
7718 5735 15
1252 596 95
1252 4794 24
2694 631 36
2694 1246 93
2694 5871 64
7741 488 63
7741 2085 72
488 3846 33
7221 3578 85
7221 4009 44
3578 722 94
1473 1588 99
1473 2328 22
3632 2165 76
3632 2184 16
2165 5833 38
1360 6106 89
1360 2014 55
8182 5289 3
8182 2184 41
8182 179 34
5289 896 53
699 6774 42
699 5452 68
5513 7284 96
5513 1452 5
2396 1121 84
2396 522 75
8436 8231 66
8436 7336 87
8436 7184 15
4145 7503 48
7503 2519 45
1821 2910 61
1821 523 50
1821 1992 30
6218 2145 92
2085 7119 27
8160 2051 6
8160 5114 18
7636 2564 43
5359 1842 36
5359 6222 48
1842 8036 32
1842 1386 48
2128 3698 74
3003 5177 52
5177 4942 4
5177 3052 94
2346 6946 34
6946 5230 28
2607 5897 73
2607 2233 62
2607 6845 76
5897 1427 73
2669 2689 13
2689 1564 100
1387 3969 31
1387 3457 9
3969 2526 54
3969 4514 69
6945 6145 89
6145 1254 57
6145 455 17
6145 4900 39
7012 8455 19
1080 7005 30
1080 1806 43
7005 7088 84
7005 5674 5
833 4005 63
833 1193 17
87 7109 59
87 6735 81
6365 6453 60
6365 4734 24
6365 3409 35
6365 2726 14
6453 2309 55
3353 5059 60
5059 1656 99
5758 6289 19
6289 6637 25
2927 2210 39
2210 6239 6
166 4360 15
7906 984 40
3453 3236 26
7818 3431 57
4141 5046 92
3345 6041 88
5950 268 56
268 3826 94
3983 5218 25
2395 778 68
778 2325 65
778 7846 56
3208 6534 76
6534 4846 30
3094 1955 52
1955 7258 46
6965 2349 57
1989 223 28
1779 4091 20
1779 6173 59
8280 962 8
6371 3641 84
3641 7325 41
6482 8449 73
6482 2676 93
8287 3437 41
7793 2203 63
7272 4828 38
7272 6489 18
8428 1190 79
8428 603 43
2168 8388 30
2771 4649 42
7859 348 42
128 205 94
4931 5454 85
4931 1627 93
2925 5519 2
3753 6408 84
3753 1107 31
4375 1218 38
4375 4909 22
3930 3534 80
3930 1681 42
3534 6726 35
3534 5089 28
4730 7586 32
7586 446 92
3086 2522 69
3086 6609 19
2522 4569 17
7531 6219 26
7531 1564 9
6219 7287 6
1035 7518 35
7323 5608 58
338 6324 100
2186 3158 77
2186 41 4
6538 4675 91
5313 6035 72
5313 6132 40
5313 3338 21
6035 109 12
6035 5182 19
4092 8336 44
4092 1428 33
513 6695 46
3181 3269 8
1540 1369 35
1369 2340 88
6629 3022 74
6629 6773 93
6629 65 13
5497 2678 40
6086 6162 6
6086 368 60
6162 3264 12
919 7969 43
4551 3408 13
3109 1214 2
1214 3920 95
7151 1118 49
7151 7796 83
1118 923 62
2028 7230 61
2028 7822 51
4390 3772 4
4390 3172 46
3772 241 71
4420 4484 26
4420 4104 62
4484 1356 65
947 3305 15
3592 709 92
4579 2946 84
7523 1510 94
3169 542 61
3169 1719 57
542 5331 63
2017 4607 7
6484 3013 92
2801 44 7
44 3406 6
908 3143 15
5502 209 76
5502 6397 9
209 1032 59
209 2005 21
7345 2938 88
7345 2515 71
676 7429 55
7676 3729 95
2726 96 78
96 5018 7
96 2892 41
96 2794 67
8260 640 90
964 4382 75
2749 3608 92
2749 4611 53
3608 949 36
6396 8333 1
8333 1559 87
7481 2348 27
2348 7164 22
3090 5245 28
5245 2071 89
4544 7714 25
7202 8142 47
7202 1135 33
7202 2540 32
8142 1807 87
3462 1685 40
8059 3120 74
8059 7156 25
3120 639 52
3238 1146 93
1146 4592 24
1146 5017 15
7131 5457 31
7029 2536 60
7029 4802 32
2536 5644 44
1128 1843 74
5058 77 60
77 2204 21
4355 2699 78
2699 3400 71
7309 3637 2
3637 2015 21
7451 2965 56
7451 2048 20
1435 3145 43
1435 1015 54
4592 8125 43
451 6426 18
451 8213 57
451 3264 10
6426 312 10
3872 3551 8
8114 5105 35
5105 2766 88
639 1269 98
1269 3706 97
5107 3951 47
5107 3904 83
6871 1942 7
1942 8135 43
5415 3323 78
3323 1032 62
3425 1831 22
655 6752 4
655 2215 62
6752 3129 31
6752 404 31
6752 8139 64
7798 4192 69
7798 8045 95
2551 7873 49
6254 3020 36
4469 1726 89
8315 7145 99
5212 6558 65
5212 4684 9
5212 2042 86
8013 8164 90
8013 8124 26
8164 4642 29
6921 4557 26
5230 6955 88
5230 1452 86
6955 4239 86
6397 6224 25
6224 8322 76
102 6776 2
102 8116 83
5859 563 51
795 3291 35
2278 7557 29
7557 3970 8
8212 2059 56
7344 5650 87
5650 1057 62
5650 7590 20
5650 164 54
6703 6979 54
6703 1208 35
6979 3219 13
8176 5928 61
3244 8406 19
3244 6268 7
8406 5769 15
8256 2862 59
7127 1487 24
5427 1517 22
5427 4354 10
5427 1141 51
1517 4927 38
45 8128 32
45 5637 39
8128 6991 2
8128 3292 77
3808 1492 44
3808 3309 84
3808 2875 90
1492 3391 68
6402 6642 98
4104 2451 48
4104 5589 96
4104 3771 80
6764 1424 20
1424 4251 6
3736 1605 21
3736 4717 73
1605 4753 91
8069 309 43
309 3909 91
47 4381 14
47 813 16
4381 5685 43
5529 8033 51
5529 3276 41
8033 461 79
2592 4144 51
981 6165 34
981 2114 6
5623 1569 30
5623 2092 12
8277 8414 88
1057 5638 89
3725 965 46
3725 161 54
2596 8085 12
2596 6878 91
8470 7540 21
8470 6675 8
7540 2337 75
493 4225 56
493 2260 10
4737 6091 21
4737 1949 50
6091 1813 42
3406 2556 45
2556 5817 65
2556 4636 63
1651 1180 26
1180 2438 1
3362 3439 19
3439 1542 36
3439 5137 100
3439 2187 29
2233 5598 45
2215 265 50
3172 7921 55
3172 7172 61
8309 529 47
8495 6434 20
6434 3868 30
6434 6298 74
5200 4320 20
8206 50 80
6894 8281 77
3685 5804 26
5944 4389 43
799 8492 80
799 656 42
8492 4011 2
7258 1195 55
5082 2970 69
2970 976 2
2970 25 50
4937 1707 29
1707 6304 93
1528 117 7
1528 6361 89
3367 7522 90
3367 7361 27
3367 3297 86
1822 2225 93
133 7292 14
133 57 66
4668 6963 51
6963 1990 65
1629 1556 27
1556 8000 74
6911 2879 73
6911 7402 24
5953 5234 97
5953 7542 32
5234 2160 55
14 5802 29
6634 5283 44
6634 1725 91
1730 8097 55
595 3949 47
595 2249 37
3949 2977 65
2641 4129 74
2641 2139 65
2641 7129 99
2204 2789 29
7988 5572 96
7988 6208 95
1049 5188 76
1049 4834 84
5188 6405 85
5188 4139 88
1862 3482 10
1553 1580 74
1580 8133 51
6180 951 97
432 176 29
673 8273 42
8273 4166 61
702 519 17
702 2760 89
519 6431 3
5769 2112 46
438 7740 91
3648 1794 94
3648 4895 84
8438 3636 71
8438 3898 74
3636 4186 53
3334 2907 29
3334 894 69
2907 3083 67
5193 6665 76
5193 4809 7
5193 4589 31
6665 6549 68
5707 7198 72
1051 7786 17
7786 883 81
6529 3752 63
5974 715 49
5974 5748 91
5974 16 5
715 3760 48
3904 1102 56
3904 3704 44
3627 930 88
3627 3965 61
3400 1004 16
1004 2439 8
2933 2185 21
425 3464 70
3464 3624 35
2156 663 51
2156 5465 62
2156 2557 28
663 6285 6
663 7791 42
6991 5564 19
4062 243 73
4062 536 25
243 7847 26
4094 5690 95
4094 6879 33
2766 6842 7
6552 4865 1
6552 6494 34
3760 7428 38
8365 7628 41
5580 931 5
6409 6499 39
1072 925 11
943 1643 62
943 7504 40
8343 1876 27
1876 1744 85
4605 7014 98
4294 6403 83
4294 4228 67
2055 7212 63
2055 6363 39
3958 1770 100
3958 8100 31
3958 6819 10
3958 7647 89
1770 5139 25
1662 6656 86
6656 7460 100
6656 1811 7
3834 5430 62
251 3290 95
3290 2234 80
7017 3557 95
7017 2120 50
3385 8306 48
7058 1110 56
1110 2877 34
4326 2752 90
6188 6997 81
6997 728 45
3340 6493 34
3340 8503 67
6118 836 42
5044 6279 46
6364 750 40
6364 6982 55
6976 1440 46
1440 8229 12
7303 3655 46
3655 6170 50
8487 2087 32
7378 7778 8
7778 6075 4
2862 2940 9
2234 6480 65
5652 3231 40
5652 7569 91
5652 4722 98
6097 7804 84
4489 7261 60
7261 6014 28
6206 4797 86
6206 7820 34
4745 5766 10
1534 5162 32
5162 5661 46
1859 6380 17
6380 1484 91
5834 1504 100
1504 7959 92
3875 7824 44
2222 7138 68
685 7915 77
7915 3491 86
7915 3828 74
7276 6848 43
7276 1210 74
6848 6141 13
7627 6885 33
7627 6909 66
6885 2427 72
5916 8110 27
977 3207 79
3207 6196 14
5061 3053 91
5061 6435 41
3053 5447 87
3515 3546 52
2746 693 14
693 8023 2
435 444 52
5299 3314 45
5299 1693 20
3314 4866 22
3314 155 20
1433 6424 47
1433 3975 43
1433 2842 16
6424 7803 85
4287 5796 84
4287 8354 41
2635 8339 5
2635 5963 50
3445 5637 79
6580 6339 32
6280 3420 13
6280 2268 72
3420 3245 27
3420 6655 53
1984 2603 68
1984 3495 68
4942 4939 83
4942 4593 83
4942 2162 29
2018 4291 71
2018 7886 37
6460 3339 2
3339 5718 76
2430 4558 46
5463 5231 94
5463 3029 56
2034 4597 64
4597 2971 9
5007 5202 70
5202 1028 44
8253 4879 91
4879 4272 51
6112 7433 65
6112 2548 73
5743 7428 41
2598 3628 23
2598 3347 12
2598 6348 10
1185 4759 67
4303 5141 95
4303 2492 48
2587 59 13
2587 4313 56
4269 7701 59
4269 6052 25
7701 141 17
817 2555 36
2555 1751 43
2791 2871 93
2791 7704 45
2871 7928 24
7409 7809 55
6937 4245 44
3037 4003 2
4003 7218 52
7883 4152 6
7883 7312 91
7883 4475 25
67 4363 15
4695 4929 17
4695 1973 4
4929 4425 25
7930 8465 3
6901 7104 49
2092 2183 19
7551 2984 79
7551 4974 2
2984 256 1
185 8132 23
8132 2753 38
5198 4501 18
3779 606 53
3779 5838 92
545 2268 38
2268 7702 27
6361 5620 70
5857 158 74
158 4120 23
7920 5703 79
7920 1187 86
4652 4087 55
4652 6637 93
4087 6985 4
7784 1104 38
8318 3676 90
3676 7511 72
6132 6125 76
6132 6681 37
6125 1614 47
5123 7093 65
3793 4788 9
3793 3690 62
3793 7416 49
1846 5043 78
1330 2654 39
2654 4872 23
1792 7388 66
7388 1238 6
1150 4305 51
953 3973 15
953 5315 93
2153 1287 84
1287 4847 63
3831 4776 97
4866 6939 23
6513 7621 84
1461 5079 83
5079 3331 48
6079 3555 97
3555 3598 41
3927 3097 41
3927 2418 65
2104 3113 21
2190 2512 66
2190 987 62
8376 1555 60
8376 4258 47
1555 3545 65
1555 4071 20
1898 4455 58
8295 7645 14
7645 1572 78
3987 530 45
530 8335 46
1138 2643 21
1138 3884 19
1138 4846 36
502 1893 27
8096 6926 2
404 2331 43
1002 4046 81
4046 8044 91
2724 5341 76
2724 4314 34
5658 5961 27
4758 4386 74
4758 7643 99
2054 1374 52
1374 6276 71
3801 5949 57
603 7243 14
603 3038 62
10 7964 38
10 1268 73
7964 5785 29
153 8251 39
5714 5817 15
2252 886 26
2252 6503 8
8185 1029 62
8159 2387 75
2387 8386 76
6667 2443 66
2443 2804 73
2443 8422 79
540 5029 20
540 7194 42
5921 3044 64
1302 1963 73
1963 5845 37
5638 4014 26
1082 8442 84
8442 1339 48
8442 8038 54
2796 8229 37
2796 5437 16
8229 5835 68
88 5825 2
3556 2838 39
3556 5782 60
3556 3781 39
8165 5181 98
5181 7355 17
7195 8464 63
1434 2481 75
5932 6796 39
6796 7416 15
6796 3764 29
966 4654 61
966 3210 97
3363 2853 85
3363 1490 84
7546 440 32
1628 6767 38
1628 3021 18
6767 3504 66
2464 504 16
2464 5036 100
504 1959 93
8191 4307 51
2021 2948 50
3240 2176 65
2176 1720 39
3246 2037 6
2037 7011 21
1055 3560 93
4987 1100 66
4972 5189 23
7304 5946 46
7304 2730 90
2987 7156 22
7156 4482 29
2525 4146 86
2525 510 40
7947 7860 68
7947 5288 23
7295 2859 50
7774 1041 18
7774 3004 49
1041 5578 70
1041 4178 35
8357 3415 11
2553 3521 33
3521 4182 12
71 4 6
4 2745 89
5443 8195 11
5443 6660 57
4616 613 11
4616 5895 67
7603 5653 76
7603 2917 40
5653 4669 49
3154 302 24
4198 170 17
3628 7827 11
3706 6531 34
1771 6294 61
1771 1320 52
6294 40 76
4576 3626 25
4576 6813 7
4576 2319 6
6502 1787 31
3669 1625 26
4604 5824 16
4604 6725 96
7215 5252 35
7020 4726 9
7020 7477 2
4726 2698 47
1132 2405 87
1132 3134 6
3846 2637 17
3846 8190 36
3846 8510 14
161 6458 89
161 2628 68
3830 4069 51
4069 6705 98
6581 2298 80
1529 2115 28
1529 1820 52
1529 6334 19
2381 6857 85
6857 5432 70
6857 2403 72
6857 5022 94
1700 184 33
6416 6495 20
6416 1232 18
5441 2601 88
5441 3278 69
3709 466 89
2277 3604 18
5051 7416 77
3955 8227 68
1749 4173 64
1749 3116 68
5662 2029 58
5662 5101 1
5905 2692 4
206 275 36
1757 5875 24
1757 829 30
5875 3763 28
2450 3395 51
1074 6812 29
6812 1967 5
1658 2468 73
7203 7359 73
7203 6935 63
7203 2990 70
7359 7652 48
736 4165 24
4165 288 69
7100 3447 18
7100 1240 57
3447 4520 55
8089 498 80
8089 1959 79
8323 4463 40
4106 5868 34
5868 5191 42
637 7163 34
7163 535 42
7610 735 9
6723 8120 97
6723 1178 38
227 7139 21
7139 6672 48
5972 4049 83
5972 3856 61
4049 6905 10
5512 6330 95
5512 2523 12
738 4370 52
1564 8349 81
6345 4210 82
6345 6238 32
6345 6465 11
213 5145 45
5026 5460 12
285 8272 82
285 8152 64
7312 424 73
7403 6601 100
7403 2921 96
6737 1401 25
8236 514 92
7597 7126 77
7126 7958 59
6771 4292 27
6771 6208 48
4292 2365 78
3185 1463 76
3185 5194 88
1463 3372 47
1463 2149 31
2376 2515 84
2376 4827 58
3066 1388 73
4835 2590 54
2590 2071 96
2590 6386 9
7821 5115 45
7821 463 75
7416 4716 62
7416 4657 81
7416 4718 89
7173 290 1
290 3883 9
4642 1966 17
308 2753 86
308 136 81
3735 1500 56
1271 2653 69
1271 6555 24
2653 7974 92
3140 3165 23
2027 8467 51
2027 6858 96
3920 4854 65
7736 1747 33
7736 5131 92
2576 6268 22
8161 423 34
8104 3587 89
7164 3506 24
3639 1627 58
2360 1695 1
3155 1853 26
234 1366 37
1366 6790 21
7440 5543 64
258 2935 55
2935 4090 63
3677 1086 90
610 3342 41
610 4014 73
610 2010 75
610 7801 8
4162 8011 99
4162 3360 87
6205 556 60
6205 2783 15
6712 1923 37
5633 4278 47
8476 1670 3
6464 1381 4
6464 1314 12
6464 3024 9
5424 2540 25
2540 483 27
6 5370 43
5370 1616 41
2411 8503 6
8503 4997 88
1630 19 98
19 1283 94
1681 2584 61
1 7491 50
1 390 71
5939 4899 26
5939 8039 62
4899 3621 53
3124 7073 41
3350 5508 80
3350 3756 46
5508 1652 43
4918 590 35
4829 7827 71
7827 1803 49
1015 471 16
1015 4906 90
6625 4916 13
5022 2281 15
5022 2408 59
5022 5081 52
2760 2569 71
4983 5273 29
976 1402 50
4270 6153 31
4270 3382 100
7278 2285 77
1738 4620 65
4620 5683 79
4620 36 7
6686 8008 34
6686 4038 80
7204 245 11
245 845 28
315 2829 73
315 3607 88
7422 5606 37
5606 3847 44
4910 1523 96
4910 2967 53
2916 2549 78
4556 7334 69
4556 8009 55
4855 1468 43
7372 465 55
465 3826 45
465 1865 36
2686 3237 21
7469 508 10
3886 6786 56
6786 7737 51
6786 7568 77
6883 5960 24
6883 6823 8
6883 1706 67
1167 6140 95
2610 8180 59
8180 3300 57
8180 6019 64
1356 7530 51
1356 5063 61
1301 5645 25
7769 5362 60
7705 4661 77
2114 5132 15
2114 3984 69
2114 2435 61
787 4948 26
4948 3758 38
1344 6668 93
1344 39 88
6668 1672 31
8073 1524 6
8073 6157 15
5098 487 1
487 6263 98
4770 81 53
3079 3554 71
3079 1359 3
5436 4903 75
5702 1637 94
1637 6635 87
105 5615 50
105 4273 24
7751 5976 96
4663 8012 94
4663 3271 47
6201 1739 36
6201 3912 63
1739 8346 2
1739 3012 38
2613 6977 40
2613 8375 95
6977 520 95
3856 3029 23
4323 3138 50
4323 4244 49
3027 6004 68
6004 3520 92
7993 1930 85
2397 7767 16
7223 1689 5
7223 3704 44
6274 8149 97
6274 3868 99
569 429 3
569 1696 30
569 4358 80
4777 7200 14
5783 4474 91
5783 7707 38
5783 8412 44
205 6084 29
205 5499 69
8116 2469 60
2469 5656 51
2469 5452 75
8131 8122 31
8383 7338 4
8383 1469 48
534 5382 48
5382 3374 98
3198 929 39
6926 714 37
2898 7987 44
7987 6837 6
4432 2626 29
1036 923 81
5068 6743 17
5068 8451 40
7666 5296 89
7666 6655 49
2198 3803 32
2198 745 9
6085 4772 1
4772 5407 77
2048 5917 94
1043 3136 88
1043 998 35
5661 3852 83
5661 6920 24
3757 1999 9
1999 5542 65
4679 1592 35
312 3098 26
1742 7513 6
7513 8370 74
7990 5981 47
664 5565 84
2908 1134 59
7957 3756 39
7957 4645 28
3756 6516 6
8374 2195 41
8374 934 45
2195 2993 68
7103 174 8
174 2508 29
7055 793 27
909 7079 31
3202 1197 84
1197 7236 13
623 6457 59
6576 4454 56
5506 6662 45
5506 3059 60
8040 4064 34
6586 6123 70
2060 7225 50
2060 1639 49
310 7884 54
2197 2764 59
770 6909 38
2971 4938 44
2971 6654 95
4881 3548 61
2507 4247 62
7948 6577 30
7008 4421 79
5927 3933 86
3719 3019 46
3019 1437 67
6100 6284 83
6284 5235 64
54 3499 47
1294 6943 45
1515 5864 19
1515 6948 95
2088 2510 46
2088 764 26
2510 8364 84
4696 3381 3
4696 5870 93
3381 3477 32
944 2905 14
944 4336 62
5647 1618 64
2123 362 58
2123 3080 49
2123 318 77
6591 5771 8
5771 5746 33
7834 3134 26
1957 5605 1
1957 7368 51
5605 6475 12
5605 8354 12
4014 7196 23
4260 5412 23
4260 975 29
7270 917 44
4480 5062 33
390 728 61
390 7438 39
7763 1788 86
1788 6917 100
6661 720 33
3040 4134 36
3040 7911 52
3016 899 5
899 858 4
2412 1040 62
4719 3820 100
3820 7294 26
6196 4834 27
4834 7123 28
4834 6321 27
8353 6987 39
6268 1125 61
2284 5203 24
2284 5884 38
5203 500 34
6292 520 16
520 4254 26
3841 8044 50
3841 1979 71
8044 7836 25
8044 6157 28
8346 6048 29
6048 3220 65
5330 4255 27
5330 3448 13
7360 8412 18
328 3221 10
7875 914 79
7875 2600 26
998 2700 46
2700 5197 87
5734 1973 33
3545 7253 68
3461 2324 72
3461 3693 24
2324 1378 73
4308 1187 97
4308 565 7
8228 7790 87
8228 4955 1
5725 7220 21
5725 7870 88
5301 5155 11
5155 5821 27
1671 3847 45
4982 80 86
4783 5820 84
8026 7063 91
7063 3110 55
3220 607 81
4717 2834 92
2419 5279 60
5279 2823 63
5279 1886 47
5279 7704 94
7888 7028 66
3477 7462 38
6497 5698 63
6497 2322 74
4297 6932 36
6932 2843 84
5770 4553 20
4553 7288 18
8479 754 2
5466 3817 83
5466 3862 18
5466 5815 57
6801 2169 9
1370 6680 37
1370 3897 86
4290 8502 41
6171 4540 82
6171 2007 30
4540 474 33
3815 7463 2
3815 860 56
7768 5531 67
2337 4157 71
2337 2732 22
2337 1210 28
8054 4055 90
6798 1856 15
6798 1620 13
1856 5739 89
1856 2491 68
6157 7720 72
4086 7904 19
8349 5196 52
8349 5952 8
1996 8325 55
8325 3008 53
8325 3142 47
8220 1603 34
8220 4756 61
8220 5078 66
207 1906 27
973 7840 82
7840 8049 81
2462 1442 98
2462 7379 29
2462 7172 10
1442 3857 98
8237 1587 95
1587 4478 92
4344 1904 54
8039 3540 77
5917 3015 74
1688 4944 81
1688 8010 20
5236 6422 100
5236 6717 45
6422 7199 30
2534 7291 10
4657 5144 84
6711 6692 32
6692 6303 28
2325 7940 84
2109 936 50
936 7080 69
5805 5233 68
1501 1939 9
1354 980 49
980 5491 27
980 881 47
7129 4934 3
4125 303 57
40 6264 1
40 5762 6
5887 5314 16
5314 7066 90
6287 3593 58
6287 8202 43
6287 7999 62
4254 3394 59
4254 5569 9
5395 3050 4
2127 101 32
6569 7868 37
5017 7680 97
803 7253 6
803 4052 34
7253 7762 99
2547 238 41
2547 4414 65
238 6984 65
2035 6194 76
6194 2368 84
4962 6094 83
6094 1270 68
7711 5321 63
5321 4299 75
3243 700 65
4878 5536 93
5465 4848 82
2823 7845 21
4953 1016 66
4953 605 6
1378 1421 30
7529 614 24
7529 2484 46
5249 4666 74
5249 24 62
244 1328 44
6918 7136 100
7136 6988 8
546 2236 57
546 271 89
1595 3580 79
1595 3974 89
3580 1493 76
3922 5322 58
3922 7805 98
8458 3584 62
2690 2456 78
2690 5527 77
1173 2561 75
2561 3435 37
5677 994 5
7149 2679 83
4289 6360 93
3422 1623 5
1623 3012 57
3571 4310 67
3571 7153 14
3571 5664 39
7048 588 79
588 8481 91
1711 3341 18
4756 5160 9
5630 6461 27
6461 6645 44
4517 7255 96
4517 344 75
3302 7971 51
3550 2828 86
3550 7808 57
2828 8504 42
2828 5676 29
1873 3916 62
7940 7207 73
3868 1438 98
2240 2523 8
257 2627 64
798 2712 51
4414 7907 54
7170 8382 70
7170 6758 52
8382 3851 92
4949 5275 70
8154 982 10
3897 5786 94
2194 2954 4
2194 1559 4
4329 4177 70
4177 4222 28
6351 5980 84
6351 2470 26
761 4299 12
7589 5085 72
5085 8172 73
8378 2952 9
5348 3284 97
4816 68 8
950 6507 37
5632 7587 10
7587 7900 35
5858 7997 42
3896 4114 84
3896 5071 69
4114 1947 67
4114 3836 46
7637 5053 47
5053 1791 48
2579 344 83
2579 437 32
1212 1090 36
1212 7251 13
4659 7069 97
7069 1560 78
3239 4984 37
3239 5517 97
6988 2474 10
6988 1797 42
6096 2273 84
1174 2646 3
1174 3387 43
5373 1021 82
5499 4314 10
6514 2671 76
6514 3804 6
5549 2557 52
2557 4815 35
5192 5655 46
5655 6143 45
5655 1718 38
1027 7233 99
1027 269 6
621 7390 69
3084 3217 34
3217 7015 86
3217 7246 50
7816 1479 42
901 5038 62
901 5315 30
5038 2171 45
2366 2049 25
2477 8058 21
1009 3001 33
123 4708 98
3112 2336 67
4490 1602 12
4490 6174 28
5315 7205 86
1572 3333 3
399 4884 11
7140 8331 36
6456 7120 39
5542 2913 11
3564 6335 59
5493 7910 4
7905 8214 83
8214 5355 37
8263 394 69
6095 6633 7
6633 2545 33
1364 7689 66
1364 4276 61
1364 1861 28
7689 5966 53
745 6766 71
6766 23 36
6766 2073 75
2804 3538 50
8081 3296 51
6717 2940 71
5870 591 7
2926 8268 25
8268 8184 97
253 7735 38
6374 3056 100
8491 1591 58
8274 6323 28
8274 874 45
6406 3409 3
3409 6244 7
681 4763 85
4763 653 89
4763 6980 93
4763 915 49
5225 6348 62
479 7792 85
479 3675 31
6308 1567 68
1567 192 70
1567 7407 83
1925 1768 40
4779 3712 49
2283 5557 82
5557 6689 25
5558 5209 98
3647 2133 43
3647 3692 17
3647 3216 51
3647 3995 87
5737 822 85
1066 7014 96
1066 7077 57
3796 5930 68
3871 3206 8
3871 3373 93
3871 4233 82
3871 7107 61
3206 946 47
7145 3442 67
3442 1343 17
4927 8124 34
7936 7858 22
3717 4422 24
6155 5160 14
6155 5826 4
2148 5364 7
2148 2300 72
5364 1377 9
3033 346 45
3508 1503 26
1503 6435 28
1717 5210 17
2913 8193 81
6518 5480 84
1741 3788 80
3788 3888 2
2356 4040 23
4040 1444 31
4040 3375 35
6488 1533 96
6488 3795 83
4978 4430 30
8205 7935 89
3268 131 73
7438 7167 94
6543 1243 25
6543 741 37
1243 6707 3
1243 3325 39
8468 528 63
3110 5712 94
3110 4446 84
5747 3104 29
5747 3518 92
3245 5757 77
1950 1668 78
6333 6167 88
1867 4915 41
1968 7185 58
7185 598 42
7185 4955 7
7385 2956 10
7385 6873 90
2956 7398 92
4349 7973 36
4349 3601 66
5693 2427 23
5693 6587 92
5693 522 66
5693 7197 50
5669 4503 47
5596 6354 51
5596 3723 87
6593 1800 37
1800 4266 14
2309 8361 94
6007 6175 93
6277 8105 41
3776 2674 46
7399 5819 51
5819 7337 38
3984 5328 40
5374 1659 96
1659 4201 35
1659 5334 34
3704 7227 5
3704 4823 85
5387 2377 81
4509 3267 64
6917 2667 7
1296 6261 37
1296 4739 87
6261 3845 26
2311 6141 63
7908 4456 20
7908 1137 19
1525 4491 45
3088 5420 67
5420 6687 68
5432 4718 81
5432 1969 5
6685 398 96
1014 1928 96
1014 7025 61
6897 582 21
6897 4811 32
1131 2858 75
5610 8359 65
3458 4823 60
4823 8377 31
7406 5227 82
5227 2511 92
6615 6436 66
6436 4251 58
7849 5748 59
6878 1541 81
1541 7543 45
1357 7781 44
1357 4603 4
21 3232 59
3818 8087 21
1493 6732 39
5096 3034 6
6304 2612 28
4041 7780 49
8377 5684 72
4259 6278 66
5308 3662 87
5308 2007 97
5308 642 15
437 1518 68
3101 120 1
868 130 52
4023 6873 61
5678 6399 23
5678 460 62
2552 7678 28
104 1468 55
1468 5089 94
1468 2923 42
1468 7724 57
4874 1807 15
1807 8084 45
7974 7671 51
7974 4731 68
7552 6758 6
7552 3002 42
877 7938 40
4477 203 11
2991 2928 32
2991 6159 85
7707 786 37
3009 1071 21
2255 2333 59
427 320 82
4110 5072 14
8344 314 10
3570 7464 41
7464 4570 52
7464 6200 15
2460 1438 58
1438 3057 31
3081 198 10
7640 6566 58
6566 4512 38
8249 2720 18
8249 4033 27
8249 2162 80
8249 895 59
913 8462 97
913 6627 72
8481 7208 13
6749 5241 30
5511 5837 48
3214 2 99
3214 8121 12
2 7574 60
2619 6862 7
3093 2436 87
903 1708 58
7869 5865 30
7869 5856 25
5865 7227 72
4394 1003 67
4394 5530 33
7667 1293 81
1293 2459 92
4573 1341 90
1828 8405 34
293 58 32
293 6186 77
1926 2033 58
4520 329 3
1648 8173 94
8173 5528 65
5544 6530 68
1495 638 42
1427 5659 19
8304 1586 21
5258 8409 3
5258 4103 10
5258 3792 46
3538 604 54
4246 6794 49
1000 7515 61
1000 5901 28
7515 5673 62
957 6659 62
6992 6318 84
6318 4880 14
2304 7355 56
4135 4437 52
4437 2024 76
4366 3785 19
3785 4226 16
4126 8254 88
4201 1460 27
3956 1936 40
8463 712 56
4548 1877 85
4019 3162 20
5194 442 52
8163 2584 14
6816 7501 51
6816 5008 29
1363 2500 28
2625 7573 9
6481 5429 96
8178 3223 67
3915 395 67
598 6775 63
6435 7497 79
4071 5727 94
4071 1938 38
7717 35 34
469 2399 63
7328 706 84
706 7389 39
706 3199 56
4418 6851 28
6851 1114 69
6815 177 100
177 4130 52
7668 4345 23
6062 7937 55
6062 3812 10
3225 3277 42
870 6419 74
6419 591 43
7887 4583 53
4187 5340 18
4187 389 7
5340 927 20
5287 3517 77
7357 7307 67
7036 7318 40
6033 5717 99
724 7745 30
1514 7234 17
7234 7672 85
7234 4930 7
4337 4304 3
7694 8225 87
8225 5526 83
4033 7321 9
5967 2296 5
5967 7968 63
2296 1245 87
218 6792 88
218 907 85
6792 7516 96
6470 2391 35
2391 705 40
6741 6898 6
6898 4461 64
4442 7664 68
4354 2978 46
591 2013 8
254 1694 34
4452 4466 79
4452 5477 17
6073 5112 90
3294 7148 26
6260 1137 1
6260 226 27
6260 5126 6
4688 6800 84
4688 6369 86
6679 568 93
1874 1557 85
1874 6617 74
1557 6440 62
5901 6676 73
6209 4311 2
6904 7761 27
5464 2393 93
5464 1547 72
1940 8418 53
6030 8431 87
2793 4902 82
4902 1645 68
4204 1316 57
971 1078 95
1078 4974 35
4078 4476 29
1915 6850 4
5268 7473 48
4714 6101 70
4714 20 83
3068 1793 22
3068 552 44
3874 1686 44
7886 8239 39
5274 3297 96
5274 5087 61
3297 5368 31
5423 3083 60
7283 7033 85
382 904 89
904 4043 39
7570 7475 42
4851 6423 59
3365 4453 27
1371 3413 90
3758 28 83
5081 5419 77
2300 831 32
2681 2163 68
2681 5612 66
2163 4523 60
5721 6924 95
5721 38 87
2830 2680 24
1878 5569 47
1878 6152 47
2266 4498 87
2266 5705 78
4498 51 93
4195 8285 99
2478 4217 35
4217 447 83
3888 1827 71
7928 4760 7
776 2923 44
5958 3507 31
2302 7829 100
7829 1025 63
4768 5300 18
5300 5962 53
5881 5102 8
5962 1685 24
7102 4492 11
7102 7084 25
1547 2344 58
7279 4285 75
611 7547 21
611 1485 58
2294 1917 47
2294 1562 31
4996 3881 99
490 8138 78
7762 824 3
5184 1353 83
4914 7483 57
4914 5562 83
7998 3065 72
8294 5898 86
8294 8217 84
6831 8373 59
8373 7853 91
625 7038 22
3656 2548 73
5367 2301 96
5367 5975 68
5654 2031 77
816 2487 22
4771 8284 55
39 3581 61
549 4612 31
8354 3811 31
7246 7867 77
7867 2136 53
6337 1250 32
1250 1509 69
6166 8177 93
6166 219 17
3585 2217 27
2217 5127 16
6438 8488 90
8488 3182 1
8017 4025 38
4637 8079 85
7453 5469 77
181 926 64
181 6622 7
2499 1382 89
1382 4098 54
8322 5507 2
8322 4913 82
4992 4328 75
1437 2367 74
5088 695 51
5088 6793 92
1135 8326 68
819 6303 97
1607 1245 77
1607 7642 41
5811 4891 23
357 5220 66
357 6220 3
127 5285 52
3566 4243 87
1418 3171 45
4641 3724 76
4854 3344 86
6893 5909 89
6893 5256 79
2518 1550 3
380 3197 30
4367 3426 54
7953 79 64
79 2972 23
552 1337 61
7696 6728 83
6159 335 87
5607 5712 30
5607 2521 58
2535 4591 94
6474 4167 32
7130 781 64
7130 6522 5
3038 4963 5
1546 5310 83
1299 3332 23
2591 3596 46
2972 6311 4
8092 841 100
7034 2827 83
3668 8482 47
4710 6750 16
6750 3249 7
6762 5041 53
476 8127 28
476 3942 33
476 7150 78
8127 6037 44
850 1404 52
2889 4302 69
4302 2245 31
2112 187 49
5530 3301 27
7566 7188 20
7188 3992 32
7188 2788 99
6844 2878 85
6844 6377 11
6245 1860 97
6677 7119 79
7119 5922 85
4565 7499 3
4799 52 27
4799 4568 55
6399 6948 29
3402 3085 93
3085 1934 93
3085 6058 8
5668 8 58
2990 2792 25
2990 2490 65
3700 2152 79
2152 1869 62
470 4383 84
470 7505 79
3905 60 100
3344 7842 33
3344 5884 10
7939 3686 21
7939 3813 49
6244 3569 54
6244 5187 84
1246 1219 71
352 959 99
7116 6195 24
6383 1496 83
6383 3561 67
6377 5207 52
413 1911 83
7578 5996 83
7578 4209 33
4900 4191 42
4900 4692 30
5071 1703 48
5071 2181 73
4519 1259 41
1114 1836 83
4233 4742 50
4233 1108 51
6421 2511 96
3599 684 43
3599 5277 16
684 3393 7
2111 1042 97
6660 6824 5
3322 550 72
550 506 58
1380 7669 60
7669 5720 13
6050 2722 100
1574 7626 12
2032 525 34
6328 141 29
2120 7455 64
2962 3950 31
3950 2800 52
1966 8421 73
5601 1852 94
1965 5681 26
1952 6220 83
1952 1944 50
6220 1511 20
2232 3026 25
7466 902 46
2521 6153 55
147 2047 17
6892 7450 17
6892 8094 1
499 5172 26
4293 8474 31
4293 3810 89
8474 4212 26
1030 6415 37
6415 7213 14
24 8483 67
1994 683 57
7641 7175 65
5219 5613 68
7870 3986 14
299 6890 12
299 6523 31
7805 4301 68
7812 2761 81
2759 8423 84
6183 7072 55
2890 7401 35
1335 4882 49
1335 3784 94
1335 1641 95
1335 5095 42
571 8404 43
8404 1191 33
2159 419 69
5718 3193 50
5718 4218 9
1728 8321 31
4634 6447 41
4920 92 84
4920 6561 89
4514 7924 8
8393 7002 20
4510 4724 91
4510 5841 10
7067 1251 8
113 3682 25
5975 3265 13
5156 7031 55
7031 3478 90
5578 7739 99
788 1198 87
788 3980 5
6895 4998 12
4998 1900 32
4998 8327 92
8332 2003 2
8469 1216 5
6887 2964 72
6887 2074 19
2158 2923 98
5643 7285 25
5643 1275 71
5643 241 66
6947 4216 27
5826 3954 62
7946 1331 5
4584 6553 69
6553 2958 48
4252 5253 12
6636 6714 28
6714 3741 48
483 733 78
2740 2588 48
4095 5941 93
3807 5760 64
1126 863 30
1126 5385 10
8493 3354 18
3354 3767 20
6281 8166 78
6281 2461 56
7857 8129 82
6005 1520 77
3986 8368 87
6678 7848 10
597 6227 66
597 1752 97
2214 2714 30
4103 6535 63
865 3285 56
4172 7214 88
892 4037 73
2341 5039 31
2341 7078 88
4806 7679 4
8496 2416 99
2319 6362 69
5520 6971 36
5520 1946 18
6830 2542 28
2542 2015 55
2639 371 99
6176 2046 11
2046 3048 59
1993 6958 42
6958 5136 53
6451 7001 89
6725 7682 96
5232 6834 10
4214 462 67
2520 4229 54
7853 2369 75
4526 3754 50
2808 3215 94
3577 2038 43
6013 8072 1
8072 2083 31
1247 4431 67
4744 800 88
7441 7850 25
1656 3063 89
1065 6305 52
4467 6906 70
7516 6018 72
3316 7796 58
5003 1880 74
5003 5720 19
5841 8305 77
8062 6779 65
6779 3299 31
4593 7653 78
2010 3320 21
3716 3535 10
4682 188 9
8201 2683 26
8201 5670 76
339 2479 72
6755 2688 43
1655 7216 54
3701 4550 6
2245 5030 2
7800 7525 30
858 7181 24
7217 6777 47
3845 4020 10
2238 4610 78
2238 6498 8
2039 6643 4
2452 8348 46
2452 1228 90
6756 6973 33
516 7107 49
2485 8490 51
7739 1948 73
7739 1257 8
1196 8184 63
5324 5818 46
2595 7432 98
5772 2506 77
358 1289 21
2998 4359 59
3008 2784 73
6528 6071 20
7961 5896 24
5987 6519 43
4274 8248 36
4353 439 53
7861 3054 24
5906 1958 63
3610 3455 80
3455 7098 55
3727 6230 82
6882 1267 88
1267 972 79
6182 3071 81
6182 3629 77
852 1910 87
852 3809 19
5215 5799 35
5215 4362 73
5799 3502 3
8394 2482 78
7097 6832 69
2727 2454 50
467 2663 74
2663 3504 6
6818 2052 1
5182 8145 75
5248 2985 35
3806 6600 73
6876 5305 71
7251 8113 50
6478 910 99
6986 5604 86
3591 1848 14
1848 5334 41
8065 1225 84
8076 6808 93
8076 4411 17
4445 1054 53
2544 7296 20
2423 1732 1
7545 6036 19
1526 8247 40
8247 4539 20
8209 403 19
2415 4351 72
2415 4954 27
201 347 76
347 1200 40
7227 6040 66
156 4883 26
5636 6355 97
5636 5083 29
4006 1902 13
2490 434 62
3824 333 21
2276 854 78
6392 7982 62
6392 3614 50
7400 1829 96
2779 3657 50
6186 688 2
5151 6154 34
53 5704 57
3996 3456 63
3653 934 57
8310 4124 77
2050 2577 35
5646 3440 21
4883 6847 47
6847 3460 16
969 2207 22
5421 3015 35
608 7579 13
7692 6777 78
8241 6783 6
8145 6031 34
2404 6290 96
6290 5037 41
1907 6000 1
1886 5948 59
1429 1127 66
7549 5590 10
7549 5034 42
6922 4997 68
6922 7738 88
2371 159 6
2371 3702 26
4586 8362 53
8486 291 15
4050 2725 23
1954 4821 47
5377 6216 40
1634 6025 3
4529 7660 40
219 1758 17
6001 7651 93
6001 4653 83
69 2677 98
2754 6588 56
6588 954 86
8055 7976 49
4680 3518 23
4680 6522 30
6535 7819 24
565 4116 23
7962 509 74
509 2558 7
6253 6022 48
1840 6372 37
7064 126 33
126 7577 26
2461 7601 70
7919 2589 78
3733 7623 95
3605 3444 49
482 4805 38
7320 8007 70
609 3146 2
860 7420 50
860 6412 87
4047 1325 98
8019 2809 17
4562 2254 36
2491 5935 97
7562 7443 16
7443 1315 22
1053 3625 20
8480 3205 3
8370 2648 85
2173 1676 1
3936 2458 59
6856 7565 92
4156 2379 87
2379 626 91
5899 2019 97
5599 1491 64
210 6708 93
7197 2885 5
2752 7493 50
2752 6466 54
8060 3663 53
6794 4265 13
2737 5346 89
7913 3941 23
3786 5648 33
1721 37 29
1729 6067 75
6067 3203 25
2129 7985 52
2129 1734 49
5711 6650 63
2441 2400 30
3247 1431 88
5057 6956 36
2572 7646 71
2833 3500 87
721 3537 15
4423 4080 5
6233 4541 62
3622 456 37
4622 6644 94
5730 8435 22
2383 5943 97
5943 5446 85
5130 5016 20
3568 2497 48
5808 5591 31
263 3293 6
5031 3722 53
3441 6975 9
6914 3994 21
5345 7420 51
2409 6326 80
4687 5404 25
4542 1506 86
4542 1113 18
4241 8500 73
4224 3315 86
173 1851 39
6372 4897 21
4396 8199 64
2138 7633 33
539 2966 3
539 2765 98
1933 3959 66
7730 5331 14
409 65 74
3850 1896 93
1896 5394 99
6083 139 73
2631 7010 97
1731 8187 39
1636 7089 58
5931 6310 95
774 5523 58
1834 72 12
149 2340 89
7484 4812 33
1652 2505 38
813 8106 46
2293 844 78
3652 8410 84
7490 2095 99
8461 1683 10
6631 4836 4
722 4026 1
6469 7723 80
1783 4571 84
4281 91 6
6242 8103 82
6242 4171 85
5959 5969 11
3809 1459 90
4258 6454 30
7241 1192 97
7828 5593 70
8086 3767 54
5446 1119 86
2286 1333 98
2981 3475 36
1228 1642 25
3014 5641 14
6953 4555 64
6953 5794 20
6024 8489 31
4650 4409 95
4650 718 97
2811 1951 83
3965 6697 41
2676 1619 7
5924 5902 63
2192 617 43
1983 1857 73
6026 73 80
73 1034 98
1154 1445 91
791 146 85
8317 410 91
2902 6407 42
6288 2097 83
5867 4339 40
3480 7981 79
4639 6571 36
3115 2150 77
8245 5221 24
1682 2155 79
3274 2695 54
2797 2442 8
7749 1077 83
1077 4818 43
2143 1310 39
2546 6325 35
406 3968 6
2944 3064 74
3899 2262 17
5187 4315 13
3775 5118 2
3893 286 51
4524 7425 29
1777 4568 77
7101 5422 40
3781 2382 80
6263 1355 28
1099 2876 79
431 1960 70
2861 175 52
1622 412 96
2292 8167 71
6028 5888 5
6673 1871 70
3263 2866 77
4199 922 42
7571 5006 66
2843 6212 3
3902 7500 48
6585 5001 69
1459 6721 100
4581 6999 47
417 1914 61
412 6742 46
1722 4989 3
4435 4368 71
4368 1405 40
4465 5433 32
115 5510 29
6045 6886 5
2308 327 13
4031 840 50
5451 6297 69
3799 4298 11
8369 1935 15
928 7721 19
6389 5541 24
7733 2581 100
5116 1261 14
3882 775 13
2645 1763 34
1755 8042 6
7856 5276 72
5278 5539 43
82 1972 61
8118 3411 20
2715 616 92
8411 1795 97
593 7413 39
5971 4537 32
4537 373 50
5559 3511 92
6485 5342 50
825 2824 30
2421 1061 28
1129 5246 87
4074 3972 6
6803 5812 26
6803 6340 50
5651 304 88
6232 3721 90
3721 694 41
6651 1213 83
2666 1692 82
2550 2191 83
2597 2024 57
627 3280 73
2778 7342 1
4175 7412 24
4887 6089 73
7183 7426 94
7162 1697 93
5100 1483 32
5663 8179 76
472 1336 17
4676 1575 74
3209 5602 64
1474 5176 34
963 2847 96
7688 7659 33
