800 2571 52
800 4995 36
2571 708 71
2571 562 70
4216 3507 21
3927 2364 54
2364 2712 11
5845 1780 35
1780 5859 59
1780 4539 51
1195 322 91
1195 1850 39
1195 1899 1
322 5940 72
1630 3569 32
3569 4033 81
3008 5545 84
3008 1517 23
5545 485 66
1474 1429 63
1474 4666 12
1429 1 77
5150 5767 29
5150 3118 26
5150 2211 30
5150 2293 40
5767 3450 22
5767 3425 40
5767 5899 69
5767 2592 52
453 970 16
453 3021 8
970 1963 36
970 5979 54
5318 637 70
5318 4305 52
5318 3220 77
637 227 30
6070 5391 95
6070 958 92
2639 5127 8
2639 2716 14
2639 1158 52
2639 3566 85
5127 3943 88
1176 3636 75
1176 1059 53
5001 5731 12
5731 2505 72
5731 2467 12
5731 4989 41
5675 4030 84
5675 3052 45
5675 1401 53
4030 1095 5
4030 3620 17
4030 5657 61
4030 998 22
2493 2658 28
2658 3197 52
2658 4007 83
3538 4645 61
4645 1530 19
4645 1912 57
526 2821 96
526 3201 79
2821 4979 43
2821 4733 21
3929 4388 10
3929 1309 43
3929 5082 3
3929 5 56
4388 2715 3
1571 2586 86
4156 3150 35
4156 5063 11
3150 3942 68
3366 504 54
3366 3060 9
504 1809 88
504 174 45
504 2452 86
504 3962 26
504 5273 29
3467 3483 76
3467 5809 32
3467 5367 44
3483 1339 37
3483 4971 21
4739 5381 71
4739 5822 4
5381 3969 69
5381 4939 16
1599 687 92
1599 490 9
1599 3325 22
1599 719 4
687 3748 5
687 820 85
145 1403 55
145 1258 6
1677 4738 14
1677 2852 27
4738 435 29
4738 4797 70
2726 5347 79
5347 615 1
5821 4385 18
5821 4318 65
5821 3042 57
4385 3285 2
4385 5210 53
4385 4546 5
1329 551 14
1329 2846 19
1329 2204 63
1329 1802 61
551 1255 69
551 4729 84
551 5136 7
3146 5975 50
3146 1357 63
5975 3242 95
5975 285 37
2814 3418 15
2814 2014 84
2814 1233 92
3418 5556 52
3418 5332 68
3418 2843 56
3240 5763 56
4042 4078 20
4042 4980 93
4078 5609 63
5383 403 72
5383 5529 66
5383 1101 70
5383 4623 71
403 1737 49
403 682 21
1635 428 11
4715 5368 71
4715 715 3
4715 162 70
4715 3546 24
5368 572 67
3161 2091 75
3161 5569 35
2091 717 2
4297 3885 14
4297 3924 34
3481 266 6
3481 1458 76
3481 1079 13
266 4545 58
266 67 57
266 5260 60
266 1572 60
266 2967 15
5344 325 2
5344 4436 54
5344 1488 56
5344 454 48
5382 3034 67
5382 1964 83
5382 591 60
5382 789 65
3034 5376 18
2566 2569 33
2569 3282 39
2569 1494 74
2942 2518 52
2942 5337 85
2518 744 71
2518 4367 85
3163 917 13
3163 3376 9
3163 5687 72
917 3990 14
2128 2142 38
2128 3270 33
2128 3883 14
2142 5532 94
2142 3031 45
2477 2085 45
2477 3834 12
2477 1729 59
2477 5068 43
527 3687 90
527 671 16
3687 3495 12
3687 3373 34
3696 1658 32
3696 2287 2
3696 2113 16
3696 4615 87
1658 4898 44
1363 4897 26
1363 5826 77
1363 2992 80
1363 4930 66
4897 2117 79
4117 4587 11
4117 1975 1
4587 4522 74
1071 5430 75
1071 4113 48
1071 772 40
1071 3839 58
1071 4450 98
5430 1008 46
5430 4005 87
2517 1266 96
2517 2693 90
1266 697 25
1266 2719 55
1972 5267 41
1972 2387 24
1972 3111 92
1972 4602 52
5267 3990 57
4922 2425 91
4922 120 6
4922 27 57
4060 1020 84
4060 2013 37
1020 4829 50
1041 1106 99
1041 1921 47
1041 6078 49
1106 5243 44
4707 2704 48
4707 4547 46
3582 4496 26
4496 1062 31
4496 5419 77
4496 1432 36
4151 1721 67
4151 5719 29
4151 4612 16
1721 1293 63
1721 1014 74
2524 4737 45
2524 1544 78
2524 1127 87
4737 5194 13
5546 2825 51
5546 4436 41
2825 4433 80
2825 2503 79
2825 4090 12
2238 4249 68
4249 5756 57
4249 5669 61
4111 5315 8
4111 781 11
4111 2689 60
1053 732 8
1053 3132 14
732 5197 75
732 5774 6
2746 2929 100
2746 2427 94
2746 167 98
2746 1887 65
3894 2897 31
3894 3523 9
3894 4631 28
3894 1203 91
3894 3659 21
3894 3235 16
3894 4403 68
2897 1662 80
4990 3865 66
4990 3804 76
3865 2345 63
2049 644 67
2049 2532 91
2049 1700 27
644 5501 59
644 3923 19
644 1190 17
5503 4525 7
5503 2321 46
5503 5103 44
5503 1512 3
4525 3438 20
4525 648 95
4473 1459 44
4473 3049 95
1459 1563 7
1459 5186 72
1459 2214 39
5409 501 54
5409 3911 11
5409 1622 11
4245 1828 35
4245 5411 39
1343 5096 33
1343 1949 96
1343 4913 38
5096 1680 65
479 3465 6
479 1520 19
479 1628 27
479 4799 16
3465 1579 57
4558 1441 21
4558 5757 4
4558 3615 56
4558 4059 95
4558 570 85
4558 5907 75
1441 5083 78
1441 845 48
5551 5062 10
5551 5790 31
5551 3278 6
5551 1493 36
5062 333 57
2126 5373 42
2126 2869 95
5373 1269 86
5373 1306 25
4378 3956 80
4378 4916 86
4378 4213 14
3956 2019 29
3956 2858 61
5959 5218 81
5048 5827 72
5048 3282 72
5048 5080 3
5827 5462 100
5827 2602 31
5827 1040 27
2654 1712 16
2654 4488 88
2654 939 3
2654 4362 9
5667 275 43
5667 1726 62
275 4886 84
301 5777 66
5777 4621 17
5777 1705 86
4980 5473 30
4980 5019 16
5473 964 22
5473 5600 4
2969 347 65
2969 4996 62
2969 3422 85
347 1487 58
347 5236 83
3076 3442 62
3076 6007 21
3076 4581 48
3442 5819 75
3442 2689 46
207 613 4
613 2975 74
613 898 77
613 3601 62
613 1052 31
613 4690 63
3835 3089 81
3835 2531 15
3835 6062 79
3835 4694 25
3089 3564 16
3089 4089 64
1588 896 10
1588 5945 72
1588 4977 5
896 744 44
896 4731 3
896 128 70
896 220 32
896 5913 94
781 1082 69
781 1707 3
3826 2097 49
3826 2823 77
2097 4841 48
4887 1849 11
4887 3084 78
1849 675 58
231 4944 66
231 1394 49
231 3974 58
231 6057 46
4944 1865 75
5425 4393 51
5425 4161 41
4820 3437 75
3437 4462 99
3437 5950 82
120 3450 72
120 525 47
395 3699 93
395 3675 82
395 1876 73
2281 2904 84
2281 838 5
2904 5798 19
2904 3795 4
2904 3988 61
1643 4302 74
1643 3845 74
1643 90 83
4302 3428 12
4302 3133 93
150 4586 52
150 5566 72
150 642 48
150 1882 85
4586 4246 73
3695 5061 30
5061 4190 65
4134 459 15
4134 5554 80
3263 3950 95
3263 1084 21
3263 3000 55
3950 2312 92
3950 194 86
3950 1624 34
2447 5320 32
2447 1258 52
2447 2824 59
2447 2458 14
5320 565 94
2160 4788 9
2160 3866 33
360 2742 58
2742 2087 15
2742 2024 52
5016 932 65
333 2412 76
333 599 33
333 3346 10
2412 581 30
5073 3741 83
5073 3199 93
3741 5835 35
3615 2197 45
3615 1938 69
3615 2467 71
2197 2106 98
1224 5400 26
1224 5271 65
1224 5914 38
5400 5203 63
1930 3345 63
1930 6021 21
1930 1634 55
3345 113 4
134 4345 52
134 757 72
4345 297 85
4345 750 72
4345 187 92
5896 4651 31
5896 1414 28
5896 752 35
4651 3022 71
4651 1269 77
1997 2593 26
4763 194 96
4763 2379 69
2161 2789 8
3730 4656 80
3730 5979 13
3730 3562 3
4656 2004 6
4656 5037 49
4656 1309 62
4656 2389 26
2667 2845 8
2667 308 40
2667 978 15
2845 3517 81
2845 5353 34
2211 305 96
305 2812 57
849 4984 21
849 4971 39
849 1103 17
849 4500 9
4984 4797 55
2434 1504 2
2434 5393 8
2434 313 76
2434 5801 23
2434 1334 74
1843 5871 49
1843 3772 26
5871 4427 64
1837 4282 84
4282 929 61
4282 3191 23
4282 3349 58
2849 2807 54
5508 5372 66
5508 3640 21
5372 104 1
2599 3279 45
3279 1288 34
3279 5102 94
949 1522 40
949 2940 27
949 4796 68
1522 589 87
1522 4426 17
1522 1786 24
1522 950 94
5185 375 73
5185 3078 45
375 4058 80
375 1985 82
375 5231 30
4166 2409 75
4166 3132 62
2409 2215 44
2409 3051 5
3480 4191 54
3480 4900 44
3480 1981 28
4191 625 13
4191 2239 81
4191 5870 33
2454 2034 12
2034 4643 16
2034 758 1
2034 6028 36
3818 1382 73
3818 4622 33
3818 857 77
3818 5856 57
1382 3577 68
1382 2449 28
5816 877 68
5816 5132 44
5816 2556 47
877 64 82
2349 4420 38
4420 2871 2
4420 5200 21
1117 3317 5
1117 3170 92
1117 1757 82
1117 5056 94
1117 2597 71
1117 5405 81
3317 4621 57
1809 2005 18
1809 3084 18
3459 1347 44
3459 4595 27
3459 509 41
3124 1414 1
3124 4442 96
3124 4635 22
1414 4543 17
1414 4229 92
1414 2229 85
2427 2916 17
2916 5520 30
790 5030 67
5030 1104 89
5030 4819 24
5030 5227 4
4772 5241 81
5241 5841 21
5241 5836 70
2926 3824 68
2926 3107 52
2926 5462 36
3824 5397 74
5108 5623 77
5623 346 25
5623 24 44
5623 2014 64
4580 4193 74
4580 5444 8
4193 4177 64
69 3772 21
69 3029 33
3772 1795 78
4041 4718 49
4041 470 46
4935 2202 54
4935 365 74
4935 4608 32
2202 4817 90
2202 1710 65
5420 951 64
5420 449 7
5420 4290 34
6026 73 42
6026 1533 20
6026 2931 100
3600 1914 59
3600 4877 19
3600 5194 29
3600 3486 30
1914 2181 25
1914 147 91
1914 2104 47
414 10 52
414 6021 39
414 3127 30
10 3106 22
2932 1246 23
1246 4375 81
1246 5835 57
1246 3059 30
5813 5707 26
5813 2150 87
5813 288 9
5813 5390 73
5813 220 37
879 556 75
879 987 53
556 5543 20
556 4998 52
556 3040 67
173 3252 49
173 2453 8
173 3069 12
3252 487 85
3178 5223 93
3178 3303 51
5223 4110 78
2698 2572 13
2698 4542 78
2698 4835 68
3431 2057 61
3431 3144 76
2057 1779 44
2057 2925 30
2057 2886 71
348 4257 41
348 484 11
348 4688 6
2914 3349 94
2914 749 16
1103 3721 63
3721 3231 40
593 5379 77
593 3494 50
593 981 17
5379 652 15
5379 1687 84
1271 4710 92
1271 3264 44
1271 19 48
3321 1827 21
3321 3664 65
3321 247 26
3321 2576 88
1827 5829 84
1827 1875 30
1827 874 19
1827 2626 50
5666 617 20
5666 2650 59
5666 1442 77
58 1452 12
1452 5788 57
1960 2944 74
1960 1540 15
1960 5364 49
2944 643 36
1189 984 59
1189 2860 14
1189 4541 99
984 2047 76
984 1575 62
1064 2608 57
1064 507 75
2608 2713 57
6033 3435 25
6033 1439 41
2022 2487 8
2022 2836 50
2487 981 58
3270 44 5
3868 4294 77
3868 5084 92
3868 2394 44
4991 248 94
4991 4426 86
4991 4947 67
850 1175 93
1175 4714 30
5353 508 26
5353 5615 37
5353 5669 2
5353 4668 19
5353 1404 55
508 5596 96
508 1305 57
508 6007 49
508 1171 37
2009 4133 36
2009 1562 49
4133 2504 44
424 4014 82
4014 3814 73
2209 2706 22
2209 1388 28
2706 3268 90
4446 1509 99
4446 5366 100
4446 3633 55
4446 3065 58
1797 3308 70
1797 3399 92
1797 4299 37
3308 5561 34
5135 5831 97
5135 910 2
5831 4300 19
5831 2947 15
2721 5426 28
2721 3312 83
5426 4416 53
4888 1096 8
4888 5655 29
1096 4333 32
4702 2739 24
4702 5588 56
2739 2492 15
2739 3398 74
2243 1449 89
2243 1792 34
2243 2248 41
1449 299 27
1449 138 51
1449 1344 80
95 3069 54
3069 806 7
3069 4989 59
2139 1018 54
2139 5512 38
5560 5507 14
5560 5060 67
5507 3733 48
5556 543 23
5556 5986 96
4453 3236 1
4453 5144 7
4453 2754 53
3236 12 91
5092 4760 33
5092 4092 45
5092 4045 57
4760 5653 34
4760 4894 31
2957 512 68
512 114 19
512 2749 37
512 5257 9
1244 4639 41
1244 2330 39
4700 766 59
4700 1081 31
4700 2996 19
766 5018 11
766 5187 24
766 2967 17
5434 190 66
5434 2443 11
190 666 72
5547 1955 65
5547 5083 73
5547 1161 97
1955 2227 83
1955 3967 69
5915 3024 64
5915 476 3
5915 1803 14
3024 5024 11
4998 288 60
4998 1536 25
3726 2457 42
3726 5637 17
2457 4101 23
2272 2052 6
2272 406 63
2052 5331 100
2052 2874 33
4740 5418 22
4740 1393 41
4740 3399 9
5418 4920 13
5418 1738 65
1350 1269 26
1350 4231 8
1269 4409 11
1269 1520 56
3554 4918 90
3554 5638 72
4918 4578 72
4918 2285 89
3943 435 83
3943 4851 26
2470 5646 65
2470 3297 15
5646 5105 21
5646 1831 64
5501 1278 60
2260 5020 87
5020 3139 1
5020 4588 78
5020 3700 85
4116 4140 14
4116 3557 27
4769 5052 78
5052 4818 39
3553 5005 78
6011 5709 67
6011 1291 13
6011 4252 95
6011 841 80
6011 861 60
5709 784 40
1077 3968 68
1077 1492 58
5634 3611 99
5634 2343 95
3611 823 9
3611 3681 44
3611 1889 86
3611 814 91
4791 1550 89
4791 1383 5
4791 300 13
1550 1217 35
1763 866 83
1763 1946 18
1763 2692 57
866 4876 74
866 3155 58
5757 1397 84
5757 179 10
2429 4806 45
2429 4869 65
2429 1359 31
2429 1110 24
1506 3245 93
1506 2565 66
3245 4154 51
3245 2263 55
3450 3946 48
4147 2306 9
4147 5919 40
2306 1681 3
669 4795 3
669 3276 31
669 1624 16
4795 5377 63
4795 677 85
12 38 92
944 1560 88
944 4351 62
944 1394 52
1560 4300 99
4436 4360 63
3342 3399 10
3399 1413 16
3399 6006 82
3399 1131 97
3399 4973 96
1825 4162 67
1825 5762 12
1825 2201 12
4162 4873 15
4162 586 60
5957 2687 60
5957 681 37
5957 4157 60
2687 4693 60
2687 3627 34
37 4945 31
888 1836 1
888 1465 65
1836 560 94
1836 797 29
1836 1545 44
4098 4861 13
4098 2169 51
4098 5466 73
4861 2666 69
4861 195 30
4593 890 90
4593 3629 56
4593 1191 28
4593 4119 21
890 4308 81
48 3849 8
48 2625 61
4471 1074 53
4471 140 48
4471 5971 54
1074 3333 8
1074 3 30
1074 5330 81
806 3675 25
806 4875 6
806 3213 44
806 137 15
3675 692 87
6077 225 2
225 1355 10
225 1171 90
3957 5960 76
5960 623 45
5960 2636 85
2069 5955 56
2069 3591 55
5955 2321 80
5955 3477 38
5699 5840 61
5699 4173 39
5840 2340 50
4402 2839 89
4545 5674 35
4258 2382 42
2382 4316 41
5899 2758 26
2758 5253 20
4821 5900 76
4821 5476 85
5900 5603 1
5900 4798 72
304 2557 50
304 2580 68
304 2054 46
304 75 84
304 4794 90
5467 421 25
5467 27 59
5467 2715 100
5467 5579 4
421 4074 93
421 2045 59
254 761 21
761 3044 77
761 3287 88
2922 2333 28
3581 2101 98
2101 5442 2
4426 3874 57
4426 1636 3
4426 223 62
4426 4929 83
4288 3311 13
1472 1209 76
5355 1139 31
5355 1304 68
5355 559 38
5355 3879 28
5355 1536 33
5355 3622 85
2881 2745 3
2881 4613 34
2881 5081 79
2745 5345 75
5273 2084 86
2084 5299 24
1323 2902 33
1323 5936 52
1323 4687 29
1622 5972 44
1622 3635 72
1622 3274 55
1622 5493 63
5972 2848 56
2233 5213 14
2233 1112 91
2233 5088 40
5213 2842 47
1194 2200 93
1194 3937 11
3221 1129 75
3221 1461 9
3221 6074 1
1129 3550 34
4996 612 85
2048 5258 13
2048 4974 53
5258 5337 93
4165 2036 33
4165 211 24
4165 684 81
2036 2198 23
625 6009 43
625 5255 35
6009 1073 25
6009 2763 78
6009 2547 97
6009 3206 32
1768 1261 65
1768 1360 7
1261 2011 75
1261 404 80
309 5183 54
309 2164 36
309 1816 27
5183 3294 8
5183 3951 90
6083 440 97
6083 3478 22
4262 204 19
4262 2853 80
4262 4419 45
963 1373 15
963 4971 77
2547 4361 20
4361 4644 21
950 5867 9
5867 2308 82
209 817 56
209 881 33
209 438 35
209 3165 48
209 197 94
817 2403 84
817 1683 74
817 5263 70
909 2276 55
2021 3219 62
2021 6015 7
3219 895 75
1597 5375 86
1597 1793 76
1597 1276 5
1597 5738 74
5375 4411 70
1725 739 17
1725 673 71
1725 2240 72
739 4562 48
739 1698 39
739 4928 99
739 1814 19
25 2712 56
25 1344 64
2712 2285 67
6054 968 65
6054 4692 52
968 3887 61
2657 4698 19
2657 1253 44
4698 1862 94
3607 4038 56
3607 1791 55
4038 154 12
4038 3978 94
1162 2532 22
2532 98 27
2532 5461 44
1338 1526 46
1526 5701 16
2285 5105 25
2285 1733 19
1602 1029 72
1602 5898 13
1029 4939 50
1029 2104 37
5954 5236 41
5236 674 16
170 2940 27
2940 3379 59
2940 4706 85
4433 1805 52
4433 3135 79
4433 3102 96
1805 4762 40
1805 2414 2
1805 3677 34
3783 3931 10
3783 4972 49
3783 5886 70
3931 4163 33
3931 5140 98
3200 3172 53
3172 192 91
1990 5541 24
1990 1437 15
5541 5321 41
5541 128 93
4552 4898 81
2246 4939 15
2246 1879 19
2246 2874 76
2246 4979 89
4939 569 14
4939 1418 69
4939 5482 66
4939 5898 7
4939 2144 28
5227 3352 33
5227 1388 94
1282 811 64
811 2365 72
1003 1672 93
1003 3315 54
1003 2601 69
1003 4979 27
1003 5758 50
1405 117 28
117 401 90
2468 3983 37
2468 5601 82
3983 5313 81
884 4150 97
884 2234 37
4150 3032 42
4150 5468 49
4150 6035 84
4150 2114 5
5399 3717 59
3717 3137 92
3717 2823 27
1793 1232 33
2062 5754 15
2062 1580 7
5754 439 65
5401 2164 53
928 1453 27
928 4394 1
1453 5930 55
1453 931 40
229 2760 52
229 3948 42
229 5685 31
679 4824 87
679 2136 61
4824 2418 3
4824 1674 21
5303 5441 24
5303 4444 31
5303 5132 3
5303 5408 10
4459 1150 13
4459 2113 30
1150 4937 29
1150 1819 59
3672 3108 100
4711 2362 45
2362 5232 76
2362 3375 23
5671 4600 35
5671 3747 46
5790 4319 33
2194 3294 41
2194 5362 93
1613 4160 28
1613 4198 75
1613 349 18
4160 4326 84
4160 3484 8
4160 1484 92
1221 1746 29
1221 3618 90
1221 1090 37
1746 2060 54
1746 294 78
1746 2135 57
620 555 53
620 3381 67
1181 1368 99
1181 3359 72
1181 3042 93
1933 2137 81
1933 4727 5
1933 4304 52
2302 2293 79
2302 3786 47
2302 840 92
2293 2819 96
2293 510 30
4240 5392 99
4240 3460 23
329 5292 37
5292 492 38
1395 452 10
452 5837 88
1826 825 41
825 4690 81
825 1370 35
3017 5226 18
5226 734 80
3278 922 67
3278 5151 51
3278 1082 9
922 5152 41
922 4082 26
5162 1380 71
5162 1410 53
5162 4103 13
5162 846 69
4501 2033 10
4501 5970 77
4501 2587 76
4501 5050 84
390 2368 86
390 1557 78
390 3028 12
2368 6017 85
2476 2316 94
2476 4932 70
2316 1461 5
1372 4085 33
4622 4883 96
4752 365 57
4752 199 82
365 1393 59
365 4090 94
2743 2187 11
2187 5719 4
2187 1009 27
5357 4088 23
5357 1686 29
5357 4069 70
4088 562 30
4088 3468 85
98 5482 71
1385 318 32
1385 1953 4
1385 5491 34
3663 5057 80
3663 5965 86
3663 5752 75
5057 300 16
5057 4227 88
681 3365 91
681 4308 96
3919 1100 80
3919 3670 62
3919 3115 100
1100 1612 67
2576 731 71
2576 1352 3
4325 3606 2
4325 1982 17
4325 1729 89
3606 721 14
4230 4512 7
4230 1523 48
4230 1902 90
3472 2971 55
2971 1862 88
2971 5644 10
2971 2632 56
2971 1334 76
1166 5189 20
1748 1068 71
1748 331 53
1748 744 58
1748 596 2
1068 5146 27
1068 2666 63
842 289 55
842 1092 77
842 3448 13
289 3477 41
5589 658 74
5589 5749 44
658 2459 59
5708 509 36
5708 1648 26
5708 1639 52
509 5619 15
509 1631 28
509 4437 85
2198 1182 79
689 3559 4
689 3878 68
5596 927 26
5582 89 38
5582 4629 11
1759 595 17
1759 653 46
595 878 67
595 487 90
3102 5242 100
3102 4889 3
4978 3100 84
4978 3316 16
4978 3522 25
4978 5164 90
3100 2205 81
3100 411 16
3100 5855 45
242 574 45
242 5530 63
574 5248 26
574 5219 56
300 5330 95
300 2221 96
3194 5343 32
3194 4662 94
3194 202 18
5343 4100 50
3904 1388 35
3904 2720 96
1388 2117 1
5788 2241 40
5788 4811 13
2241 6078 26
2241 3032 83
2241 4319 27
1081 5464 75
1081 4146 43
1081 1142 93
1081 4597 71
1081 3242 57
1081 208 9
5464 3141 18
5464 2054 90
2901 4475 11
2901 5622 80
4818 245 80
4818 339 29
245 2087 53
2106 3214 83
3214 3359 32
2531 4618 100
671 41 73
671 3935 83
41 4508 77
5316 2886 4
5316 5598 51
2886 83 73
27 3267 37
702 4809 40
702 3325 1
4809 4467 54
2356 3522 39
3522 2032 81
3522 5872 75
3522 6067 47
2996 6039 34
2996 1159 44
6039 4276 84
6039 2393 5
2666 2367 3
2666 661 68
5944 3756 53
5944 3187 33
3756 1223 84
3756 4963 69
3747 1982 43
3747 5240 12
5741 5039 41
5741 4938 24
5741 130 15
2659 2793 26
2793 5639 78
5988 582 65
5988 1965 10
582 3558 6
4146 3576 99
4146 45 6
4146 1957 57
4957 3007 13
4273 2394 28
4273 4547 4
2394 291 43
767 2153 24
1413 576 96
2304 777 36
1648 2344 73
4542 5007 56
4542 5891 44
4542 4974 41
4542 1907 87
1450 4197 70
1450 3656 100
1450 4306 59
1566 5863 99
1566 5084 11
1566 5240 37
1566 5051 8
1566 5297 77
1566 803 13
5863 5032 51
5719 4460 26
5719 2261 53
5719 4985 70
1038 3179 60
1038 2210 56
5668 3945 8
5668 4770 11
3945 5905 80
3945 5995 47
2580 5312 57
2580 6074 56
2580 51 21
3541 1245 27
5746 1164 67
1164 5792 97
1164 1881 7
2015 65 69
5029 3255 65
5029 1779 88
5029 2912 6
2573 1641 54
2573 3851 26
1641 280 63
1641 4237 7
1641 4485 100
1641 3195 41
498 4279 58
498 340 11
498 636 60
4279 1965 9
3181 5465 20
3181 947 90
5465 2867 17
5465 3727 5
5017 5830 94
5830 5253 44
3937 983 95
983 5673 10
983 706 9
4206 265 37
4206 2755 63
4206 5946 30
265 3283 96
265 146 86
4046 4406 46
4046 941 31
4046 1422 30
4406 2528 65
4406 4808 13
4406 52 57
4328 4218 30
4218 2552 20
742 925 18
742 4474 29
742 1060 56
3988 538 51
3988 4518 23
2747 770 98
770 3216 91
675 2092 84
675 4844 42
1354 2456 92
2456 704 85
2456 3902 67
5032 291 82
4833 327 34
4833 1954 84
4833 241 18
4773 5525 66
4773 1561 23
5259 5540 31
5259 4104 47
5259 5045 67
5540 2370 89
5540 3042 65
5540 1710 66
5540 418 79
4797 2330 29
4797 5550 4
2330 62 49
2330 336 28
3316 4726 46
3316 3809 24
3966 6076 69
6076 3239 2
5619 3056 45
2248 5081 3
2248 6074 52
5081 3842 17
5081 2513 15
2724 1841 90
3485 1663 46
3485 3028 67
3485 4128 41
1663 719 7
886 4968 43
886 3990 46
4968 3626 79
4968 5376 27
3052 1295 87
4668 2966 49
4668 3498 76
4668 5558 55
2966 4301 85
2966 1442 42
2966 3999 88
1034 2761 24
1034 4733 62
1034 3053 62
2381 837 31
2381 6046 15
2381 3403 57
2343 2740 65
2343 2675 47
2343 1892 40
4270 839 87
4270 2214 73
839 5463 66
839 2294 48
474 3994 26
474 1970 16
474 90 1
3994 3082 25
3994 4520 29
5784 2510 22
5784 3066 100
5784 1513 83
1425 1263 33
1263 1416 94
8 2594 41
8 4811 20
2594 5191 22
851 1798 32
851 4056 58
1798 1082 70
1798 5470 56
4771 5461 90
4771 4822 14
5461 1861 13
5826 3009 74
5826 4040 19
5826 4488 68
3009 5652 76
3009 4299 13
3476 1511 79
4741 2295 44
4741 4103 15
4741 5141 96
1491 53 2
1491 5939 13
1491 1297 36
1491 3872 12
1491 5281 35
53 3254 21
2012 57 45
57 3078 92
57 5124 24
57 5687 86
1312 4768 91
1312 1948 40
1312 5726 66
1312 3923 73
4768 5365 22
3197 324 2
1779 1056 86
5380 4409 21
5380 2506 83
1996 5451 43
1996 4053 22
1996 2469 94
5451 3249 75
3901 3149 25
3901 4375 21
3149 2629 62
1752 2369 33
1752 1538 4
1752 5457 100
2369 3416 74
2369 2045 51
1435 802 48
1435 3949 89
1435 1498 62
1435 2615 41
802 5087 51
802 6012 100
802 3705 84
447 495 7
447 2291 57
747 2595 9
2826 4212 9
2826 1278 46
2826 2092 16
4212 2389 75
3213 271 18
271 2817 46
271 5208 84
3930 45 27
3930 4704 50
45 5817 57
1735 3776 27
2005 1885 63
2005 4644 65
5205 517 76
5205 3025 1
517 2623 2
5105 4267 54
2896 4494 63
2896 3498 98
2896 2519 95
2896 1747 3
4494 2545 18
4494 2111 36
834 4934 55
4934 3978 70
4469 985 13
3534 4537 45
3534 5717 78
3534 369 41
4893 75 67
4893 2396 50
75 5645 11
2799 5656 94
5656 5022 29
5656 5238 13
5165 5628 59
5165 5925 29
5628 2392 86
5628 3469 57
262 1256 89
262 4367 89
1256 5655 10
4155 3186 4
4155 3196 26
4155 4468 74
3186 988 1
5371 1412 93
5371 5269 38
5371 2908 20
1412 714 41
1448 3548 58
1448 796 2
6062 1349 12
6062 378 63
2501 3097 31
3097 4456 72
93 1514 84
1514 5866 84
152 2602 4
2602 1639 44
2602 2693 40
2602 778 100
2287 4109 29
1858 1273 29
1858 3046 6
1858 1334 20
1273 3165 7
828 1807 88
828 3527 37
1845 4687 16
4687 795 22
4687 1965 66
4687 3575 91
1946 1918 51
3242 3067 93
3242 4869 17
3067 2549 85
3067 15 39
745 4173 35
745 1727 51
1886 1842 14
1886 1037 22
1842 4590 60
3261 4581 60
4581 4885 92
1606 4368 94
1079 1609 5
1079 30 88
1079 5439 31
1079 1392 95
1609 4189 19
5006 2320 83
2320 2089 11
2320 2459 68
3162 2007 13
3162 5592 54
3162 846 24
2007 3704 30
2007 1 12
2007 2847 81
2707 5895 25
2707 4977 90
2707 3216 38
5895 3837 22
5895 6091 33
299 1794 21
1794 2730 35
1794 1796 73
1794 2691 25
2430 5797 34
2430 4655 11
2668 718 49
2668 2058 24
2044 3110 21
3110 442 72
308 4148 63
308 4048 62
713 2520 26
713 1642 74
2520 4024 26
3111 3310 36
3310 3130 50
1259 3383 44
1259 3869 25
1259 1497 38
2554 2515 37
2515 5427 68
5112 14 68
5112 660 89
5112 2240 41
5472 6055 25
6055 2974 3
3550 860 74
2589 4231 29
2589 4411 93
2589 3680 45
2589 4227 16
4231 606 88
4231 2229 73
2617 1979 51
2617 5843 92
2617 4285 70
673 1670 32
4817 169 50
4460 5010 60
717 4560 87
5152 5872 97
5152 2936 33
3176 4513 89
3176 2798 83
3176 2949 5
4513 2475 53
4400 4724 41
4724 3770 43
3086 756 79
3086 5093 5
756 4211 3
756 798 75
5564 4776 66
4776 1438 46
5240 514 52
5240 4993 7
1219 2836 98
1219 38 27
2836 2020 65
406 1357 11
406 111 18
2846 2462 24
5131 2496 37
5131 4747 59
5131 792 86
5131 4665 82
2496 1199 30
1169 1904 6
1904 1664 68
846 3314 92
846 2269 76
3314 3810 47
3808 566 61
3808 1523 93
3808 1141 52
566 1490 47
566 164 38
3135 636 19
1361 5498 38
1361 3521 93
5498 3967 34
5891 2121 71
5891 4256 57
3363 3557 97
3141 3360 79
1335 1292 99
111 1374 82
111 3864 4
111 1518 56
1374 2750 82
1374 640 78
4886 864 46
4547 967 17
4547 213 8
4547 2284 37
4547 2417 38
4547 355 23
2833 867 86
2833 874 60
2833 810 21
867 865 71
565 3338 39
4610 5636 49
4610 3708 34
5636 4746 60
6065 2474 50
6065 2111 75
2474 4053 77
2474 3460 71
2605 1409 54
2605 885 12
470 5893 83
2665 1657 97
2665 4379 81
3416 4606 30
3416 3613 10
3416 2715 11
2136 4115 41
5313 3638 81
5600 3140 39
5600 2972 30
3140 1383 8
3629 223 67
3629 1587 88
1899 230 2
1899 2100 79
1899 5513 95
3923 4830 53
3923 4382 60
3923 124 84
3923 3364 89
3923 3129 92
1066 1830 25
1066 3460 11
1082 2678 94
3031 4721 77
3031 3678 6
3031 5733 76
3031 3400 71
3031 3218 74
4721 1508 6
4721 1915 30
5393 2221 30
5393 4811 47
3011 29 9
3011 26 91
3011 5435 92
29 3970 49
4006 1664 29
1664 4529 48
1520 405 7
1520 1683 74
1717 2619 36
1717 3041 57
4878 1088 87
3080 3385 83
3385 1710 23
67 1110 64
67 2125 32
67 6049 85
67 3664 60
4101 902 73
4101 5725 3
1490 1569 42
1580 4832 43
1580 5922 50
1580 228 90
883 2734 20
1360 454 1
2877 468 68
2877 4418 18
2877 5771 71
468 1152 54
2705 5712 31
611 1026 64
611 792 32
1026 4578 30
2118 2441 49
2118 2419 22
2441 2688 16
2441 2669 46
3890 2777 93
3890 3023 55
2777 4956 91
5642 3633 41
5642 1264 35
3633 1089 55
3633 5199 31
1179 3300 25
1179 2710 53
30 4722 77
30 1924 48
3222 2218 94
2218 4276 49
2218 4667 50
2218 4403 3
2752 1720 97
2752 5432 10
2752 664 16
1720 5367 54
3820 1379 59
3820 4313 44
4565 4129 20
4129 1569 96
4129 3713 1
2365 3248 97
2365 1645 2
2365 3605 84
2365 3882 12
3248 4422 20
3248 4333 84
3708 2001 35
3708 972 61
3708 338 30
3708 3989 65
2001 4680 32
2001 2984 48
2001 2975 18
2240 5559 13
2240 4745 55
5559 4438 84
5559 6061 94
1536 5774 79
1198 3567 66
1198 128 62
3567 4997 53
2853 3062 91
2853 3403 47
174 21 4
174 604 17
986 841 49
841 5035 78
6016 3019 16
6016 5268 45
3019 1098 98
3019 4181 54
5044 1484 6
1484 4068 18
3332 3847 70
3847 2045 89
3847 821 7
386 331 24
386 5687 21
331 2936 99
331 3226 10
955 5570 87
5639 2963 37
5639 3004 15
1115 5025 15
1115 3142 1
1115 4883 10
5025 688 30
5025 2095 11
2108 694 53
694 3217 66
1573 3926 52
1573 2703 73
3062 3217 26
3062 1544 11
1965 1384 45
2913 5276 36
2913 3797 15
2913 195 10
5276 2937 23
5276 5710 34
740 2488 7
2488 2977 9
2663 3587 49
3587 1112 83
3587 3498 51
3587 4067 100
5771 5779 87
5771 4863 20
5779 5834 36
4339 5488 61
4339 5192 2
4339 1871 2
5488 1473 52
1280 4322 79
4322 5812 54
4322 5607 99
4322 115 96
4440 5289 24
5289 2460 81
5289 5621 83
5289 858 65
346 3764 78
3632 1157 77
4846 4221 8
4846 3237 62
4450 4733 38
4450 1202 86
4733 359 21
4062 5075 61
4062 6094 65
1710 4154 63
1710 4398 49
1772 1916 28
1772 1036 98
2972 3644 84
2972 280 72
2972 3755 87
3644 1764 22
3644 5532 84
3644 3857 41
3644 5184 57
2278 4267 31
2278 3490 42
2278 2224 95
477 257 86
257 2670 47
257 5532 98
257 2527 30
1757 4858 54
2720 5611 59
3990 2708 37
3822 221 82
3822 4781 36
172 704 97
1531 522 62
1531 897 35
1531 1337 44
522 2509 86
4850 5904 68
4850 3528 48
4850 1027 75
4850 4597 41
5904 5216 83
5904 4615 6
585 436 83
585 5690 57
585 108 65
585 2013 48
436 378 7
436 4643 95
6058 5296 14
2111 5725 53
2111 1773 69
2111 4743 95
1304 5443 75
5769 4720 97
5769 3802 58
4720 4003 62
4720 377 27
4720 809 89
4720 6081 80
1089 4437 89
4003 3216 83
4003 1595 37
4003 5480 65
3216 2305 28
5647 5432 1
5432 3577 28
5844 3681 46
5844 66 18
3681 2305 20
5873 3891 11
3891 915 30
3891 765 19
4394 316 8
4394 4275 36
4394 5832 42
4394 1249 60
2322 2606 87
2322 1264 71
2606 2505 24
5449 1130 46
4285 2851 40
4285 5283 52
2851 4844 40
3231 1278 6
3231 2542 65
3231 3281 27
3231 4304 47
3231 2995 95
3231 1683 75
1278 1650 53
70 2214 80
2214 1005 18
1238 2146 45
1238 4382 6
2146 1537 43
2146 2327 70
2146 4138 47
4346 1190 58
1190 51 6
420 5470 47
4906 1315 34
4906 1926 28
4906 4380 69
4906 3524 60
3144 59 94
1761 554 97
1761 2192 10
1761 2046 51
5411 5160 50
5411 259 61
5160 2733 63
5160 3770 76
1095 2215 61
1095 4630 10
1095 3159 69
672 2713 22
672 5478 22
2713 3147 51
2713 5064 99
2713 3938 93
378 865 64
378 2525 13
340 5078 3
340 5404 59
4260 4977 67
4260 5924 59
4977 2519 41
2616 5999 12
2616 3704 85
795 1406 7
795 4503 83
1406 4885 19
2790 4920 54
2790 11 89
4920 96 3
189 249 51
249 5843 59
294 4172 99
294 5965 26
294 1473 28
294 5842 37
4172 2479 70
2473 3805 82
2473 1512 46
2473 3546 26
5849 2528 3
628 4557 88
628 1333 81
5609 284 13
5609 5544 40
5609 915 61
5609 5078 86
284 5506 61
284 5965 30
284 2937 67
1098 2894 87
1098 6085 17
1098 4904 45
3510 1884 47
3510 1007 88
3510 4053 92
3510 5631 15
1884 1890 65
5173 1015 66
5173 3688 51
5173 5257 50
1015 1310 90
1015 2604 42
4223 6043 4
4223 4680 52
6043 1402 76
6043 515 59
6043 3028 45
2193 5641 81
2193 4582 70
2193 3777 8
686 3598 89
686 497 73
686 764 42
5244 5640 79
2181 1969 37
2181 302 42
2181 1300 64
1969 1907 65
4033 2568 96
3235 290 16
290 2710 40
290 3098 64
290 2757 74
5765 4732 84
4732 3475 57
4732 966 34
4732 4789 45
4578 1683 62
4578 887 13
4578 6073 26
4578 4810 18
1683 2820 33
2560 3617 72
2560 2311 61
3617 711 95
3617 4891 8
422 1727 13
422 5897 65
1727 1766 72
4326 5832 82
3911 3551 18
3911 488 69
4051 533 26
4051 4435 55
533 3498 94
533 4074 29
1963 2298 78
114 5892 97
338 64 24
338 2006 87
64 4798 88
64 4276 42
64 5076 98
2058 4300 46
1458 5562 12
5562 5387 7
4972 4648 67
4972 2911 67
4972 2061 92
3715 762 64
3715 1199 85
3715 5024 61
762 5442 74
5346 4 64
5346 2230 14
5346 4114 12
4 3371 87
1397 5587 3
1397 1593 99
4344 991 61
4344 2685 47
5572 5993 63
5993 6087 45
473 5297 63
5297 1337 15
5663 5176 91
5663 4909 64
5663 4177 29
2086 2542 52
2542 4492 60
2542 2318 51
2204 3941 23
2204 191 40
3941 2168 64
2199 3897 78
3897 3568 84
4280 5021 75
4280 897 52
4280 206 22
5021 3138 26
5862 4315 94
4315 4372 36
1288 1042 24
744 5277 88
3884 2626 28
3884 567 99
3684 3173 21
3684 1939 34
3684 1666 49
3684 5531 65
3684 5129 67
3173 2710 46
1196 2598 76
1196 3765 71
6078 1378 96
6078 3215 87
1378 2962 21
5870 5523 13
5870 4766 66
6020 2723 14
6020 3494 25
6020 1926 12
2723 4502 46
2723 171 37
4723 126 64
4723 4332 8
2169 2436 56
926 1880 40
192 2170 39
2170 2682 21
5286 5220 15
5220 507 14
3492 1398 52
3492 1229 34
3492 3864 85
3492 2682 33
3084 4508 61
3198 1275 76
1275 1676 82
1786 4213 53
4213 3093 41
4652 3 55
4652 3138 94
4652 4028 35
4652 2335 96
3 164 29
3 5550 32
3 4057 65
3797 5614 61
3523 2730 93
5235 726 47
5235 946 31
726 5604 97
726 2451 48
2063 2921 71
2063 1875 11
2063 4781 67
2092 4505 45
2092 3535 22
4505 5345 81
2367 3782 58
2367 1025 47
2367 2559 30
2649 1676 59
2671 647 24
647 1284 14
1319 2832 61
2832 5997 57
2832 1558 89
2832 1027 79
5969 5216 67
5969 4174 13
5969 3077 36
2234 816 79
5940 407 36
4830 1332 95
4755 5818 31
4755 4962 40
4755 2444 81
4755 4357 15
2565 5246 42
4074 5970 92
2208 6005 59
2208 2141 17
2208 4438 38
6005 1975 60
4491 1792 47
3716 2088 71
3716 1931 83
2088 3763 35
1832 1519 42
1832 1433 87
1832 4424 69
1832 5018 77
5058 4360 55
4360 4595 93
624 2492 51
624 3967 95
624 3722 55
2492 3733 43
3362 5650 20
3362 1885 50
3362 5195 27
3338 1149 61
1149 3599 96
1149 4110 55
2310 3119 37
3119 4808 36
1299 1937 96
1299 4113 72
1299 3516 56
615 5817 82
5817 759 68
5817 2854 73
5817 598 61
5817 3015 24
4198 1152 39
1152 5806 5
1424 1069 6
1069 5874 53
2060 2628 82
5415 4604 58
5415 3562 77
4604 2563 93
4604 1160 36
5655 2755 38
5655 616 70
5655 1652 22
485 1348 70
485 4936 92
4701 353 52
353 3963 8
1337 5522 49
1337 2627 76
3834 3430 52
1767 2817 31
1767 3400 9
1767 3096 59
2817 1662 8
2817 1456 37
1104 531 6
1104 1589 64
226 3954 28
3954 5983 34
3580 3479 13
3580 345 6
3479 5585 42
3878 4380 53
1959 3961 86
3495 3320 78
3495 3233 45
2715 97 7
4375 113 9
2460 1823 48
2325 3058 91
5747 2475 81
5747 3313 5
5747 4551 26
2475 4690 35
4416 5981 65
4416 875 17
4416 711 46
5981 4520 15
3786 4228 73
3786 1470 67
6024 1225 3
6024 5613 7
1225 5431 2
905 5018 92
905 4449 99
5018 5323 96
5018 2205 10
3306 1951 77
3306 1666 75
1951 1595 44
4105 936 88
936 2852 64
936 4149 26
936 4562 75
936 3841 20
936 4536 36
2521 4313 68
4313 1326 4
195 2834 43
195 937 77
5687 3285 4
4680 5597 58
2328 2223 37
2328 2741 64
2223 3071 14
2223 5178 27
2150 5247 21
313 3701 66
3701 3323 3
3701 5174 45
3701 3645 81
3276 5403 33
167 381 42
3573 371 56
371 4556 38
1390 924 30
1390 5270 60
1390 2324 98
924 3689 30
5732 3896 36
5732 4448 100
967 4484 29
3360 4694 72
5705 5842 46
5705 1690 68
5842 5531 66
4503 1839 59
2177 5579 87
2177 1948 55
4941 4464 47
4941 3136 61
4464 1381 10
4464 3354 9
4464 5154 12
6003 2463 64
6003 4104 69
6003 1480 70
2463 3451 23
5530 3962 86
5530 205 32
4614 1118 41
4614 2378 91
4614 130 76
974 2071 28
974 2378 32
974 6082 88
660 1172 51
660 2643 43
5689 1554 91
5689 3899 67
1554 4514 70
1554 2401 57
5479 5428 51
5479 1889 33
5479 1094 55
5428 3934 73
5615 3810 14
5615 5104 29
3078 2098 28
1112 5354 70
827 1903 91
1903 4126 26
5439 576 14
5439 3353 88
668 1527 89
1527 6057 18
1527 6095 5
1527 2555 86
1527 2008 17
3734 1197 25
3734 4077 70
3734 85 9
1197 6036 44
1197 5810 30
734 5654 15
734 3185 48
5191 5111 80
5191 4067 96
1528 258 83
1528 3614 74
258 4437 20
3096 2495 51
3096 4750 1
2495 6072 3
2495 2406 46
4747 4261 74
1443 2596 38
1443 3654 85
1443 4548 61
912 3117 98
5965 2806 1
1576 4456 24
4456 488 82
381 5626 19
3517 2505 53
1976 5518 73
1976 1682 42
1976 438 4
1976 4872 60
1160 429 28
429 1140 57
3312 2740 71
3312 4215 66
3312 2646 37
2781 384 71
5363 5066 52
5363 2324 58
5363 4210 92
5066 874 82
1984 3353 83
1984 2357 73
5946 5887 68
5946 222 65
3246 3646 18
3246 4314 78
3246 11 57
3246 3174 92
3646 3893 68
1865 3724 55
3190 3513 67
3190 623 7
893 5583 79
893 783 29
5583 2040 16
5583 3083 21
5843 2466 15
2131 415 2
2131 5335 22
2131 5586 59
2131 4137 11
874 77 25
4329 5339 59
878 328 89
878 2025 59
1754 1854 51
1754 3006 63
1754 3038 39
1854 3458 42
5752 4917 61
5752 725 18
3674 4380 100
3674 1182 32
4380 3398 20
5613 2450 69
5613 5535 63
5613 430 17
2450 5775 40
5783 4839 97
4839 2792 31
4839 87 30
4839 3285 65
918 5517 40
5517 3033 18
654 3724 44
5279 4860 60
4860 115 19
1715 5387 79
1715 2373 18
1715 490 82
5387 2252 91
3537 4931 52
3537 930 53
3537 3215 80
4931 4131 28
4931 4490 24
2965 757 95
2965 6052 31
757 1005 13
757 5607 96
1227 1127 75
1030 2529 47
1030 4953 37
1030 3285 1
273 4910 13
4170 655 55
655 5568 64
655 6035 71
655 427 60
6061 4274 87
4274 3641 99
1140 1871 38
1140 1307 100
1140 3874 42
1140 2546 79
1871 2050 68
5592 3469 45
649 5182 22
649 2986 48
5182 3223 4
5182 1080 52
5182 5370 61
5892 3932 54
3932 3564 8
1523 6063 43
4104 4643 50
2683 4644 91
5323 4362 21
4219 4647 5
4219 2797 30
4647 2438 61
3280 264 36
2144 5690 84
798 3973 89
798 5050 89
4437 3335 21
1782 3568 78
1782 1777 78
3568 490 50
2360 2159 67
2159 4979 21
411 2622 93
2622 1615 26
4722 4238 18
324 1532 92
2336 4682 20
2336 2483 41
4682 1831 57
1875 2661 14
2661 4372 28
539 4658 95
539 2236 30
539 597 40
539 133 91
3323 4079 100
3323 5224 36
5859 3991 86
5859 94 47
2824 2483 43
2483 3059 67
5455 3357 50
5455 4611 36
5455 3589 33
3516 3121 94
3516 4689 67
2032 1486 36
1970 5068 97
2158 3286 85
2158 763 63
2158 5926 28
3286 4103 86
3286 2180 38
3286 1025 66
5478 1787 25
1159 1570 32
2361 2857 52
4502 5995 81
958 352 36
352 5348 85
5348 3599 52
2937 573 42
5798 4911 59
4534 2809 70
2809 4381 40
2527 4914 42
2527 1938 1
2527 1364 14
4948 5847 25
4948 2042 72
1488 4366 63
4974 3888 22
4762 5605 43
2344 312 2
2344 6068 17
2344 1535 63
2344 3065 8
603 5528 45
603 2811 14
5528 236 86
11 4796 42
11 3764 81
11 1019 64
5970 862 27
1371 2082 67
1371 4955 86
1371 2189 94
2082 1220 25
4202 4271 5
4202 3871 59
4271 2545 1
2117 1040 9
597 4592 83
4592 5077 84
2047 2548 35
908 599 20
3967 1570 85
994 1654 56
1654 317 41
5480 5199 62
5199 4482 18
3325 1781 58
3325 2156 71
4731 3867 76
4731 101 26
4731 5264 37
4731 4222 95
4731 2282 28
4731 1462 46
3867 4125 32
2979 4815 52
2615 4161 44
2615 4020 81
1087 723 79
1087 698 50
1087 3986 6
1087 4705 74
723 427 80
2508 86 2
2508 5201 6
62 5808 32
4621 5332 66
2183 2835 2
2183 580 14
2183 3618 18
2835 2952 66
6087 2494 63
3220 4398 75
3220 4483 71
1167 5154 84
1167 4829 45
5154 5 15
5154 4562 2
2507 4308 98
4308 4868 1
4308 1070 91
5204 3588 28
5204 3702 30
5204 432 11
3588 1143 68
3588 367 71
2479 3843 100
2479 1577 11
1332 1662 91
1332 1859 68
930 129 71
3752 4637 84
4532 1822 79
1822 854 79
913 1033 15
913 2676 86
913 697 25
913 1470 70
913 3860 39
1033 2077 68
5682 3944 94
5682 543 43
5588 3634 17
5657 5270 68
1968 454 63
454 1431 2
5893 2290 67
5893 4355 63
5893 2066 96
5893 4871 75
2379 3903 44
2379 2677 63
2379 4284 100
3903 5117 13
2113 3053 23
2113 3800 64
956 328 34
956 1892 74
328 1067 46
328 657 22
328 5342 10
19 4657 56
4657 5370 94
2903 4636 82
4636 5801 25
6037 1673 65
1673 228 10
2843 91 13
5930 1502 46
472 2915 29
836 1352 34
836 506 77
836 3120 95
1352 5287 72
1352 4927 50
2227 3603 13
2256 5701 97
2256 4726 6
5701 6052 47
5939 4808 85
3564 5095 87
3564 1138 64
2823 127 87
2823 359 59
2823 1967 61
3032 4122 80
3032 3290 36
3032 3595 84
2728 1579 19
2728 5153 90
2728 2152 41
4685 4371 35
4371 1322 70
4371 6089 58
885 513 77
513 2765 38
513 4121 54
513 5751 89
2740 1507 34
2740 3689 93
4885 5968 44
6010 2934 86
2643 919 86
1322 2982 78
2982 2452 45
5458 5429 59
5614 2865 29
5884 4040 74
5884 4317 24
4040 3802 47
4040 46 91
4953 4626 85
4953 1019 18
4626 3859 18
4626 2059 51
4626 2840 23
5566 515 56
5566 5107 94
5566 3864 53
515 4853 73
515 4039 72
515 5008 98
2045 2936 32
2931 84 12
3895 442 53
442 1538 61
4662 3370 53
664 4884 60
4884 4121 53
5907 5711 77
5907 5453 16
1769 5807 77
638 2274 70
638 5269 66
3974 2582 10
5125 3486 79
5125 2575 80
2043 4272 93
2043 5397 80
3664 5136 29
482 3023 51
482 4001 62
2936 2323 88
4254 5008 25
4254 5787 63
5008 1017 20
1722 1247 32
1247 2871 16
759 3243 73
4533 1009 9
1009 1418 99
1009 1163 43
1009 934 29
2650 3555 36
2650 4563 59
3289 1567 35
1567 973 58
3281 3120 70
5078 2121 20
5078 2471 42
751 2482 25
3753 5910 30
3753 1623 48
4742 3386 48
4742 783 21
5248 3098 62
5248 6034 81
5652 5483 62
5652 4751 31
3599 2684 48
3599 18 84
4027 5587 75
5587 1281 22
2418 3421 85
23 587 14
5591 2574 86
1834 3428 2
1834 106 8
2765 4079 4
3429 2428 74
2428 2958 97
2428 505 46
3393 5743 19
3393 5638 95
5743 5571 53
3544 4725 17
3544 3718 90
3544 484 97
3544 1587 40
3544 5590 71
4483 5311 63
4483 263 81
2140 68 31
2140 4531 25
4121 2556 3
5427 5362 46
1595 1582 16
1595 4932 85
1595 2171 49
2928 3755 64
2928 3054 7
3755 5095 74
3755 4045 82
3498 1290 19
3498 5341 19
749 119 24
749 3287 15
3624 5794 2
3624 5696 34
2587 3602 92
2587 2289 36
3602 5810 15
5424 5038 96
943 520 82
5113 1985 42
5113 3290 3
3046 1895 47
3046 2222 83
1530 6056 13
1530 500 80
1410 4323 92
1410 3384 48
1410 2516 53
4323 4287 35
2465 3134 56
3134 5097 84
3134 1040 99
2812 5964 1
2812 5901 13
2812 3682 85
2812 3659 48
2812 2808 84
2812 3511 53
1326 5890 47
3239 5660 68
3239 2689 33
3006 2228 15
3006 3711 43
2228 4311 97
2772 4307 38
2772 5278 91
2772 3640 76
4307 5168 24
3059 3251 69
3059 5823 21
3059 3645 93
3251 3637 45
3251 2490 4
1508 939 68
2253 4127 45
4096 187 78
4096 1210 29
187 1272 44
661 2318 58
661 1894 16
82 3916 47
3733 1216 27
99 4689 82
2519 3120 48
3187 5237 12
3225 549 58
549 351 73
549 2354 43
4925 2804 97
2804 5700 46
1783 4556 71
4556 2077 73
5934 2400 26
3259 5307 84
3259 2370 63
5725 5209 2
3668 4013 49
4013 5202 22
4013 4220 69
1557 3765 33
1557 2383 99
1307 3305 76
1307 639 59
1620 2172 30
1620 3104 13
60 1796 14
60 1231 32
3802 3574 74
3802 1482 100
3493 5065 47
5065 2766 34
4653 5949 35
5349 2294 94
4157 2377 35
4157 1257 68
4157 2946 44
1199 6047 62
1534 5714 36
1534 700 53
1534 1629 96
5714 2733 91
5714 3115 46
987 3267 10
987 1742 42
2894 5195 51
2894 6063 24
2894 4189 2
5195 5748 45
1507 1004 42
1165 4487 10
1165 3745 68
4487 2978 79
4641 706 16
4641 5865 82
2864 388 30
388 4643 62
4726 1467 12
4726 4295 63
5630 383 21
5630 4190 99
5630 2632 99
5630 455 10
383 3051 73
578 4087 95
578 735 7
5376 4352 99
5376 1075 100
154 852 51
154 5908 54
154 957 59
154 1387 49
154 4047 70
109 362 39
362 753 89
1171 2753 51
1171 4327 69
4411 5324 28
5254 3570 61
5254 1593 36
5254 2550 58
3978 2122 81
5710 1589 47
5710 3021 69
3488 2284 87
2797 5229 4
2797 5051 71
1921 2374 89
3137 3959 70
3137 3746 92
3137 3000 25
3137 2603 46
3258 5100 70
5537 3053 6
5537 110 82
3053 3473 25
1795 2466 100
4233 2549 93
2549 6035 35
2549 6068 30
1939 4089 49
4518 4024 95
621 3233 83
621 2122 63
3233 4927 19
2637 4462 30
3177 2296 3
3177 3443 23
3177 2442 88
5909 5166 55
5909 1334 9
5909 4892 10
4154 1333 52
4154 721 52
2089 5126 67
5476 1301 30
5140 7 31
5140 3873 37
5140 3642 63
7 3742 41
7 584 78
7 5631 96
6095 4729 62
5374 4407 19
5374 1279 100
4476 1376 2
1376 5163 13
1376 1154 87
2670 5684 57
4936 396 77
396 5354 17
3477 5010 39
3477 543 97
3477 507 41
5010 2462 77
5010 1478 17
5010 570 18
5010 4576 17
277 3026 23
277 5015 36
3026 3367 80
3026 3446 61
2459 5549 10
102 2491 75
2491 4424 32
2491 2443 96
4372 6013 47
4372 1215 34
2744 5938 98
2744 3514 33
2735 921 60
2735 3899 89
2735 4853 40
921 2342 94
4468 4840 80
4468 382 80
1687 4050 82
1687 1697 16
3183 4635 58
3183 684 58
4635 5158 5
4635 760 58
2741 2075 56
2075 2393 69
570 857 81
570 3016 88
1310 1114 71
4382 78 31
185 1638 18
185 2353 4
185 4607 9
185 1043 73
1257 1709 50
1257 3105 18
193 2609 38
193 5221 40
881 2398 71
2398 4303 35
101 1396 7
6057 590 45
590 4881 74
1296 1113 58
4618 4381 47
6035 3115 62
1317 2551 22
1317 5799 81
1317 2110 54
2551 2947 97
4688 1962 1
4688 945 37
4688 2068 62
1962 946 84
1806 2701 34
2701 5753 74
5973 3810 12
5973 783 41
3438 3065 76
3438 835 34
3635 791 88
3635 999 85
3635 1036 20
3635 5928 24
791 5677 14
2511 923 63
2511 3639 69
923 4855 41
3984 5832 5
3984 5622 89
5832 163 9
5832 6032 42
1110 3404 89
1110 843 44
1110 2796 76
2785 3123 41
2785 33 46
2785 3000 46
2785 1813 51
2785 1128 32
3123 4717 23
4576 3603 76
3603 3575 61
5691 3443 26
5691 2017 61
507 1249 18
3033 3833 83
3033 4921 38
3033 1057 74
3833 5882 47
3833 2059 3
4826 72 54
72 1456 50
559 3980 67
2148 4526 33
1214 4965 94
1214 1692 9
1214 4517 12
4965 4691 75
1186 24 89
1161 5443 15
1161 2116 49
1161 2820 39
5916 5444 5
5916 5958 61
5444 1277 21
5444 441 18
5514 5795 53
5514 2064 1
237 1325 60
237 2604 62
4583 3543 71
4583 5290 80
2719 4538 72
2719 4905 29
4538 5243 71
4615 5697 56
4615 2337 18
5697 4541 40
1223 469 92
1223 1626 28
3995 2978 49
3995 1270 11
2466 1102 47
2466 4774 15
3244 2769 11
3244 3678 43
3244 3201 22
2392 3725 41
2392 3397 28
2392 3369 72
3725 3045 26
1564 3303 57
1564 2970 4
1564 5594 75
3303 2179 65
5947 1624 45
4900 4092 56
3305 5210 70
3305 4672 44
3305 5735 76
5210 5603 17
5210 3844 64
4562 1542 25
4275 35 7
35 1942 78
35 5174 81
35 5049 70
5992 3227 68
5992 4630 94
5992 2442 62
5992 3014 31
1694 4663 91
4663 5637 88
4663 285 67
4663 2568 67
4672 3999 1
5621 5624 71
374 1749 20
374 78 20
1749 5419 50
972 4337 30
634 4938 17
1575 3253 85
2445 4676 82
4676 116 15
4676 3757 57
413 3527 77
413 179 7
1927 4507 15
1059 1543 21
4276 2000 58
3574 5659 33
5264 2646 75
5595 4347 72
5595 2222 24
4347 1619 40
3704 5356 2
2480 1101 89
2480 641 89
1101 3915 56
3475 3039 36
3475 5715 66
1025 2800 34
1025 1306 55
2122 5510 24
1291 571 100
571 1728 55
571 5068 57
641 683 96
5403 4613 14
4613 2880 33
4093 5733 71
5733 3593 22
5733 2380 38
2947 2105 55
818 3199 86
1627 5577 10
5577 5951 74
5577 933 86
4811 5327 47
1582 2350 40
2350 5178 49
2350 2461 41
735 916 92
2373 4937 19
4153 3071 7
2815 5968 30
2815 6093 20
2815 484 19
2815 2553 31
220 2733 6
2733 2791 82
3738 3539 4
4418 3448 45
4418 5829 10
2011 4563 24
2677 5128 94
1707 5147 43
1707 2119 41
5147 1629 34
5147 1685 19
5737 3719 87
5737 4825 51
5737 3430 29
5737 1442 56
5737 3814 24
3719 1928 73
1584 320 55
320 3293 28
3698 2540 89
5097 2016 78
5097 5511 76
2848 2389 19
3470 4608 67
3470 3417 30
3470 1668 69
776 4465 94
776 5824 40
4465 2956 6
4021 2737 82
4021 1207 58
4021 4444 96
5059 4043 3
677 4291 69
677 337 69
4291 2536 69
3751 4591 7
3751 2750 50
4591 813 71
5300 1065 69
4163 1760 82
616 619 31
4770 198 57
198 3858 3
3842 235 49
4474 3938 88
3742 3754 90
5172 653 65
5172 394 75
653 4423 51
997 4807 69
46 1218 53
2452 1046 25
1966 3490 65
1966 1967 72
4470 5897 13
4032 5114 32
5114 4831 89
5114 1001 18
4058 4923 82
5270 2345 56
5270 215 27
3888 3778 41
2753 4560 79
4395 1913 48
4395 2550 2
1913 1915 46
1913 5803 95
2311 594 29
4138 2244 73
4138 4559 73
2244 3217 7
4921 4551 60
4921 4290 1
730 3330 38
3814 2696 86
3814 635 33
3047 2166 92
2166 3688 4
3021 1432 81
3021 5153 48
3415 1309 13
3415 180 68
3415 4072 89
1309 5102 74
999 5405 94
5405 5718 51
460 4540 35
460 5119 67
4540 5985 34
915 2673 17
1892 4896 63
5489 3175 44
5489 1881 10
5489 4434 89
3175 4310 73
124 4895 3
124 4907 22
3164 3264 89
3164 3662 55
3164 5452 32
5035 155 50
5035 321 63
1988 505 93
505 408 15
2462 907 89
2603 548 67
2603 2553 3
548 367 69
548 2985 92
337 693 23
337 3796 88
4063 4451 4
4451 868 5
4451 4963 45
1719 3347 7
1719 4251 66
1719 2656 73
3347 3766 42
1478 2513 11
1478 2684 39
1277 5308 48
561 1738 46
561 6096 67
5107 1469 13
5107 2167 47
140 1991 75
4314 3530 46
2353 2384 26
4226 598 35
3290 2694 6
3290 2030 28
2694 567 59
3670 4664 12
3670 4178 7
3430 4159 29
3430 586 35
3106 2708 66
3106 901 77
3106 3180 2
5117 861 42
3012 4124 5
4124 4053 29
13 3579 39
3579 4560 66
594 1457 57
4224 3389 85
4224 2627 20
4224 6091 50
3389 2673 17
2958 1235 96
2958 581 21
1235 3590 28
5163 1645 91
2859 366 8
2859 3514 4
1790 5987 24
1790 5201 92
1790 5568 26
5987 4590 79
5987 3206 40
5047 4049 83
5047 2255 30
5047 609 46
5440 149 73
149 5209 56
149 2568 78
3029 3881 38
3029 3226 23
3986 4524 70
4524 463 36
4524 1877 33
3169 2066 26
3169 3909 7
113 6082 37
113 4847 32
1840 2337 24
2337 3133 77
3922 5109 42
2327 4139 62
2327 754 66
4139 2653 98
1014 1623 82
4976 3346 25
4976 5459 70
990 3112 91
1618 1799 81
1799 820 96
2471 2939 46
5110 4413 86
1619 2203 7
1619 544 99
4606 3165 99
6074 618 58
6074 2004 64
708 1628 49
1628 2967 73
2419 407 81
84 3083 99
1132 2892 97
1132 5459 30
2892 278 81
5819 562 54
5819 491 44
5186 235 81
6056 4506 85
3138 228 58
3138 6044 3
228 1671 57
228 4889 44
3892 4452 61
3892 1454 30
2893 1678 39
5908 5082 20
2884 4243 22
4000 146 67
4000 1001 79
146 5787 48
2180 690 61
2180 3857 89
1729 5360 7
1729 2990 78
1017 3494 43
51 1803 37
51 2242 48
51 736 96
4646 4780 27
4646 4336 48
4414 3977 88
3977 4358 21
3977 4883 29
2796 3858 58
2796 3249 38
1890 5565 41
3866 1084 51
4919 4067 82
3217 754 31
4123 3094 4
3215 1364 55
3215 5334 51
4246 4822 60
803 335 36
4122 3665 86
3127 995 66
3127 4207 92
2080 1365 60
1060 74 9
74 1230 13
693 1942 37
4730 5643 48
5643 3528 17
711 3030 10
3284 298 59
298 483 25
3455 314 10
3455 1626 14
314 2722 54
4841 4579 98
5883 5224 38
5883 4814 12
919 217 53
919 5637 91
4217 4376 5
4508 5161 13
5000 2280 98
5000 3018 37
5175 4304 94
4304 4829 85
4304 532 71
2908 3027 88
3027 6045 62
3027 4428 97
3064 5482 76
2829 1991 12
2829 4667 20
1991 2973 33
1991 4892 15
463 3872 78
1578 954 72
1498 5931 90
1498 5155 96
4211 3440 77
5397 1442 99
5397 1515 95
2242 1750 9
1750 4377 91
1750 2152 17
1918 4340 83
1918 3861 1
1918 4457 91
5260 4954 99
5260 2334 64
1626 4031 71
979 4143 18
4143 3189 79
6052 1764 78
2073 3348 91
3348 4145 68
272 5359 66
1702 2251 45
3963 2292 40
4405 4751 29
528 115 93
528 3125 45
528 553 60
115 927 98
5232 4633 46
937 4012 3
4444 5088 20
4390 4666 13
5903 1108 87
5903 5806 63
5903 2831 1
1108 514 85
5266 3546 18
405 6001 1
405 3241 81
6001 2933 49
2042 6002 74
6002 2973 43
5558 1877 97
484 2890 41
484 3584 32
279 3188 86
3188 859 63
3188 4632 15
3188 2335 17
3195 1987 48
4010 5846 25
4010 1666 24
5846 5876 46
5846 3082 88
3004 5132 69
5378 894 52
5378 1967 85
3872 3876 43
1973 4930 11
4930 2810 23
4930 659 30
2962 5231 31
163 3081 29
716 892 30
698 1949 17
2262 1529 15
1529 496 39
5268 5950 61
5136 3060 34
2309 3848 91
3848 4073 12
3848 5453 96
5961 2386 17
5961 1400 42
4281 3168 54
4896 5734 78
5734 2935 50
6086 2634 95
4103 5703 73
510 4185 64
510 1977 52
510 251 26
897 1243 19
4943 1270 9
1270 3456 63
5068 3319 62
1758 5736 89
1758 5230 17
614 3971 36
3971 812 16
3971 5824 59
4421 408 14
4421 2590 69
408 5167 68
3432 3273 31
3432 5670 93
3432 5453 81
3432 3015 62
4932 153 56
4932 2968 66
6092 5302 44
1400 3910 63
3910 5134 53
3910 5299 31
1063 3114 2
1063 2830 51
5134 4179 17
4263 6044 29
6044 1883 35
6044 4852 56
6044 873 17
4141 4659 29
4659 5542 63
4185 1375 36
137 4874 51
2830 1318 17
3787 182 85
3787 1369 53
2484 3358 24
2249 197 49
2249 1565 31
1650 6088 38
1650 1158 6
6088 112 92
2627 5991 65
2627 5446 71
2627 3434 1
1364 4461 31
5063 3524 3
5063 263 64
1173 4025 20
1173 678 80
4486 2245 5
4486 2357 38
4486 2946 30
4486 5976 77
4814 3586 80
4814 5796 61
1569 3456 52
1569 2504 82
2514 572 86
2514 5718 13
572 5132 73
2869 2983 51
5860 5336 71
5336 2917 10
607 1653 30
1653 103 60
1653 247 4
2526 157 92
4377 6063 77
3791 5215 94
5215 4985 82
4979 491 7
419 5917 19
1512 1765 85
4792 130 56
4792 3746 22
2550 3832 4
3451 2196 5
1862 4999 51
1210 1084 57
4895 1010 67
1142 1455 18
3423 4746 92
1929 3586 50
1929 4819 39
3586 6041 35
5822 1336 24
868 5557 56
5557 796 15
409 3829 52
3829 5422 69
5980 268 14
4905 488 87
1083 4126 83
1083 253 100
3613 1250 80
2399 3578 6
2399 537 46
2399 772 61
4560 4828 55
2372 1447 4
2449 2567 12
2567 5781 49
4397 1682 72
5209 2994 37
2270 5622 69
3641 1006 80
1006 1800 62
1473 5644 48
1473 3811 11
336 3055 88
5964 3773 17
5927 1936 85
5927 4640 80
2268 1559 36
5990 6014 57
4391 4423 88
3045 4963 7
3045 1039 11
3343 4334 94
3343 3832 64
4907 2112 20
6091 1703 65
6091 2748 8
2037 4158 20
3530 2920 32
3447 4425 17
4425 880 49
5971 931 86
1192 3953 87
3953 1399 61
1981 96 79
394 5122 26
5122 4316 87
5080 1046 77
2096 4912 75
1607 5978 57
1607 5742 22
1607 1876 32
5978 88 72
5299 5693 93
5299 4287 12
5024 4130 45
5024 5727 28
2536 2371 56
4813 166 63
4813 4559 93
5864 4775 77
3417 1229 48
1229 4029 36
4858 3090 18
4858 719 82
4858 2974 98
3090 5188 11
5786 3623 73
3623 5593 20
1439 241 21
780 3583 33
4031 2074 87
993 3439 6
3439 5046 95
2917 5664 15
2917 1980 26
3763 1611 56
769 1815 35
3296 1144 24
3296 3224 2
4559 5285 76
1810 5221 77
5221 2331 19
1455 750 21
1455 4584 50
1455 5278 70
1661 2377 25
1661 3991 8
5036 5452 5
2500 5208 34
725 1765 6
5956 1045 38
5956 2357 69
5721 4574 47
1252 2323 78
1516 3851 13
5926 4167 65
5926 4982 26
5311 3754 59
1670 2175 87
2175 4070 82
358 4002 66
4570 819 18
4570 3836 35
1351 486 53
1351 3677 77
486 2315 1
486 3115 13
581 5412 64
1141 2453 100
2941 4485 19
2941 1784 43
4485 3830 11
4109 3266 97
5037 1952 69
1728 988 10
5898 2718 41
5823 1471 9
5331 1145 78
5331 1183 66
1207 5729 19
3120 733 29
3982 6042 83
5631 2207 27
5351 1570 80
5351 1486 60
3494 1734 79
3494 5593 47
4697 5717 77
5717 3202 29
5696 2991 55
1454 5004 53
2660 3324 12
1986 3070 22
449 4915 60
432 4404 28
4404 1801 27
5274 826 100
5274 4439 26
5274 2258 42
3098 4569 48
3098 5174 41
4569 2046 54
875 1535 52
3938 1596 31
3938 602 48
1258 5994 38
1253 2990 55
2324 1994 26
2324 5228 29
1097 3382 36
4734 4186 72
4529 4175 7
1541 3830 80
1541 5935 44
3830 3799 82
116 4759 100
1668 3434 65
1668 3499 79
3887 5460 16
4113 1421 93
1421 4107 70
3500 1615 47
2642 4589 63
2642 6080 88
2442 5157 53
5550 4571 91
165 4204 98
4634 629 25
1764 155 15
714 960 32
5332 4827 12
4756 3571 60
3226 5231 99
5095 2651 58
1518 5932 52
490 577 80
2115 2641 98
2115 4478 34
143 1718 41
1604 4970 43
3750 1647 65
3688 5196 20
3688 2638 6
2991 1693 95
2991 5584 89
4988 2759 30
4988 5149 25
2759 1600 24
4563 5739 89
3551 5882 47
4877 3409 52
5604 5694 10
6036 3025 27
5753 5042 43
4415 4209 15
4209 3099 19
2443 5850 58
5431 1495 67
3962 5678 3
214 1358 81
1358 4966 14
3454 2808 56
2827 6018 33
2827 3421 53
6018 1242 87
1897 2933 71
1897 1202 86
211 2541 47
1158 2798 5
5519 4034 95
4801 4706 12
4801 356 6
4801 1708 40
2051 524 52
4673 4210 2
3758 6017 64
3774 4247 41
2366 5285 4
2366 2191 97
2366 3854 79
5285 1419 25
5141 2553 6
5141 4364 99
2553 1440 14
5271 4927 73
1994 3328 37
1994 5475 83
2862 1320 53
4960 5511 24
4859 682 2
5250 4432 58
4499 4712 28
2222 4684 96
2222 1262 4
2167 1251 72
2167 112 51
1251 389 100
1251 3657 24
1007 2191 46
4069 5049 76
4069 1367 12
5413 753 31
753 4332 33
5809 224 15
2055 4704 32
4704 56 74
2345 1389 8
1634 3339 78
1853 2451 32
3761 656 48
1311 2277 62
1311 568 73
1311 3020 23
5811 630 13
5811 3421 48
630 5436 90
630 270 27
2813 529 7
5295 2076 12
5295 144 87
2076 4357 45
1971 2820 64
4816 3540 25
3540 499 92
3241 17 68
4693 4981 89
4693 1070 7
3092 5123 83
2226 4059 22
3792 5169 40
1027 4902 44
1027 4684 40
4902 1058 52
4902 2347 78
1493 4853 46
568 2855 7
1800 4298 99
1800 5338 36
4541 3658 69
4228 4803 16
2210 2935 57
5879 2380 3
5879 5836 3
2380 3293 4
3614 3561 85
5791 821 66
5791 3315 70
5791 5014 31
4933 303 54
3101 2000 60
3101 5723 62
2000 1480 77
1572 4786 30
1883 5952 97
5952 3409 27
1346 5872 35
5872 904 61
1773 1345 34
2980 1940 21
2564 4808 75
3871 5 95
3871 5181 25
5262 5003 7
5262 2331 9
1928 4410 61
812 853 96
6012 3152 74
4500 1743 79
4392 3662 81
4392 4714 97
5201 2844 89
4544 2232 7
4544 2455 86
4544 3295 100
2374 4719 83
1912 1466 3
3722 3373 14
3722 398 31
5516 5337 86
5337 3499 21
536 2017 48
3288 5463 90
3288 5301 51
1482 3478 7
5914 1460 56
4778 2120 47
678 1084 63
5301 2215 77
3869 1212 53
3700 5800 18
1297 2054 55
5586 4845 47
3376 2351 49
2351 2271 46
2351 38 16
2583 5492 34
5492 721 73
4434 5627 7
4189 1906 40
4189 2415 42
5674 4985 13
5674 3767 98
904 3412 92
1610 4389 49
5398 1739 34
1739 5825 40
1739 4517 11
5237 4023 94
5237 3619 55
4598 4182 68
2103 1887 13
1887 535 37
3409 5598 22
1848 3816 6
5670 3394 5
227 5678 46
52 6050 38
2875 3427 89
2875 4490 2
3469 1222 8
4745 535 49
4667 3130 10
4667 1465 76
3293 807 15
1233 3247 37
1777 183 95
1004 911 96
2788 2109 58
4766 1391 52
5789 3690 28
3626 148 33
2534 103 6
4238 546 93
4238 2024 17
1404 380 3
1404 3691 47
4828 947 27
947 3174 26
1502 5683 78
1502 4783 90
5792 434 55
5603 3182 20
3935 3277 53
895 4278 70
141 5128 72
5128 3126 55
2038 838 19
5728 2206 85
2206 4709 56
4521 3770 33
2847 602 89
5055 3812 32
5055 760 60
1950 1094 87
3612 1486 98
1646 42 8
4283 3283 49
4283 4696 25
3760 5933 95
4588 306 11
5206 5045 96
606 5695 42
758 1637 31
1944 369 64
369 2543 41
1802 2191 85
807 5742 68
2023 3799 100
3799 3762 37
1956 733 66
733 4911 27
733 4838 7
5882 4443 59
4298 4802 8
3147 4200 52
3518 4489 76
4489 177 73
4311 3514 48
4311 4713 44
1185 4515 45
4092 1054 31
2154 5815 73
5815 4675 67
2357 2652 96
858 2282 36
2282 3739 53
297 4889 41
297 5350 57
342 5042 23
5042 5782 27
6064 3129 95
267 1002 9
3678 1893 93
4985 3591 91
3693 1855 60
256 4594 39
2437 3210 37
2437 4097 65
3893 1525 93
4519 3795 48
4519 2686 34
4519 5618 70
1993 2910 99
1993 2219 63
5200 1778 78
1143 6 66
1690 2672 75
6069 2678 64
4924 5322 46
4175 5086 52
4789 4259 16
5356 2002 82
5943 920 55
5202 552 54
2925 1675 12
3520 1747 52
2811 278 32
3593 3340 15
4023 5513 19
4023 1551 7
2711 3902 40
2711 76 59
3902 5866 9
3354 3757 77
5679 2679 2
2679 5261 36
2679 4517 66
104 2383 44
104 2413 16
5986 2505 77
5308 1389 72
3806 1696 42
5571 169 23
3066 1537 52
2335 1022 92
188 4510 51
6038 3020 16
3637 5164 91
112 2647 48
196 392 91
392 4408 49
1742 3250 67
1742 5625 35
2331 5941 16
132 5576 82
132 2184 16
5091 1907 71
5091 2537 27
4039 2359 1
2359 4511 51
1086 5984 86
2363 1745 10
4070 3203 75
980 1813 90
1813 3304 52
3575 4168 28
1444 5222 76
433 5198 84
5198 4490 53
2555 2771 41
94 1835 47
94 2024 77
5050 3572 72
5050 3780 86
4847 3898 13
1440 5533 90
3205 3852 54
1714 1204 20
1204 3077 80
239 2426 95
657 3157 23
3609 3509 49
4958 3512 100
5447 2652 45
4066 535 95
5824 2078 51
138 5225 17
2313 5251 20
1537 202 85
2446 4449 83
1228 3265 89
1943 3565 80
2135 2538 18
5680 3862 61
550 1614 79
3018 5089 80
3018 5495 37
6022 844 65
855 1804 14
855 4949 35
1804 2485 29
3412 728 96
2806 379 81
2806 1201 67
2354 1201 36
2354 1479 80
4709 5233 78
181 4530 36
4530 3807 31
4490 5683 8
1723 1601 33
5293 3218 88
3218 3844 8
2124 80 92
3073 2212 38
3542 302 20
3542 391 48
3542 156 34
3661 2640 6
5436 4498 42
3456 2792 24
169 387 11
5911 6000 93
4528 5889 17
1201 4531 56
3224 1055 43
5282 4331 19
4331 3765 16
1549 701 44
2647 1377 50
531 5121 15
4572 2307 35
3654 5493 90
3654 3375 24
2548 4365 73
5033 5839 97
5839 2414 57
90 499 68
4287 1585 80
4619 363 44
4786 880 33
1148 1598 82
1598 3627 91
3854 1896 25
3854 3061 51
898 5243 38
2102 5890 20
5118 3917 94
4227 1760 28
1387 1785 22
3374 2110 19
2110 3407 82
5593 4695 63
4695 1680 62
3142 3302 36
3302 5702 95
5967 4862 65
4009 4708 33
1268 2435 43
4248 2588 80
1873 2279 26
2810 4992 22
4926 4179 4
4926 814 36
4179 4568 62
4179 3710 19
4794 948 16
4794 2079 8
2638 2095 52
2095 1475 13
4289 260 18
3329 4137 50
5243 1470 74
901 1885 79
4114 3828 24
4655 1423 40
5838 5720 8
241 831 34
3823 5445 71
2865 1775 55
3371 2301 56
3154 1187 69
2802 2319 54
5773 5912 85
5773 5327 62
4661 2927 86
1035 3536 7
2104 448 38
1674 2559 34
1674 107 60
775 3673 23
3879 87 1
4128 4441 52
4128 3182 47
1545 5918 46
1545 3297 9
2236 2624 26
2935 3079 6
5053 4523 58
1706 3886 51
5764 5027 23
5764 4777 48
829 3870 85
5233 1336 61
205 5554 31
205 619 2
5193 1775 16
1885 2196 52
4454 2147 20
3463 445 56
5446 5929 32
541 5333 52
6047 1684 53
311 1876 12
208 4625 85
3920 5407 46
6071 3350 33
3350 794 23
3350 4055 6
2039 4952 59
787 491 1
270 2407 22
270 710 3
389 2680 85
2736 5553 24
1324 3777 47
3001 3271 52
1882 4207 17
4318 5306 93
2498 1168 63
1168 3898 65
235 1153 21
560 5049 22
4684 5142 96
4264 2417 77
4264 741 50
4264 50 78
5394 3785 9
467 5121 36
5121 2999 29
2254 292 27
5238 4037 63
5238 81 87
5948 2697 6
3202 4959 35
2673 2300 21
3462 435 6
3462 2648 60
6081 600 41
4727 16 51
3072 601 16
3072 5390 62
1552 5120 81
2700 2326 49
1814 4946 51
234 5937 61
562 3809 77
4650 2924 32
5390 1665 33
2134 1011 60
1701 4901 19
889 5256 51
3649 4654 65
2725 1287 80
1287 3788 98
1600 1888 13
5239 2078 89
3949 2611 1
4549 276 97
3130 773 21
3394 161 100
1558 1947 9
2861 3128 7
2537 4993 97
2100 3299 84
2100 3295 93
3079 1846 1
3079 768 19
3079 2149 20
2951 5548 59
3274 376 20
5288 6084 21
760 1992 57
1868 4356 50
2481 2682 48
1716 2943 63
483 4250 72
5573 1791 31
1791 3207 58
2909 5319 28
1426 78 77
233 2027 95
2252 4076 25
1770 3014 11
4178 3585 27
4531 2727 32
4268 5906 11
2633 4184 3
2866 5475 66
5808 4250 80
5808 3392 51
4993 3771 36
4993 18 47
3003 427 49
465 1136 90
5976 3880 6
4310 4713 59
3344 4493 50
2838 2816 72
2838 2899 99
3585 4373 6
546 3085 39
5103 478 75
648 2413 57
1581 4735 55
4735 4758 47
2968 3566 31
5477 4353 8
4784 2535 33
3827 2999 38
3827 5590 44
2559 4856 55
412 870 55
412 4764 52
1105 1829 43
3745 3958 9
4214 4705 62
3309 1869 77
577 544 73
4125 1316 88
1331 1731 49
1817 519 68
4686 3779 41
1090 3155 50
5726 1736 94
2773 727 54
410 5723 60
2053 3230 44
4758 2780 13
1283 5861 63
5858 4195 69
3514 5321 35
4412 1923 11
1306 1170 72
3972 3666 100
2087 4048 47
1867 3171 73
728 1874 94
4983 4472 71
3800 4354 93
557 2314 86
2348 2179 10
872 481 56
5796 586 62
832 1260 6
5692 5284 78
2132 2546 38
2132 521 88
5148 3420 36
3939 3915 57
3043 4915 85
3589 2960 66
494 3653 14
1124 3292 37
2612 3143 32
2512 1254 46
2831 437 9
3068 92 73
3735 3466 82
3401 5610 12
2577 4118 49
1091 250 42
4120 2998 99
4269 5620 90
2607 1047 49
61 4899 22
1551 1285 16
3413 2390 67
2303 3940 32
4324 4950 74
4800 5716 57
1689 2618 75
354 1656 45
4951 2317 42
2955 6030 18
5384 3433 44
5046 1313 89
1616 1824 48
133 5761 79
4585 2945 48
2762 344 79
3180 2919 44
1134 5496 67
942 627 14
2423 5486 29
4408 2099 23
1362 2923 93
5002 3925 62
5942 516 12
1200 3515 76
1023 6066 74
1788 6019 42
5740 296 91
4265 6051 64
4804 518 35
5171 1679 32
2783 6031 57
5115 2440 73
4201 691 60
3532 3960 37
1417 4986 12
4479 4677 18
446 475 37
1958 5722 37
3547 3390 34
6029 2247 91
