2967 5976 20
2967 4296 71
2967 1632 82
2967 2338 38
5976 6235 56
5976 5861 99
1702 4321 95
1702 5104 88
4321 3311 66
1871 3336 90
1871 725 82
3336 1710 11
3336 2845 48
3336 5986 31
3336 1541 50
719 4634 1
719 549 56
4634 5409 59
1739 509 12
1739 2596 20
509 123 48
509 2065 1
2824 1793 57
2824 6166 10
2824 1364 80
2824 1237 3
1873 156 46
156 6133 70
3946 1496 55
3946 6064 6
1496 1031 81
2610 5887 65
5887 5723 48
5887 5919 50
2908 3246 38
3204 2675 54
3204 577 25
3204 6214 81
2675 3793 2
2033 2198 81
2033 2323 58
2033 987 12
2198 3719 92
2822 2403 82
2822 3440 57
2822 4308 44
5629 2905 84
5629 1767 32
2905 715 96
6325 4229 68
6325 2522 87
6325 5240 13
4229 5116 22
2941 1382 100
1382 4563 37
6326 3405 42
5402 3280 61
3280 456 40
3280 4844 86
5199 5101 18
1341 3318 6
1341 879 59
3318 2094 84
3318 1147 96
2823 3723 89
2823 6036 67
2823 4381 8
3723 1518 90
5042 2963 6
5042 546 1
2963 683 41
1984 3248 10
1984 6294 94
4228 591 66
591 6119 47
591 1364 93
5316 4610 78
5316 1178 76
4610 5024 99
4610 1798 31
4610 1222 4
1360 5426 81
1360 304 29
5538 1180 35
5538 483 1
1180 5528 89
1180 1551 17
1180 5697 80
1180 5307 12
1180 2899 12
716 6201 96
716 5343 1
716 1679 97
6201 1693 16
4815 1972 20
4815 857 7
4815 5917 17
4815 2632 72
3533 3811 63
1102 3531 42
1102 1999 73
3531 5809 20
3531 3101 90
1718 4133 47
1718 3208 21
1718 238 37
3630 6329 32
3630 1547 12
6329 3285 28
3579 2631 8
2631 2725 36
3358 3489 73
3358 2337 92
3373 1741 53
3373 5983 68
4882 4975 73
4882 2379 37
4975 2426 89
1050 1092 27
3796 4147 21
3796 4330 48
4147 6172 65
56 6136 65
56 4728 89
6136 3279 18
6136 3398 92
565 4237 53
565 4410 28
565 5342 65
565 4608 14
565 3525 82
4237 5063 56
317 439 33
5823 1965 94
5823 1449 73
5823 5967 87
1965 3735 65
1725 1448 4
1725 5962 88
3654 767 30
3654 1132 56
3654 5188 9
767 5310 69
767 4509 46
797 4729 99
797 2376 86
5169 4860 31
4860 5665 88
4887 3623 3
4887 813 46
4887 4467 3
4831 5683 62
2635 1712 94
2635 2268 1
2635 4847 13
2635 5899 12
2635 1018 17
2635 2954 7
3706 4134 32
4134 63 43
2379 3969 57
2379 6190 29
3969 6224 3
5840 2012 71
2012 4641 34
4385 5277 7
4385 3610 65
4385 2923 75
1710 5669 91
1710 5443 62
1710 2861 46
1710 6256 90
1202 2175 37
1202 447 47
1202 4772 70
1202 949 15
1202 273 47
1202 5254 60
1478 4639 76
1478 1837 41
4639 81 57
1136 1927 87
1927 2496 77
1927 4712 20
4774 3538 24
3637 5817 31
3637 2336 90
5454 1897 88
5454 5578 88
5454 2996 71
911 5701 77
5701 6141 83
5701 1916 38
5701 3535 58
5701 4596 35
2852 2440 16
4863 5530 41
4863 2129 84
5530 2204 36
1553 1287 94
5705 4619 20
5705 1734 34
5705 5552 20
5705 5937 73
6036 1522 92
800 244 96
800 33 7
244 5506 23
244 3817 20
4670 4535 32
4670 4234 95
4535 6210 37
2165 5995 79
2165 5215 93
2165 740 88
5995 1393 72
5995 5603 32
5995 1071 64
4011 1201 37
4011 4862 8
4011 981 21
1201 6102 94
5504 6152 6
6152 1130 46
3926 4719 77
3926 553 8
4719 5302 76
3840 1071 70
3840 4718 62
1071 2802 17
1071 3797 77
1776 5732 49
1776 5290 77
1776 5034 46
5732 2849 72
1925 2805 32
1925 1577 18
6085 6112 29
6085 3112 70
6085 6309 82
6112 3079 84
6112 447 88
4468 2595 90
4468 6066 71
4468 809 80
4468 888 74
2595 2091 100
2595 4269 75
2595 1051 23
2420 2369 9
2420 6101 50
2369 4303 98
5166 6280 92
5166 1357 3
6280 2816 22
6280 3601 33
6280 3746 70
2736 705 32
3107 5923 10
3107 2681 95
1812 4263 21
1812 4845 77
4263 235 88
4567 3702 6
3702 2958 76
3702 810 4
112 4782 63
112 2070 97
4782 4264 9
3216 5860 30
2602 2840 14
2602 2928 39
2602 3895 84
2602 6334 22
2840 5114 70
2840 3814 8
4180 489 96
4180 3045 51
4180 992 55
489 761 12
5210 209 90
5210 830 11
5210 4431 12
5210 4955 59
5210 2598 66
209 920 86
209 1732 37
306 1656 32
5821 109 4
5820 2995 26
5820 2945 52
5026 6334 14
6334 4166 92
1262 4572 64
4572 5698 62
4572 1094 62
4572 4661 80
4572 6202 72
4572 4100 74
1471 5467 15
1471 1541 57
1471 763 78
1471 2962 4
5467 2692 75
5467 3126 97
33 3674 70
33 21 20
1518 4749 36
1518 2785 100
2323 2672 16
2323 4244 52
2323 2225 13
2323 1386 34
2323 1746 45
2323 6150 78
2672 3024 30
2672 3226 1
2672 1595 24
2672 4723 29
3048 5985 90
3048 6279 13
3048 4294 2
3048 2507 95
5985 4187 17
4216 787 89
787 5172 70
6002 1529 61
6002 3136 93
6002 776 94
134 1213 31
5331 2489 82
5331 6122 33
2280 2073 62
4259 4575 12
4259 778 83
4259 2171 55
4259 5321 3
4575 1237 9
2236 3774 13
830 2932 15
4758 1184 34
4758 5399 5
4758 3683 14
4758 2441 1
4758 3924 30
4758 4961 62
1184 1810 50
2983 2578 1
2945 1499 96
2945 44 17
3317 1145 63
3317 5207 73
1145 4375 27
1145 3092 28
3177 4098 51
3177 1017 97
4098 4053 63
4098 3876 52
4098 2291 15
1132 4833 64
1132 1819 31
1132 3449 88
1132 57 54
1132 2928 51
4861 2737 45
4861 5911 80
4861 5692 91
4861 5998 61
2737 1591 5
4170 1982 12
4170 3436 9
1982 1970 100
2657 2087 12
2657 1090 80
2657 5967 64
2657 207 16
2087 989 94
2087 5645 9
1515 1412 65
1515 4897 6
1515 963 72
1223 3033 72
1223 5041 93
3033 2309 54
3033 4213 48
307 4851 76
307 5577 12
1723 4523 52
5116 5229 59
5116 1125 89
5116 5793 35
5116 183 27
4558 3574 48
4558 4741 75
4558 5107 19
3154 1658 55
1658 5955 23
1658 2363 33
522 2861 62
522 1755 11
522 3480 60
522 3642 87
522 4372 6
2861 3940 87
813 2086 16
813 2191 7
5552 3854 100
5552 4401 60
3854 4983 46
4866 3728 90
3728 4186 65
494 4773 59
494 1312 34
494 604 63
486 5763 77
486 5833 99
5763 6266 61
5763 1637 44
4555 3355 37
4555 3434 35
6007 3657 73
4900 1823 42
4900 6090 33
4900 143 43
1823 1333 96
4994 1373 85
4994 6265 11
4994 5330 30
4994 1498 29
544 1142 56
1142 3599 45
1142 4501 97
3096 5061 79
5061 4845 62
5061 4075 90
2633 3473 92
1363 2430 12
1363 1762 42
2430 3143 29
2430 169 60
3010 4681 38
3010 3157 100
1401 6119 54
1401 322 78
6119 500 25
6119 5938 68
6119 4246 46
6119 313 36
5075 3802 8
5075 1911 94
3802 4101 72
3802 2405 58
5434 657 37
657 1413 80
5795 1138 100
5795 5546 4
5795 3841 44
1138 1556 97
2800 5025 38
5025 2555 4
2950 4948 78
2950 28 84
4948 2865 100
4948 138 73
4948 1572 5
3756 5854 45
3756 6290 53
5854 2836 76
5854 3909 85
5854 2454 39
3808 4811 78
3808 4640 14
3933 4080 53
3933 5549 43
4080 4856 59
4080 3009 91
4080 2934 51
1368 2570 90
1368 5501 36
2570 4 82
2570 3951 25
3237 5564 22
3237 3075 69
3237 5776 61
3237 3210 8
5564 4592 96
1125 3130 42
1125 6022 25
1125 6260 7
3130 413 35
5826 4674 56
5826 4592 78
5826 318 76
2207 667 44
2207 6273 6
2207 4529 40
667 3524 97
3829 6316 29
3829 1036 72
5987 5458 55
5987 6208 65
5458 5979 80
4849 912 14
4849 1204 23
692 609 46
1589 5339 65
5339 5460 56
5339 3340 4
5272 4410 65
5272 2291 83
4410 2924 77
946 34 6
946 4514 14
538 5798 87
538 5391 28
5798 449 14
1403 5753 96
4179 2843 92
4179 1948 74
4667 5388 10
5388 58 38
5388 454 71
5388 2098 94
5388 1891 31
4912 302 24
3470 890 73
3470 2077 42
890 6133 16
821 1468 71
821 6111 57
821 4157 17
1468 5805 3
1468 4819 83
1468 3156 88
715 297 16
715 3174 5
297 75 34
6024 1524 45
1524 2807 96
1524 2438 99
1524 4662 14
1524 3678 29
1524 6210 36
1524 1848 6
400 2835 33
400 1528 39
400 2456 95
400 4257 74
4683 5161 76
4865 2998 69
2998 5501 26
2998 1502 56
4244 422 66
3112 761 17
761 3750 44
761 4800 55
2507 2228 27
2507 6194 88
2507 5481 23
2507 4112 13
2228 5384 37
2228 268 54
1419 2878 35
1419 6188 74
2878 709 77
2596 2821 56
2596 4682 2
2821 2225 71
2821 3914 15
2821 5117 88
5369 1753 66
5369 904 36
5369 1091 96
3213 3944 72
3213 2560 39
3944 4225 95
3944 6056 61
3944 788 35
1955 4659 75
1955 1541 41
4539 5565 100
5565 2532 98
5565 2577 40
5565 2061 89
5990 5594 86
5990 6292 44
5990 1699 85
5990 5273 8
5990 943 52
3332 2901 63
2901 1012 85
2901 5221 32
3567 3972 15
3972 2650 57
3911 120 28
3911 602 4
120 5463 62
5654 982 8
5654 2212 23
982 1161 9
3688 4433 27
3688 678 71
3688 4743 44
4433 4852 31
75 3705 93
3705 1552 30
3705 6293 91
5528 4239 56
5528 6199 13
2219 3176 61
2219 414 96
2219 3577 59
3176 5880 57
1678 1546 47
1678 5778 68
1546 288 71
1546 4621 51
1769 1297 63
1769 1505 78
1297 1477 96
1297 736 54
3912 4356 24
3912 4413 84
4356 2825 65
4356 1280 16
3931 2775 35
3826 5865 82
3826 5598 82
3826 1721 81
3826 267 88
5865 252 69
5409 832 64
3512 14 42
14 63 18
4955 1625 38
4955 5309 33
1625 271 93
743 159 9
743 1692 89
867 1355 97
867 24 56
4277 4495 92
4277 1293 61
4495 6270 36
2155 3479 48
2155 1864 24
2155 2479 8
2155 5713 44
1163 490 57
490 2687 16
2036 4414 43
2036 2119 10
4414 2584 10
421 4669 64
421 3540 79
421 3511 68
1167 4074 93
1167 3967 59
1167 3662 22
5112 5787 31
5112 4051 74
5112 2615 66
2526 1106 99
2526 4585 94
2526 936 78
1106 4033 84
1106 1274 64
1106 409 53
1106 3801 97
3476 7 10
3476 4397 26
3476 1978 68
7 1909 60
5396 4886 37
5396 6001 4
4886 4318 97
1292 5132 52
1292 310 57
1292 4020 76
5132 1914 7
5132 5943 49
5132 465 18
4568 452 28
4568 2923 18
452 3570 19
5908 625 77
5908 5412 18
2253 2739 88
2253 402 76
4061 2836 47
2836 3793 49
2836 2731 1
2836 5263 44
2836 5837 34
2884 530 64
2884 4019 4
530 5145 40
530 5328 64
4380 1863 67
4380 1495 86
1863 3893 93
1863 2690 21
1863 3720 54
5193 5867 32
5193 5782 19
5193 3487 64
5867 2326 55
638 87 44
638 2490 60
638 4688 8
638 711 44
638 2721 13
4501 5812 30
5812 4613 81
1663 6019 46
6019 2725 89
2113 4066 61
2603 4483 55
2603 750 61
4483 3608 29
6141 2324 71
5661 5606 72
3696 1962 45
3696 3309 39
3696 5738 30
1962 3528 49
3865 101 3
101 6331 33
5543 6082 65
5543 587 39
5543 1472 14
6082 4864 20
2748 1470 77
1303 3196 62
1303 2072 21
1303 69 78
1303 575 32
3196 1404 80
2747 541 100
2747 2095 3
2197 5974 46
4327 5217 74
4327 3643 88
4327 2911 22
2438 344 15
344 5372 93
3963 229 31
3963 1781 4
1653 2759 92
1653 4493 7
1653 1302 20
2759 5522 19
2759 2210 28
4472 1433 53
1433 2686 96
5620 5588 86
5620 1975 51
5620 4745 88
5588 4799 91
5588 6207 44
5588 2947 18
5588 2558 100
5890 5133 37
5133 3543 52
1139 387 2
387 2571 19
387 2274 66
920 2544 82
920 5746 85
920 5450 39
2050 2876 27
2050 6214 93
561 2095 75
561 472 65
561 5914 36
561 1343 67
2095 703 69
909 214 47
909 1947 13
909 1688 86
909 3738 85
5933 4183 68
5933 2358 65
5933 3403 21
4183 2481 47
586 2849 77
586 2225 27
2849 5498 66
2849 6186 64
2072 5604 41
2072 4787 18
2072 5027 71
1357 2871 88
1357 893 50
1357 542 69
1357 3821 86
2871 1140 75
2871 2439 33
235 2010 74
475 6322 94
475 5090 36
475 141 94
6322 5963 51
2427 3463 27
2427 4998 76
2427 2107 55
2427 3089 64
4289 1224 12
4289 1910 89
4336 2653 48
4336 3459 52
2653 2752 18
2653 243 8
2129 1318 98
2129 2857 22
3472 3831 94
3472 1199 52
3839 1778 48
3839 3450 57
3839 2426 17
793 5776 1
2532 5347 84
3899 1708 36
3899 2402 62
1708 1036 26
2752 2907 54
3460 4514 84
4514 5216 6
1556 709 69
3365 2791 30
3365 3087 37
3365 2636 92
3365 871 11
2791 5325 84
6190 5910 42
2167 5461 72
2167 5786 12
5461 1189 60
520 6107 15
520 5515 57
2537 2964 83
2537 3500 78
2964 5884 47
2964 2297 33
2964 4686 55
2964 1200 60
1449 3219 73
1449 4093 35
1784 2562 28
1784 6222 49
1784 5658 92
2562 3773 72
1088 4614 65
4614 2936 72
4614 1504 35
4629 572 52
4629 5009 66
4629 5005 70
572 3100 3
572 5827 21
402 4131 62
402 3261 63
402 4870 44
5312 2395 32
5312 200 45
390 4613 16
390 3367 92
4705 268 39
4705 3249 1
4705 3734 54
268 2750 22
268 6140 48
268 602 35
3046 2608 79
3046 2015 89
205 5678 91
1845 5052 89
1845 2357 68
1845 324 21
5052 5981 32
6006 2279 63
2279 5154 84
4737 5327 21
4737 4715 100
1800 5891 83
1800 4893 54
5891 574 97
831 4966 65
831 2078 6
831 6008 42
4966 2977 63
4966 5872 78
5689 756 93
5689 215 29
5689 4704 90
176 3229 50
176 4926 51
3229 5459 50
5884 4703 8
2477 2923 58
2923 4055 98
1460 6182 41
6182 2451 49
6182 3257 82
3809 3320 70
3320 1208 34
3867 1427 51
1427 2319 38
3076 4951 77
604 3218 50
604 1315 49
3218 1839 76
3218 62 31
3218 4536 78
3442 3783 27
3442 2942 52
590 2674 81
590 4761 37
2674 4367 36
2674 135 95
2674 1302 1
2483 5799 92
5799 5793 18
6278 5429 54
5429 1882 34
4036 3348 56
3348 1335 35
6102 5760 54
6102 3300 49
5760 1397 69
2067 577 90
4124 3516 73
5989 2421 28
5989 5640 8
2421 6116 90
2798 1329 60
2352 3079 90
2352 3875 70
3079 5364 14
5723 2969 43
2119 1206 52
3665 279 74
5580 3984 85
3984 5120 26
3984 740 20
3984 341 42
3984 5183 21
3984 2121 68
3011 2510 19
3011 4502 78
2510 2583 24
4005 3545 64
3545 2688 89
1208 2435 29
3026 2116 66
3026 285 62
3026 1675 1
2116 856 58
2116 5938 34
2116 5748 66
305 2993 22
305 1191 70
1260 5057 61
1260 3108 67
5057 3456 44
5057 5433 67
5057 3763 48
3793 393 42
3793 5862 10
1860 1204 72
1860 1172 14
1204 2521 26
1204 119 69
1204 501 60
2115 1253 27
2115 641 24
1988 2691 63
2691 2568 19
4778 777 92
4778 1682 41
4778 2160 93
508 3694 27
508 3388 88
3694 6155 63
3694 5910 5
5181 4 24
5181 457 50
6146 3081 70
6146 3298 63
6146 2266 60
1584 1070 96
5941 3801 6
5941 4807 15
5941 4873 56
4088 1840 36
1091 4857 17
639 3575 9
639 4998 42
3575 5714 6
3575 1842 63
6016 5861 43
6016 2939 19
5861 4395 84
251 1400 100
251 3055 67
5707 1554 22
1554 3228 55
4101 223 77
1509 269 10
1509 1274 69
4234 3754 9
4234 2145 88
4234 3031 82
3754 1650 4
652 1112 11
652 455 54
1112 5596 100
6179 4364 83
6179 3861 56
6179 3067 15
6179 5856 73
6179 6171 12
2381 1323 68
2381 248 34
1323 5100 13
5382 1500 6
5382 4506 93
6220 6324 2
6220 5447 13
6324 2066 47
6067 4168 95
4168 3212 11
2887 5249 37
5975 3201 67
5975 3904 7
3201 1585 67
3532 5211 2
5211 5355 72
4627 2676 47
1188 5791 3
1188 2597 96
1188 4023 83
1188 408 80
5978 3328 100
4769 5284 33
3935 4252 77
6047 38 85
6047 5848 36
6047 3726 90
38 404 20
5123 2468 97
5123 2488 2
2468 5036 76
2468 4920 90
2717 510 85
2717 6273 22
2560 5711 77
2481 3466 28
2481 3627 53
2481 3456 4
2481 2181 42
4283 4715 38
4283 5387 39
4715 254 4
2534 3203 88
3203 5953 74
3203 1362 30
2552 4876 46
2938 1454 18
5387 1792 13
5387 4783 58
1916 5850 18
4174 4600 34
4174 5155 98
285 5531 15
6238 3267 41
6238 3044 38
1063 5857 54
1063 1220 13
1063 6105 23
5857 2423 59
696 1451 99
1325 1798 16
1325 4836 19
1325 2834 95
904 1876 33
5069 1351 13
5069 5527 50
1351 3742 39
5240 2354 69
5240 2178 94
2354 794 84
5374 6090 64
6090 558 7
2208 812 99
2208 1616 82
5281 5619 90
5281 4921 40
1283 1097 38
1097 429 12
3269 5406 63
3269 3282 81
5406 4661 14
5406 2856 45
3007 2499 24
3007 175 63
3007 5550 87
2499 1908 48
288 5649 43
288 1934 96
2886 5417 40
2886 222 15
5417 2679 60
2084 1995 52
4425 2910 6
2234 5546 44
2234 5632 75
360 687 82
687 1119 8
687 5609 47
4025 5952 92
4025 299 69
4025 3041 53
5503 4509 35
5503 5883 52
4509 5380 83
1247 2655 38
1247 1105 91
1247 5855 19
3734 339 82
3734 2585 64
4718 2893 69
4718 4694 43
4136 6059 15
4136 3135 97
4136 2076 59
6059 5886 25
6095 1606 48
1612 1545 74
1612 5879 91
1545 5950 90
3184 4214 7
3184 3450 36
4462 3044 49
3044 1181 48
434 4081 74
434 2202 12
434 1768 83
4081 5779 88
4081 3678 91
3924 4065 45
3924 935 79
3862 5049 78
3862 4746 13
1318 5714 4
1318 5297 69
2796 410 22
2780 2347 91
2347 768 6
5544 5746 97
5746 4428 69
4772 3144 15
3144 4591 41
3054 1219 92
3054 2265 68
1219 5087 91
1219 2777 94
2597 5736 63
1599 3975 82
1599 1234 86
1764 3704 14
6167 4020 44
1557 827 84
1557 4744 79
1359 5784 34
5784 2310 61
5784 2701 15
5518 2102 48
2102 4954 54
145 735 4
145 1608 94
145 2586 56
2416 1970 57
1970 1747 39
5309 1225 45
599 5491 8
5491 6339 18
2044 2621 100
2621 2970 43
4318 731 52
4318 1365 68
5562 4793 31
4793 842 39
4793 1714 61
2286 4697 51
2894 319 40
319 1258 68
930 868 71
930 847 70
930 3023 73
868 3961 10
540 3769 46
540 364 55
540 1726 99
3769 2714 81
3769 2704 21
419 3140 29
3140 4269 41
3684 2333 27
3684 3290 73
2333 2338 83
2333 3363 29
2333 4210 11
1936 4976 29
6221 2133 26
6221 1421 58
2133 850 27
2133 1298 97
1452 3171 77
1452 2673 25
3171 4144 62
3171 4255 39
2401 467 26
2401 539 61
467 2594 80
1372 804 46
804 5213 8
5341 1996 67
1996 4358 97
3646 1605 92
3646 1884 57
637 4665 65
1839 3027 2
4893 1542 96
4893 4513 58
4893 3088 53
1542 4392 75
5850 1435 11
5024 5270 69
6072 3800 65
1177 3099 87
3099 875 94
4503 2770 30
3597 4965 21
3597 3258 89
4628 4479 57
4479 5828 20
411 3304 11
411 1265 39
3666 2179 53
2179 5477 5
3003 1910 66
3003 4827 78
3003 2104 36
3003 3966 100
1910 3994 8
4131 3729 32
4131 5917 66
5347 273 42
1179 322 60
1179 2292 88
752 2844 83
2844 2189 66
3939 1383 79
1383 4862 7
1237 1632 55
4505 2839 55
4505 2184 68
4505 237 57
4742 5971 58
6068 5612 78
6068 2907 34
6068 2670 1
5612 4322 55
4913 654 17
4913 376 67
4913 4971 23
654 660 69
654 5250 70
4806 2735 50
4806 6140 47
2134 5450 49
2134 4640 63
2134 5296 13
3602 3527 93
3602 548 58
3602 3632 81
3527 1567 9
3527 2470 96
3527 476 78
4698 5942 72
5942 5912 98
5942 3873 2
1151 4142 83
1151 792 18
1151 3295 26
5501 6039 1
5551 4822 3
5551 2863 5
4822 6176 89
4822 5358 3
1344 278 21
1344 3222 19
278 2757 56
357 960 44
299 2101 38
702 2027 99
702 1869 79
2027 3604 44
2027 2949 85
414 6283 36
848 1857 60
1065 4895 80
1065 2400 60
405 2997 2
405 324 90
2997 71 35
2997 4002 16
2139 2548 81
2139 2457 63
2548 1887 53
6012 280 80
280 2944 45
5207 5677 18
5207 2525 66
5207 2249 86
1284 3573 6
1284 4297 40
3573 2071 54
5748 3169 98
5748 5774 71
1827 2001 19
1827 4332 12
1827 5834 34
2001 5573 34
2001 1064 73
2001 1716 43
2001 851 25
4873 3206 56
4873 5954 51
5531 6265 52
5531 941 28
5531 3861 23
6071 5492 12
6071 5153 70
5492 1752 10
5492 5967 46
1928 859 92
1928 2396 23
4477 3402 77
4477 2187 73
4477 5878 73
3402 5740 12
3402 2256 74
2241 1126 49
2241 3183 31
1126 1264 64
1126 2976 20
4387 2996 89
4387 1920 57
2996 684 38
2996 5664 91
5814 1244 78
1244 5250 91
4636 5125 12
1847 2519 56
1847 1437 34
1847 6120 65
2519 2346 46
1944 3243 76
1944 906 99
3243 3458 20
1907 5086 53
1907 3466 84
4717 3422 35
4717 4644 94
3422 1270 19
3422 2274 47
2192 2225 23
2192 3183 40
2357 5785 83
2366 1766 67
2366 2695 79
2366 3570 43
4765 1416 99
1416 2862 78
5214 3951 60
5841 1582 6
706 3928 31
4917 4076 3
4076 4106 78
6079 2118 35
3649 4345 85
3649 3138 51
3649 4315 31
3649 5907 38
3649 4924 38
3319 1235 24
5323 464 86
5323 3462 52
464 1280 47
5338 6065 20
5338 5031 11
5338 4303 30
943 2392 74
943 3399 59
943 1118 54
2392 5170 62
2392 576 69
2392 2076 20
2392 2229 9
2392 66 12
2358 4668 55
2358 5913 71
3524 4070 37
3524 3877 81
3524 4920 93
5688 1698 59
3403 4160 63
6194 1458 39
850 4403 29
850 1397 71
4022 4562 36
4022 613 76
4022 3842 71
4022 1456 81
4562 1905 14
2547 6053 27
6053 3648 83
5769 529 96
529 3859 52
529 2692 55
2521 2459 92
2521 4119 13
2521 4789 52
1719 5632 8
1719 3990 6
1719 3178 10
1719 5142 19
5632 2343 48
1767 5273 98
1767 4421 42
110 630 97
110 4232 49
4972 3109 82
798 5127 35
798 780 9
798 3799 100
1431 1378 47
1431 1692 5
1378 5773 2
5393 2795 100
5393 2182 94
2795 3932 90
1849 3656 55
1849 3118 44
1849 363 49
6235 2031 93
5103 3371 25
5103 780 57
5103 1900 45
3371 2086 41
3371 2299 55
1410 6128 96
893 3282 6
5914 3850 50
780 4145 40
780 6342 90
780 5386 32
215 4546 20
215 1082 65
1131 391 9
1131 2799 37
391 4251 60
1777 4714 19
4714 3536 65
857 6337 22
2479 4255 55
2479 253 89
2479 2222 35
3886 5924 99
5924 1539 36
4821 992 76
992 1483 61
992 1464 71
4071 1121 38
4071 5652 17
4071 1144 58
871 4881 80
6273 2881 20
6273 866 51
2825 548 43
2825 1056 63
2825 3874 79
2825 2450 75
548 4366 78
548 902 3
3513 5476 2
3513 4679 79
5342 4998 42
5342 2533 25
2402 500 69
563 2763 88
563 4130 79
563 4690 49
5595 5084 31
5595 957 96
5084 1085 5
5084 2525 34
5575 2338 59
5575 2359 16
43 408 42
43 6210 6
43 1317 5
408 2290 41
481 5185 74
1012 6021 33
1816 3805 62
1816 4160 78
3805 1268 59
3805 4802 6
2536 4315 61
1068 3244 47
1068 3528 96
3244 5216 2
5055 1052 84
5055 263 57
5055 4201 4
1052 3066 74
1052 6093 18
3729 1919 82
3729 5453 90
1578 5078 59
4953 2703 71
2404 1397 89
4921 700 55
4921 5631 66
4921 4777 59
191 5241 54
476 2330 59
476 4781 8
476 4706 60
2330 1765 63
1164 683 76
1577 4012 44
3156 3770 23
3770 4541 38
2642 458 58
2642 1489 55
458 5517 86
458 5314 17
2426 3578 79
4002 4140 28
4002 2856 60
1619 333 30
1619 3955 45
77 5140 17
77 4871 54
5140 3278 84
5140 1276 47
3182 3214 37
3182 4094 83
558 6257 97
558 2432 79
6257 1196 24
4397 3160 20
3138 5778 98
3138 2654 44
5638 820 13
5638 4581 95
5638 1252 54
2885 6249 15
6249 5114 69
6249 6159 83
6249 3953 8
6039 5201 89
6039 3877 75
5522 6267 67
4581 1682 1
1682 5755 38
1682 4604 14
562 5937 62
562 2026 31
562 883 82
4297 2148 88
4297 1750 83
2148 5682 53
3621 2451 71
3621 6298 81
2451 5710 75
2451 4287 73
2451 6099 42
1072 5509 70
5509 2693 20
1499 4096 50
3444 4609 91
4609 4460 81
4609 759 20
685 6106 46
500 3757 23
500 1078 9
4810 6242 16
4810 4205 4
2855 1680 89
2855 5613 34
2855 4337 4
2855 2890 96
1489 424 83
6266 924 35
320 399 30
399 3627 11
4644 5204 60
5610 2190 7
5610 3861 86
2190 5813 81
1434 713 37
1434 1240 21
1434 5306 74
713 3060 67
713 2542 97
713 368 16
488 376 16
769 1490 4
769 570 17
948 5317 96
948 44 45
5317 282 18
2837 747 2
2837 3832 68
2837 3962 76
747 5356 17
174 1348 70
174 5356 44
1055 4120 69
1199 973 84
1199 3097 49
973 3491 14
1973 1822 26
1973 3296 29
1973 5209 87
1822 5815 36
1822 2218 28
1440 2263 41
1440 40 94
1440 6124 85
1440 6200 11
2263 2934 84
3772 4621 9
3772 5897 5
4621 1526 52
1090 2680 30
1090 3180 61
1636 3416 20
3416 6263 24
3416 2211 96
600 3168 84
3168 5810 32
906 415 38
3610 233 99
5710 1958 11
2982 1645 28
2982 1345 37
1645 1047 17
3273 4060 23
5573 351 8
5573 1398 47
273 6203 87
6203 5152 14
6203 389 50
6203 1361 9
3178 3547 53
3178 4707 87
3897 2858 81
2858 4856 44
2305 5972 98
2305 3560 60
5972 2899 71
5174 3858 22
5174 3758 18
5174 1013 72
1198 2478 37
2478 136 88
4190 2732 35
4908 289 75
4908 1017 15
289 1669 57
1748 3743 53
3743 3560 55
1083 1450 87
1083 1214 9
1450 4058 62
2103 5258 10
2103 5058 42
492 2518 77
492 3999 96
2518 5905 82
4144 5949 81
4144 1740 20
5949 1898 59
2893 4373 63
2893 2249 100
2893 5257 18
4178 4299 45
3699 5648 48
1835 3861 82
3861 1836 42
1058 436 10
1058 2571 31
1058 2213 96
5452 3589 61
3589 5669 56
4754 3367 65
1229 5348 29
5348 3664 88
5665 2277 47
5665 4915 2
3570 5899 70
514 2877 75
4708 5699 92
4708 462 26
5699 3996 97
2551 3095 24
5916 3131 16
5916 2793 69
3994 2638 91
5919 4519 78
1721 1156 13
1768 420 39
1768 1689 34
420 2555 12
4896 1627 81
1627 2131 45
1627 5422 21
2509 564 12
2509 3340 68
564 4564 21
281 3305 86
3333 5231 78
776 41 10
5324 2640 76
5324 4125 27
5324 1650 35
5324 1588 56
2640 3119 89
4891 3978 79
4891 6300 10
3978 2444 39
4592 5223 29
5717 5197 75
4373 189 49
4675 4402 6
4675 5365 97
4675 1156 86
4529 5577 35
5910 2216 77
5815 3869 65
4454 4207 1
4454 1421 20
4454 4914 62
4207 5354 39
1635 5494 43
5494 2577 54
6298 1700 57
3075 4404 58
3075 670 83
175 4832 8
6331 2316 61
2316 6226 47
3032 1108 44
3032 4422 30
3032 2746 84
3032 5296 82
1141 3306 14
2237 2960 88
2960 4053 60
3189 1276 99
1614 3495 32
3495 2081 79
4489 1771 36
4489 354 15
1771 518 31
1771 2265 71
5912 1654 23
5912 2362 93
4691 99 83
4691 3002 55
3296 546 14
5909 5998 88
5998 1027 3
1743 6109 9
1743 2021 92
6109 5680 11
6084 5497 90
5497 5254 67
4276 1046 88
4276 1664 27
4276 5350 49
1046 5762 91
1644 183 21
1644 626 95
1644 5358 60
1644 1563 79
3502 3028 96
3028 5928 49
2571 3397 26
984 5177 89
5177 5585 8
3465 5381 98
3465 325 9
3465 1633 69
3465 6292 61
5381 3958 15
1085 1483 59
29 5878 30
15 3053 12
15 933 30
15 5300 73
3053 4349 47
3053 5628 18
3053 325 48
3053 4091 37
6031 1801 99
6031 1886 93
697 2543 96
697 5459 44
5367 913 46
5367 1807 87
913 2186 86
913 3636 84
6277 6276 41
6277 4175 17
6276 4272 12
5641 4135 90
5641 395 26
404 2411 73
620 42 33
42 1933 46
4570 225 62
4570 4984 49
4570 5353 92
4570 4690 46
4807 4253 58
3197 3904 7
3904 381 64
2991 3530 67
536 1750 33
1750 1269 97
1750 2002 24
1750 661 39
2782 3323 11
2782 4723 65
3323 6055 27
4919 1824 61
4919 4118 86
1211 674 95
1211 5425 50
674 2201 36
674 4371 85
3127 368 26
368 435 75
4227 3825 64
3825 5851 17
4653 5227 33
5227 1672 96
4091 4689 78
3091 6127 55
3279 2147 78
3279 4152 72
5810 374 36
2326 5142 100
2326 5835 2
2846 2740 10
2846 3866 52
818 5074 66
818 1094 64
5074 5386 35
5074 5614 78
3601 5948 21
3001 5462 31
3001 5203 89
3271 6051 54
3271 1906 40
3271 4591 13
3271 1242 47
6051 1462 99
6051 4015 53
5477 4525 69
5477 783 10
5460 5011 56
5460 3848 81
5460 2195 54
3673 5410 91
3673 996 94
5410 3321 11
5963 4939 63
310 6115 21
310 3287 99
3173 1084 71
3173 1670 96
4878 2074 3
4878 4351 24
4878 2466 34
2074 1124 90
2074 6030 59
2299 4929 28
2299 3936 35
2299 2124 58
2299 88 69
2299 4809 64
2299 5298 45
4929 1583 45
875 5925 83
875 6333 68
2742 2949 63
2949 74 84
3471 1343 69
3471 4412 35
1343 4616 46
3060 5524 57
3060 3587 93
2423 242 49
5090 4511 98
5090 2561 61
587 3794 92
2447 822 91
5036 4320 14
2553 4580 40
2553 849 57
2847 1758 58
1758 2897 100
3806 575 34
575 3059 70
6044 1740 95
6044 2018 8
1740 6096 18
1740 5801 27
1158 4770 21
1158 4721 37
4770 6094 47
4145 3849 41
3849 1016 46
4198 1485 52
1485 5167 42
2340 5298 5
1662 2128 54
2128 2125 60
2128 1399 5
1874 5364 74
5364 5944 54
5948 1259 68
5585 262 32
5585 4453 43
5585 1757 78
3872 4850 47
477 2171 96
477 4728 34
477 3180 88
477 5359 23
2171 1668 44
3664 5687 80
3515 1252 69
3515 4956 73
1252 5849 29
1252 5773 44
1277 5639 32
2020 1424 51
2020 5094 71
3583 1890 79
3583 621 44
4435 3768 98
3768 1903 28
879 4582 73
4467 165 4
4467 3913 42
4467 4805 72
1017 312 83
3522 2564 33
4027 5818 21
5818 3571 35
5818 6313 30
4173 5696 38
4173 2040 12
4173 4944 37
4173 4623 4
5696 2753 37
5696 6233 23
1528 2302 78
2071 774 26
2071 3052 82
2021 3568 7
2173 5645 16
2173 1289 34
2173 3779 12
5645 4181 57
441 1475 94
441 169 90
3409 1369 53
1369 2154 74
1369 5208 84
2443 5474 81
5443 2034 53
5443 4622 40
5443 3404 5
3571 6313 98
2283 2946 41
2283 2561 18
2946 2514 14
1551 5070 60
1551 727 82
5070 1888 39
2907 4520 16
2907 1466 74
2022 2158 31
2158 2968 37
2158 2131 36
2343 3170 36
3170 4967 58
3170 5092 17
1737 3785 66
2881 2351 92
748 1974 72
748 3103 81
3078 2360 23
3078 3857 60
3078 2856 48
4377 2654 68
5206 4504 24
5206 2136 41
5206 3562 95
4504 200 89
437 2140 16
437 1080 79
3563 2889 59
3563 6171 34
2889 4879 48
4528 4103 67
1510 3397 66
3397 1954 50
40 2789 70
40 808 25
5143 5233 82
5006 985 13
985 5786 34
985 457 43
2652 3454 90
2652 2525 9
2652 5589 76
5435 1669 98
1669 5535 48
4839 3720 73
3720 107 31
3720 5243 99
3720 6193 7
4918 5242 49
4918 4352 85
4918 4337 93
583 3309 26
583 227 28
2094 2287 80
2094 2327 99
2094 2895 22
2287 3941 44
3967 3681 94
3967 5192 56
3915 5442 38
3915 1878 95
3915 1854 82
5442 1774 14
4428 6170 30
6009 3566 94
5314 5832 25
5832 733 70
5832 5774 98
5832 1413 93
3230 471 53
5225 4390 81
4390 1225 95
4390 3439 53
1385 2009 75
2009 665 5
5691 916 72
916 2743 93
916 4167 88
263 2650 74
2669 4309 85
618 1796 98
2388 5469 54
1056 3121 22
3121 5852 4
3121 3255 94
354 5613 47
354 4050 72
504 5945 51
504 5230 94
504 5733 29
2818 1826 19
1826 576 24
5159 4070 67
5159 435 28
1096 4444 33
4444 350 19
5047 5724 39
1637 3445 72
1637 6178 23
1637 1014 47
6097 5506 32
6097 1844 84
6097 247 65
6097 1028 30
5506 5647 55
5506 3511 76
4392 3072 39
1846 2957 62
2957 2061 27
2618 5618 14
2618 6306 33
5618 1182 26
5618 146 12
5618 480 7
4898 2984 12
1914 4185 99
4362 1735 31
4362 2850 53
4362 3066 12
1735 3268 98
6313 284 68
6313 6058 2
3353 5770 83
4063 463 37
2455 3194 73
6177 5729 86
5729 1080 69
5729 1623 38
650 4651 43
650 924 64
650 1386 72
650 870 45
4651 2601 29
252 3145 6
3145 5235 68
3145 3992 51
3308 6285 41
3308 3838 52
4412 347 75
4412 5966 77
55 1000 31
2680 5195 63
5195 3417 82
573 3298 95
573 3018 50
5736 4992 24
5736 375 91
4992 4182 3
3385 4114 40
6140 4928 1
2504 361 40
361 1362 75
567 2981 70
5712 517 60
517 5013 8
5152 2826 100
4118 1021 94
4118 5855 17
4118 3430 75
1021 5356 1
2668 3594 19
3594 5529 60
3594 2940 68
1464 5589 39
5589 701 37
5589 3668 60
189 5093 60
5093 975 36
1792 2313 99
1792 4121 55
1792 2925 51
3366 2870 9
3366 908 100
4488 5637 80
4488 4087 2
2544 249 77
2060 2344 26
2344 1026 20
2359 5644 44
3996 2321 7
3996 1140 17
3721 1884 26
3721 5558 73
1884 1859 36
897 4932 39
897 2492 25
4107 466 99
267 3453 72
1763 5738 13
5738 4083 18
5738 2572 46
3024 1414 57
1225 4643 44
3855 3055 52
3855 2606 11
3855 5526 37
3055 1707 82
2387 4820 78
2387 5244 10
2387 46 62
2387 3295 45
589 3113 82
589 648 86
3113 5365 22
4193 1275 83
4193 218 36
4979 4376 35
4376 2049 22
4376 5218 87
4012 5647 80
5647 5741 13
2180 2251 5
2251 4703 52
1615 1901 42
1615 965 70
959 1307 97
959 1123 17
422 4730 83
2266 3875 46
2266 258 44
3875 3693 56
1116 4346 68
1116 5345 3
4346 491 87
1623 5932 79
5092 4491 12
5733 2254 88
1950 4726 19
4726 4305 13
2607 2418 93
2607 5473 77
2607 4642 74
2418 1316 96
1734 1951 86
6010 986 54
6010 4069 93
986 2988 49
142 5900 28
24 2485 91
199 2194 86
2194 4869 30
2194 2221 26
4725 3624 42
3624 5278 45
2131 6301 60
4177 847 82
847 1821 50
1418 1689 91
1689 6223 61
6142 1375 26
6142 1338 77
2018 5822 95
6275 4294 77
5747 4780 84
5471 1560 1
224 2831 50
224 5268 77
224 91 62
1818 2954 6
3958 4270 52
3958 5286 15
4270 5021 51
1364 4607 31
1364 4616 63
1364 518 25
1364 2414 81
483 4942 5
2523 3685 23
2523 1314 52
3685 1006 87
2482 2041 32
2482 3794 79
2041 1105 3
2041 4370 20
2041 2449 88
5702 3006 4
3166 2767 56
3067 3139 43
826 2761 23
3810 6207 13
6207 1110 4
4398 2350 67
4240 2567 18
4240 4210 7
2567 5877 99
2127 4085 18
3764 4601 22
4595 2695 23
772 3628 99
772 801 63
3628 2503 42
2176 3581 55
5779 2434 88
6116 358 73
6116 2660 58
1413 3901 61
1413 2659 17
1413 967 49
1413 3082 100
1413 5384 67
1353 670 79
670 2592 26
470 416 68
5372 3019 26
5372 2292 52
5372 6199 17
2541 4405 44
3880 3873 42
3873 3822 14
1502 343 92
1502 3467 96
5455 1127 21
1127 1119 74
6162 3063 42
6338 5408 25
2469 192 30
2469 1135 75
3745 1848 74
3745 2527 94
1848 1655 27
1848 80 68
1848 5582 26
3041 3013 43
5685 1650 29
3910 4470 49
3910 3326 2
3910 3202 52
4470 3509 75
3249 1263 55
4680 83 53
83 2937 47
83 3070 73
243 2801 83
2141 2710 50
2141 570 75
2710 523 48
5624 5378 16
5624 4687 91
5624 1159 81
5624 2400 28
5624 2294 56
5378 3286 23
5964 5041 49
5964 3559 4
389 3215 67
4073 1781 9
4073 398 38
1781 4791 42
1781 1885 91
694 2574 22
3209 3632 60
3632 1966 73
5178 5794 8
5794 5966 87
5794 3327 85
1603 581 13
1603 4209 49
3043 6209 19
3043 4676 29
6209 5940 7
5019 5370 93
5370 2622 80
5370 4010 70
3896 140 60
140 1621 44
140 2484 17
3830 3586 78
3329 5355 80
3329 6056 70
5355 261 83
4506 1326 75
4506 2329 29
6328 4668 2
6171 4123 67
238 3347 98
238 4421 1
2853 6020 78
2853 4222 82
3922 3448 7
3448 3047 28
3448 473 97
4150 1788 91
4150 922 95
1788 5419 96
1105 25 22
1105 5154 71
25 3250 83
4809 4339 1
4339 6027 7
4339 4798 55
2473 47 42
5944 2142 5
5944 5167 79
4756 851 42
4756 4933 92
851 3511 78
851 4256 51
851 3790 45
671 2159 48
2159 4466 63
187 3993 67
3993 3282 79
1707 3667 14
1370 1218 21
1370 5400 49
1218 2121 79
3036 633 26
633 4458 46
144 965 75
144 442 58
5412 4732 65
5412 6176 6
3697 1938 14
3697 4042 48
3697 4075 8
2088 5226 19
2088 1015 74
5419 2492 90
2743 3716 51
4923 4905 65
4923 294 30
4923 1240 15
4960 6041 14
4960 1327 52
5981 5267 82
5981 456 80
4313 4823 16
4313 899 69
4313 6232 81
21 1302 57
1520 3759 45
1520 4007 1
3759 762 4
5268 3585 83
4003 3478 92
3710 951 73
3710 1417 63
951 6311 7
775 1340 26
775 2214 66
775 5157 49
5221 3411 94
4563 4041 92
2650 186 45
236 3925 69
264 97 2
264 3412 3
5780 3629 75
5780 555 86
5780 5642 75
3629 3456 99
4378 2232 93
4378 5590 22
4378 5864 17
6063 5997 36
3268 4437 57
3268 968 79
978 1883 6
978 5586 72
3125 6335 81
6335 2968 34
4042 4182 1
1241 6151 11
892 6032 36
892 5325 91
6032 523 13
5293 2690 6
2112 3084 44
3282 1032 35
3282 2161 26
2157 2294 82
2157 4267 16
2294 1379 9
3853 141 88
3853 1059 80
141 5004 30
3093 4607 34
4607 4210 26
2671 3813 23
935 4695 54
4695 4301 45
703 3633 78
971 1081 77
1081 3643 16
6272 6323 81
6272 1903 64
3758 902 60
5679 5921 25
5679 6103 27
5679 1293 10
5679 5500 16
5921 5892 84
1232 4316 26
4316 4393 49
5529 5966 26
5115 701 12
5115 3377 77
701 2976 31
701 135 94
2868 355 37
2868 5871 73
4706 4630 20
2922 725 36
725 1670 88
1309 4185 18
1309 651 13
3543 3441 63
2785 2587 36
3089 451 52
451 2799 73
2604 85 65
2604 5582 9
85 1797 16
4532 1004 3
453 5642 99
5642 4206 83
3604 6180 33
6180 5808 3
5740 1587 68
5775 2090 60
5775 1993 65
5755 5358 16
5514 4720 42
4720 2037 12
3236 2875 33
3236 2337 29
5773 5270 58
4593 2365 94
2365 4786 84
3375 1838 19
1838 3970 4
2422 5232 94
3608 1328 11
5254 2411 94
4964 2137 97
3633 1918 40
4053 1590 46
4602 829 61
717 4549 92
717 5700 17
717 3457 9
5459 873 12
1456 5165 39
1456 3418 35
5165 5139 52
5165 5064 2
4195 6216 8
4195 5758 19
6290 5558 92
5558 5280 27
4460 1549 74
1549 6120 23
3180 3247 70
3247 5869 40
5571 1592 85
5571 6091 45
2874 4655 75
4655 5480 54
2799 2673 93
5021 5465 64
570 426 52
570 1257 14
5139 5321 62
2295 5145 53
5145 2933 21
5145 3018 38
6291 2940 37
6291 4829 69
6291 3253 81
5536 4029 57
5536 2349 56
5536 3591 11
5790 1685 37
223 734 13
5200 5043 63
1968 4205 48
6008 1321 86
1541 2272 86
2100 377 66
2199 1420 62
2199 5560 26
4794 5012 94
4794 1896 68
1365 4648 64
523 5977 90
523 5044 8
523 1461 33
2184 956 6
2184 1736 47
2713 2630 20
2713 1214 31
2713 1964 17
5886 1356 67
3174 6197 10
6197 1686 72
6197 4500 42
4838 4747 8
4838 3051 42
457 3985 9
2039 3580 44
3002 5739 55
3002 907 72
5739 4199 61
5739 1446 87
5739 3767 67
2224 4700 73
2224 4357 50
4700 2038 26
4494 3661 47
4493 4342 8
5498 4702 67
3005 5071 1
5071 4232 73
3778 5649 41
5649 1688 88
5649 3888 36
6056 4342 99
1379 448 47
2313 3733 25
4351 4358 79
2035 2054 91
2114 6260 11
2114 3295 23
3491 2726 46
1327 3363 47
3290 1171 33
1296 179 79
1296 1020 36
1296 5532 35
5500 5656 83
5656 5621 11
1462 2530 45
1462 928 49
2530 2505 95
5079 3411 76
3411 4696 96
2992 98 55
2992 3548 29
5535 423 56
2704 910 100
2704 4888 69
201 740 92
4998 4175 89
839 4797 36
3885 763 43
3885 1655 56
763 5600 31
5337 6200 95
6200 615 1
1248 2609 59
2609 634 75
1566 1538 31
1566 5044 100
1538 789 20
1538 1484 3
1810 1113 12
1113 3331 12
1819 2561 63
2617 6256 60
2617 2646 41
4598 1109 69
4598 362 91
5592 5858 31
5592 4856 26
5858 3966 2
261 5640 85
261 4561 17
4511 5068 31
4511 5646 88
5068 5582 63
6308 1878 70
6308 4256 19
1878 3640 77
1878 6040 88
1878 1805 20
2527 2432 75
2527 1010 18
2432 2572 41
1954 5270 66
5466 5548 85
5548 4888 6
996 2043 1
996 1805 93
284 4620 81
704 4139 17
4139 742 11
4139 168 58
5011 5384 86
5011 6310 9
5011 138 85
574 6134 42
2249 5605 33
2687 1652 67
2687 2364 48
196 3863 23
196 3349 33
3863 5939 58
1249 4146 68
5892 2619 100
3816 3270 64
3270 5087 77
3270 3324 78
254 5934 49
254 4848 75
254 5709 38
2317 4261 66
4437 5813 85
4437 4958 72
3265 372 16
3265 5885 87
5015 642 28
4450 4049 29
5534 4745 23
4745 5628 85
2107 2914 59
2156 3676 92
3514 4931 40
6064 3417 33
6064 2725 17
3417 2827 76
3372 5881 16
3372 585 100
3372 4000 42
6124 4944 69
2575 1324 3
1324 3731 52
1517 3943 29
1517 1516 96
663 1146 72
1146 1107 82
651 2075 48
2336 4947 29
5167 1005 97
5966 1932 68
958 4497 34
711 4724 33
5252 2285 20
2917 365 38
6227 1751 47
6227 4792 5
6227 3776 80
258 3025 34
258 5877 97
258 724 88
3025 3952 74
6070 1895 26
6070 557 88
1895 3903 47
5646 5875 49
5646 4510 100
5205 4453 53
383 4048 60
383 1932 8
4048 5623 23
5373 4870 42
4870 2275 30
242 2086 61
2086 3529 11
2086 5666 15
1958 1288 95
5768 4160 16
5768 4434 21
4160 2169 100
3286 197 64
2832 3746 33
3746 3789 88
5201 4711 42
177 3920 62
3920 786 80
5560 1652 38
1676 1291 17
1676 3455 6
1291 2976 28
5039 2513 29
5039 1749 57
2513 1794 3
3848 5960 88
4399 3461 96
3461 5512 78
955 5256 81
5208 5171 26
3511 5176 12
2457 5094 40
5094 1703 22
479 3142 41
479 2683 20
3142 6026 80
4546 2733 63
4910 3807 84
4247 2683 4
6139 3104 33
6139 6158 15
6139 4149 44
6113 3923 89
3923 248 45
3703 3484 76
304 5151 31
304 4885 18
3190 938 76
2692 5032 73
5032 348 36
1805 4033 77
624 4906 85
4906 3147 75
2256 2593 13
2256 4582 11
2593 2149 87
2332 1099 11
1695 6130 3
1695 5844 35
6105 4637 65
5524 4420 39
5524 4512 9
2296 295 94
2296 1825 14
1688 1808 1
6176 6153 98
5951 5745 72
5745 139 1
5856 415 68
5856 1933 4
3536 2764 64
2764 5853 62
2371 5743 82
3557 6046 29
6046 1559 12
5099 5583 34
3670 5457 33
3670 1815 22
5008 3307 2
5008 5751 45
247 3691 81
5582 990 66
5582 5054 70
5582 3818 90
990 11 52
3765 2935 5
3765 188 41
4537 233 68
4231 1558 47
4657 4736 14
4657 2971 26
4657 1621 39
4746 2520 93
2659 1992 44
2659 5991 8
1094 655 6
1932 3157 90
3157 1947 53
3152 977 44
977 6240 48
1508 3012 82
1508 1692 58
456 5667 60
5220 4902 18
5220 4800 11
5220 3101 42
5220 5929 22
3941 3509 24
6080 2624 37
4355 6202 8
6202 4587 61
2912 1185 90
2912 4762 50
945 4051 22
4051 2895 72
6307 4622 7
6307 3362 8
6307 4755 48
3420 359 7
2664 2170 98
5687 4464 76
5687 5397 57
4033 3310 82
753 4498 19
4498 5895 92
2138 4436 71
311 5849 3
5849 5903 16
5849 4443 18
1696 4340 81
4130 5000 80
4130 407 94
1854 3979 61
1854 1585 82
1759 2449 32
1759 3458 60
2449 96 37
4182 3788 33
6158 585 1
2976 4013 8
4559 2291 71
2291 1853 73
2291 169 80
2291 927 61
5512 4771 20
5512 4016 40
1820 4329 9
1820 3647 42
5384 22 1
123 226 96
1144 2665 89
5928 1875 73
2834 4564 2
2834 5117 78
1600 3380 41
2174 4594 71
4594 3834 63
3736 2802 31
1345 2793 74
2413 257 43
257 3847 96
257 4486 32
2026 3300 24
2026 1298 60
2281 18 43
1746 1338 72
2755 39 49
39 5313 5
4672 1900 72
3440 4094 91
4094 3122 19
3893 248 56
3370 5634 97
901 2793 88
901 5295 99
6342 4808 24
2928 2271 40
2928 1728 34
2271 3952 24
2271 1033 44
2271 3593 21
3773 4776 39
3773 6248 92
5593 92 85
326 5045 21
491 4189 76
5953 1186 8
6061 5690 54
6061 672 9
5690 902 52
2902 4635 65
2902 3224 47
3535 3991 17
374 3510 1
374 5190 63
3291 186 3
3291 3895 33
898 515 69
5335 2454 2
5335 786 95
2454 963 44
2454 6108 61
1439 5357 13
5357 737 80
5357 197 48
4123 1575 10
3327 1282 89
963 936 70
963 873 48
936 4783 98
1621 2772 89
3662 1290 31
2723 6154 66
3712 4678 89
3712 3790 42
2535 19 59
2535 887 31
19 1038 33
5082 2419 72
5082 1833 15
2419 2505 80
2813 1608 66
2813 5563 100
2813 2585 15
1608 4785 84
1311 6193 70
4187 2956 57
2880 2439 66
384 380 98
384 5719 2
1985 1679 13
5009 2406 97
2503 2055 5
2503 5096 20
3146 6111 76
3146 5072 8
6111 4573 25
1733 5428 92
1733 4235 29
5428 4738 97
5428 1986 99
2929 5080 48
2929 2749 89
5080 2587 69
5072 2590 10
3857 3110 73
3715 241 88
3715 634 19
2070 3038 67
3038 3950 94
1652 4328 94
3183 5836 94
6126 3737 48
6126 2904 67
3737 2727 3
1426 4286 51
2773 3651 19
2927 3424 50
2927 6123 9
557 4633 45
2488 1915 14
1915 4001 75
1915 5320 6
5488 4654 65
5488 5680 69
5488 4409 83
4654 2328 65
4654 438 19
4712 905 34
1214 2230 71
5880 2869 7
5532 5695 41
5695 4213 34
6157 962 52
4290 2367 89
4290 2986 1
4290 4157 42
2385 4391 87
4391 1590 90
1466 1830 12
1458 682 99
1458 4245 17
4702 3301 88
3301 1002 25
1905 2292 56
4888 1547 51
6300 3392 72
4331 3369 84
1159 4548 57
1159 105 20
1779 1258 44
4256 5808 21
4164 4685 74
576 4507 57
576 4926 15
576 4848 25
3569 1034 90
1034 1069 76
4266 6258 36
22 324 86
4232 2144 9
4553 5734 7
5734 4880 96
3663 2117 39
1807 3507 48
4947 154 70
4947 5289 68
5602 218 15
218 3488 51
3559 2790 60
395 3791 73
395 2161 43
2873 1305 42
3386 2744 13
3386 2303 20
3386 1797 30
3386 1596 23
4111 84 61
3447 1195 65
3526 398 74
90 4196 95
2702 1445 34
2702 5871 6
1829 3892 60
4389 4638 2
4638 2641 75
253 3313 61
2034 2619 56
2034 2229 93
2034 3288 96
4687 124 26
1912 3322 38
789 3211 95
789 616 84
3211 5176 28
1833 5307 90
2943 2528 83
1016 2244 63
1016 2242 33
817 4767 66
3458 5796 51
760 4656 80
3064 3378 35
3378 6299 89
1906 4038 48
188 5811 16
188 5561 76
679 5731 53
5102 5236 44
1381 1354 39
1354 2076 37
6058 3822 46
329 2986 22
329 5493 72
2986 539 42
3457 1230 45
3457 2646 59
5628 4166 46
1947 1594 27
6021 834 11
6021 5882 3
3771 2648 47
3771 413 31
5300 805 9
1181 3668 4
2616 525 81
2616 5375 53
678 1231 48
82 833 36
82 2959 63
6224 4476 55
2638 1111 58
2638 3753 10
5096 4419 47
4422 3377 74
923 1817 47
2895 6187 87
2222 1573 43
2783 5829 7
2783 3340 50
5829 3763 43
5844 872 49
2150 1565 59
5243 272 20
272 6073 67
4404 5591 40
3814 3167 46
5894 1041 7
2201 2529 88
5667 425 87
5667 3672 58
3251 3938 91
3251 828 13
6153 1808 12
3122 5144 10
2686 3695 82
6069 2579 59
3195 2622 55
3195 1135 27
432 629 7
2865 379 88
3037 2149 63
3037 5405 30
5958 4587 24
5958 4541 87
5958 438 47
4883 2260 93
856 2568 45
856 1821 48
4151 869 24
869 4191 89
1273 1948 50
1948 6 40
2749 4282 35
4728 3790 91
2465 1513 69
854 4171 25
4171 1334 99
2353 1607 24
4417 485 71
4417 6073 63
796 2639 6
2639 783 67
4743 1133 36
2049 57 76
1171 3225 49
3188 3973 82
5808 3469 40
1002 4236 44
1002 3821 11
5925 3708 50
3077 3669 47
3077 79 15
3669 2869 13
1089 1194 48
1887 5282 43
5282 2665 31
864 1114 28
4421 2776 2
559 4996 53
559 221 40
4996 3238 50
1457 5882 82
413 5586 19
5586 4576 64
1704 1358 97
1358 4582 83
1358 1192 66
5470 770 25
4761 1893 82
5510 1780 78
3707 6302 43
6302 4448 52
2007 5901 13
5901 3022 12
4382 2163 100
4984 4010 84
375 1561 57
1930 1243 11
1821 3847 43
1811 4291 92
1811 5627 51
3749 6145 97
3749 5362 47
3636 4138 1
6299 2320 86
135 5905 82
1006 636 98
1135 3503 6
1842 5744 91
3842 4280 17
1877 1620 49
1877 5265 7
1620 3071 73
2191 1697 14
3434 1716 88
1561 180 13
3284 3234 38
6133 1922 2
6133 5356 68
1505 1228 45
1505 3739 1
4175 3542 21
4175 4843 55
3542 2512 9
501 4354 27
501 4393 3
4354 3841 67
88 3266 61
4449 4814 25
4449 2925 20
1729 4934 27
2364 1521 70
5044 6117 68
4386 3085 68
4386 3274 56
4211 2122 21
1831 5128 69
5627 6050 54
3456 728 63
2985 6318 59
660 3906 80
1129 2337 68
4571 3998 54
2226 1728 39
2226 4199 18
444 1581 98
444 5866 68
5855 726 66
5855 3611 73
2774 1646 95
4585 6004 28
3850 1700 3
4502 755 91
4502 364 26
2568 2397 51
4427 4189 100
4427 3722 21
3779 6289 3
3779 1770 82
2032 5376 83
5376 1409 73
2558 4343 61
5307 1953 86
5307 1263 7
266 5106 23
5106 6093 80
4406 2909 15
2909 4169 100
2909 2487 81
615 2079 33
5547 6037 7
768 1891 93
2586 6168 73
6093 3844 65
3844 6215 32
1337 2658 56
1337 6254 39
3506 5451 75
3506 2008 23
5451 208 68
3390 4542 75
3390 4282 58
2540 5276 39
6247 3187 52
3539 5097 58
2233 6267 27
2038 3954 27
4696 2096 93
72 807 45
807 495 99
807 5988 4
4275 4028 25
4576 5422 96
5422 4920 30
4191 3614 84
2474 3937 28
3404 1100 4
1100 4801 15
1274 1054 59
4457 845 46
4457 5394 51
626 265 79
2445 1756 45
1756 5291 77
2161 2712 50
4312 132 93
3788 4059 66
2265 2042 87
1770 2322 49
4924 6057 12
4924 4197 74
5213 773 24
773 71 13
773 2524 100
5591 1684 93
5563 5180 17
4155 4578 41
4155 487 10
883 95 2
2789 1038 73
5436 4663 75
74 5088 53
3482 6184 28
6184 2380 10
6052 4867 55
3339 3381 42
3339 1657 78
3381 2424 76
2765 1617 31
271 126 63
5903 5542 90
1583 5088 28
1583 3428 38
5411 4360 66
1677 3932 69
3932 3008 46
4484 2565 23
4446 341 76
4446 3165 62
4337 3035 89
4278 1865 58
4278 3000 53
1865 2079 3
3907 5 67
4208 5922 21
5922 6206 49
6250 2453 91
1922 2696 12
1922 2250 3
6101 3582 60
5730 2753 49
2762 1186 90
3428 3376 25
1579 4801 45
4325 5902 40
5902 675 44
3202 5550 48
3202 6043 42
1757 2634 74
6314 2919 73
2919 4006 52
1242 3382 12
1455 967 10
2310 1931 29
4889 5003 61
5003 2289 87
198 3820 48
2494 4163 28
1575 2106 53
928 6269 78
1943 3164 13
4213 3595 40
4213 5657 38
2153 3553 21
2153 4577 83
3098 2754 19
1459 2475 51
1459 151 39
932 1604 11
1604 3894 6
3767 3283 24
5134 5296 68
5830 2014 56
2014 3740 5
1787 2777 74
4911 2973 46
3961 1267 85
5198 778 7
778 2252 10
2302 6317 52
4401 686 50
2529 954 98
2244 1661 21
6226 303 5
5218 4624 88
4624 4464 74
1706 1949 94
4055 972 92
1044 601 4
5287 313 69
4704 1422 92
3881 862 67
862 784 43
5048 3645 71
3878 256 96
4784 3980 33
4877 4009 57
1014 298 38
1014 3965 39
4039 4836 28
6254 4394 79
6254 4803 16
184 2471 47
2471 5765 93
2203 3689 56
2203 347 37
3689 2085 9
2606 1979 59
2606 2838 21
4894 3795 63
3795 4525 67
957 5131 24
6150 3898 46
6150 3864 78
37 5673 98
5871 4835 78
5871 2860 62
983 3088 43
1054 5147 25
5633 2023 84
5633 4287 98
5264 1703 63
5264 3717 27
5264 5567 76
1918 3073 34
3592 3572 14
3572 3789 50
3572 2106 20
443 2857 60
2376 2450 59
2450 3303 58
2005 2930 51
2005 2883 12
3324 336 12
2229 4853 48
621 552 87
552 1935 21
3791 4344 7
3741 4026 82
2079 5898 29
2701 6333 89
4407 6013 26
4407 622 38
3726 554 51
4370 3956 61
588 4067 75
4282 2452 1
2380 3496 37
4420 1101 16
221 1773 55
2890 54 1
4264 4652 67
474 4682 11
2339 4300 33
2339 3693 76
655 3281 99
3281 5800 90
3241 649 47
1911 2188 8
4416 5843 72
3325 4650 63
5885 4762 40
5136 1388 21
5719 172 41
1263 2282 51
324 5383 69
1761 4279 81
961 5289 74
1960 433 47
1960 1585 90
1731 4072 74
5485 6240 44
3983 4411 88
412 931 47
412 2883 51
412 6206 19
5083 527 28
5083 693 14
6135 2906 61
569 2146 24
2282 4365 14
1959 5186 12
2269 894 97
2269 94 70
3158 582 67
1832 2811 66
4050 4530 4
623 891 64
623 1019 77
6023 5058 49
2293 4722 47
2293 4989 20
4956 4122 68
6169 2484 89
2484 3387 24
2545 3238 3
2545 3132 73
4438 3407 45
3102 3777 71
3777 4760 52
3777 4442 77
4573 1639 69
3288 499 38
3481 5643 23
4686 886 97
6149 4824 3
6149 265 51
6196 2867 64
4541 35 39
3066 2539 75
2187 926 9
5837 969 89
146 5783 53
5939 496 47
5939 1569 73
5955 3094 10
2331 3558 17
2331 4813 13
3787 1687 98
3787 532 46
70 1394 41
133 825 58
5947 4154 44
5983 3045 15
89 4273 40
5117 2533 5
3851 4333 98
844 1023 91
844 5929 100
6297 3321 66
3781 3344 12
3344 11 15
1851 2987 88
3437 5788 24
632 1317 18
1317 331 78
1317 2 42
2722 115 6
115 316 83
2959 3161 45
210 64 6
347 2242 78
362 5693 77
429 1795 60
1053 5801 43
401 4557 77
1045 5918 14
3614 3383 5
5237 5718 3
1882 1193 7
4371 5863 42
1643 3408 85
3147 160 65
5778 3647 63
3647 4935 57
4201 202 27
1804 2491 45
442 5020 55
3595 193 69
5121 4569 88
4569 2539 45
4569 4543 58
2942 4531 63
4137 2632 41
103 2660 7
103 4625 13
3691 5816 99
3691 2273 19
3691 67 80
1610 2587 46
1933 4946 18
1221 5265 59
4159 6161 38
2882 3852 96
6125 5870 68
6251 2356 73
1624 595 17
4415 779 70
4415 543 63
5797 5869 13
3462 4840 47
321 1408 79
635 166 78
3228 4262 6
3799 2409 82
5542 4046 47
5542 1316 9
2255 4740 88
3834 2104 55
2013 3061 90
1511 1862 2
1736 2003 63
5907 4981 63
4982 4238 21
5601 4676 61
4676 5062 29
5269 2990 85
396 5490 100
2467 1117 32
927 939 19
1942 71 99
379 4100 96
5076 3181 41
3742 3105 34
3742 3832 91
1008 4054 58
5877 4544 37
163 902 5
5484 2312 54
4990 4451 93
745 3976 5
3035 5299 34
712 5838 70
2667 4885 23
3359 5567 40
3485 3752 44
3752 6333 97
3528 3894 88
5999 1336 5
3596 1923 26
4352 1981 1
1339 4248 98
2433 5275 92
3948 3431 52
4916 1398 59
1648 6336 76
3222 855 53
551 4566 33
3824 45 77
3824 3541 12
502 3985 66
3985 790 58
3964 6274 45
4082 5929 59
5418 528 98
528 1494 27
6175 2069 36
5352 5319 51
5319 2994 32
3677 1332 91
212 5895 74
119 2276 60
2709 2335 28
6187 4015 33
6189 1971 81
4021 999 67
3521 493 92
2623 4203 89
535 216 42
3874 795 77
4396 3042 29
230 5130 4
2514 4977 27
1480 2109 12
2109 5636 64
3871 2314 12
1216 4584 17
213 3519 80
5034 4618 81
4973 1852 86
1077 2495 53
3644 1043 97
4381 814 30
814 111 100
1588 4035 60
2920 5735 92
3257 1465 18
749 2911 86
2911 1246 41
428 2151 86
2397 3934 17
2899 1384 4
688 4516 50
3346 5066 12
2827 644 19
5986 4551 52
974 1239 56
113 1170 15
2814 4515 27
173 3212 58
173 3220 17
6233 6164 82
3622 3297 80
3354 5113 70
3786 1286 2
3588 4583 35
94 1665 24
1879 2257 49
3483 4597 31
4526 4869 61
3927 2185 12
2185 5260 90
2626 5483 64
1422 2758 76
2341 2581 23
6042 334 99
2217 3884 67
2656 3615 54
1444 2666 57
3021 5568 79
162 5164 47
5521 6212 41
2288 5819 17
373 646 61
6137 3714 52
3934 3433 47
3711 2729 47
5915 5141 28
2348 1134 15
95 4828 48
3400 3034 92
1075 4260 51
385 3577 45
3302 5566 97
3338 1226 78
1945 382 49
513 507 40
5029 104 13
5168 1115 56
4086 3199 9
6253 5554 91
2168 5545 17
2168 1301 7
3179 1694 28
3988 5511 81
2628 2017 59
4840 2872 11
5676 5389 48
2970 4834 68
1580 3016 82
4162 1555 74
5988 4200 51
482 5842 92
1899 5067 7
1525 729 30
1491 4062 74
5526 2183 96
3517 5630 39
6104 1062 2
4805 1963 53
3151 2955 92
4017 3653 57
2738 2803 86
2803 460 46
5965 3426 88
617 5608 89
1672 4455 15
3798 884 17
4105 2627 35
1150 1850 66
1775 4204 39
277 68 3
4945 3477 17
611 2898 5
3658 1701 52
5626 5421 22
6305 4631 63
4978 3977 92
4854 4243 84
6129 803 13
