196 370 12
196 227 57
196 1191 11
196 1151 15
196 958 71
196 970 38
370 262 42
370 152 82
370 16 92
370 1240 23
370 41 72
370 705 25
370 920 81
370 242 22
370 1133 99
370 917 33
370 953 1
1213 415 83
1213 450 69
415 253 36
415 610 26
415 246 19
415 1149 1
415 489 19
415 639 70
415 277 93
415 941 77
597 525 25
597 1274 14
597 388 71
597 688 51
525 875 63
525 144 57
525 800 99
525 763 98
525 515 55
1069 421 4
1069 282 35
1069 617 65
1069 641 93
1069 799 94
421 1279 28
421 239 8
421 765 13
421 158 13
421 1255 68
421 84 80
421 209 50
421 297 67
37 569 94
37 810 65
37 1010 96
37 444 47
37 465 83
569 1068 16
569 1279 77
569 152 99
569 822 42
569 221 49
569 867 13
355 237 83
355 1029 93
355 457 40
355 53 14
355 331 26
237 438 81
237 817 17
237 350 25
237 23 33
237 1169 16
687 295 2
687 578 95
687 543 74
687 652 63
687 939 19
687 1150 58
687 384 77
687 424 82
687 528 85
687 1240 12
687 1260 25
295 1021 31
295 1282 96
295 1078 23
295 523 62
295 229 84
295 819 97
295 66 87
295 61 95
295 1095 77
67 203 69
67 1067 67
67 1199 83
67 129 1
67 846 92
67 943 56
203 350 62
203 1230 10
203 337 89
203 844 78
203 798 4
203 928 41
203 519 60
203 81 80
203 656 80
683 390 87
683 1013 95
683 1001 3
683 68 28
683 494 39
683 404 27
683 727 53
683 615 71
683 585 19
390 728 87
390 954 100
390 557 56
390 21 77
390 456 25
390 117 50
390 506 39
390 970 68
390 359 90
1082 320 67
1082 635 57
1082 748 30
1082 682 98
1082 539 31
1082 330 57
1082 1259 8
320 269 20
320 663 84
320 1084 34
320 12 70
320 410 93
320 1239 57
320 836 95
504 275 65
504 1253 89
504 53 13
504 1279 42
504 247 38
504 1356 98
275 408 38
275 418 73
275 475 63
275 133 16
275 286 25
275 1144 65
275 458 85
275 127 19
275 835 7
275 727 1
275 300 53
275 484 67
448 158 29
448 830 88
448 471 80
448 861 55
448 369 90
448 578 8
448 93 35
158 986 18
158 593 52
158 895 45
158 248 65
158 610 90
158 761 78
158 1205 39
158 643 77
158 1066 42
660 174 2
660 1209 69
660 1261 57
660 1269 12
660 835 99
660 231 17
660 526 61
660 1159 19
660 779 100
174 680 41
174 609 49
174 131 89
174 190 43
174 1272 72
813 961 59
813 351 42
813 855 53
813 939 79
813 71 15
813 89 48
961 537 55
961 638 53
961 666 7
961 873 74
961 1158 14
961 280 38
961 1241 58
1359 842 32
1359 1114 86
1359 445 85
1359 1340 2
1359 1112 42
1359 430 70
1359 552 67
842 113 97
842 1047 91
842 951 3
842 737 52
842 510 75
842 223 59
842 814 92
859 772 81
859 1099 8
859 9 24
859 342 6
859 280 22
859 163 81
859 550 46
859 233 63
859 867 23
859 692 21
772 7 99
772 309 85
772 90 39
772 412 11
794 54 70
794 276 12
794 194 99
794 899 47
794 950 30
54 552 84
54 843 5
54 830 88
54 587 4
54 85 89
54 381 97
54 273 40
601 972 76
601 1300 98
601 1311 68
601 1192 63
601 606 35
601 253 76
601 779 9
601 917 43
601 379 27
601 985 45
972 1042 99
972 65 28
972 1073 22
685 854 19
685 1348 17
685 776 61
685 490 51
685 735 69
685 30 80
685 284 83
685 6 62
854 1110 27
854 444 72
854 809 71
854 1125 38
854 1211 75
854 467 18
854 959 46
854 431 47
854 378 57
433 661 59
433 752 29
433 268 35
433 810 90
433 727 85
433 1096 91
433 647 74
433 38 73
433 590 51
433 782 84
661 74 37
661 1202 31
661 183 62
661 529 86
661 1163 72
661 577 54
537 146 91
537 659 56
537 776 31
537 499 79
537 264 80
537 460 47
537 595 65
146 1109 61
146 63 32
146 1247 11
146 727 33
146 949 94
146 758 49
146 1204 94
146 781 56
560 340 89
560 460 2
560 420 86
560 296 71
560 1117 60
560 666 99
340 135 67
340 145 58
340 507 18
340 323 55
340 1185 22
1078 583 39
1078 1006 67
1078 211 20
1078 838 74
1078 70 77
583 644 50
583 132 73
583 392 6
583 353 75
583 673 91
583 663 11
583 1040 23
13 620 55
13 302 100
13 223 81
13 244 62
13 863 45
13 1212 50
13 132 68
13 651 75
13 1002 15
13 468 70
620 1291 98
620 1331 17
620 446 40
620 405 47
620 799 28
620 400 10
620 1122 92
620 1311 33
620 132 43
620 134 71
620 143 16
620 113 11
1224 1135 17
1224 679 31
1224 762 94
1224 1233 25
1224 1254 17
1224 1136 22
1224 346 15
1224 26 66
1224 1168 2
1224 426 88
1224 627 69
1135 740 19
1135 1225 86
1135 581 51
1135 298 76
1135 156 78
1135 1294 100
1135 1243 1
1135 185 10
1136 882 52
1136 157 73
1136 1066 90
1136 162 32
1136 668 3
1136 573 70
1136 864 51
882 947 13
882 489 88
882 963 79
882 1252 7
882 1288 60
882 462 17
882 77 49
797 1239 93
797 1062 80
797 819 88
797 846 65
797 83 5
797 459 25
797 927 13
797 875 19
797 113 8
797 180 34
1239 914 27
1239 625 69
1239 108 66
1239 249 70
1239 1259 58
1239 645 64
1239 784 6
1239 1065 90
1239 510 80
1239 759 25
1239 404 9
402 680 79
402 614 13
402 534 20
402 1297 10
402 899 24
402 100 35
402 335 80
402 1123 54
680 462 96
680 1333 47
680 1244 2
680 1141 100
680 586 60
680 567 29
680 506 33
680 1247 16
587 505 87
587 920 83
587 1131 15
587 790 73
587 1253 65
587 322 80
587 1258 97
505 722 28
505 1126 97
505 808 4
505 381 22
505 182 85
505 990 28
505 932 10
505 1145 25
505 523 91
505 1214 41
505 1219 18
505 762 38
505 442 65
505 277 85
1182 1116 21
1182 326 82
1182 831 35
1182 228 94
1182 516 25
1182 379 16
1182 844 100
1182 747 10
1182 713 95
1116 1312 40
1116 84 8
1116 1117 95
1116 1343 28
1116 860 61
173 612 69
173 1202 3
173 162 4
173 386 61
173 1181 75
173 318 60
173 874 95
173 1208 87
173 192 25
173 753 33
612 125 76
612 251 43
612 913 57
612 1164 42
612 944 59
612 1296 86
612 826 68
612 1266 70
612 335 75
612 25 81
1017 394 54
1017 1350 73
1017 373 14
1017 1183 96
1017 545 77
1017 1190 37
1017 561 44
394 984 91
394 128 55
394 66 83
394 41 59
394 557 57
394 388 34
394 1171 48
394 632 30
1142 836 6
1142 1053 78
1142 544 91
1142 1087 45
1142 365 16
1142 892 3
1142 91 17
1142 62 66
836 1039 53
836 420 25
836 1050 5
836 21 45
836 457 68
836 323 72
836 1123 23
836 658 89
836 793 5
836 473 76
1272 868 54
1272 956 48
1272 324 14
1272 960 69
1272 1259 62
1272 228 69
1272 1148 31
868 444 76
868 454 95
868 124 62
868 516 34
868 1345 92
868 498 74
868 1292 34
868 1050 92
619 1098 21
619 514 16
619 71 13
619 330 84
619 897 57
619 700 58
619 199 45
619 561 1
619 828 7
619 938 32
1098 834 13
1098 561 15
1098 590 43
1098 1179 19
1098 492 60
1037 309 44
1037 261 30
1037 547 12
1037 1065 31
1037 138 56
1037 92 10
1037 658 30
309 467 92
309 476 35
309 635 96
309 89 6
309 463 33
984 1172 83
984 901 59
984 831 15
984 134 63
984 930 47
984 327 86
984 690 66
984 1001 75
984 973 24
1126 1360 23
1126 1249 87
1126 350 41
1126 114 19
1126 1263 80
1126 101 99
1126 867 24
1126 600 3
1126 428 52
1126 492 87
1126 409 19
1360 1011 24
1360 790 45
1360 1181 5
1360 221 5
1360 1160 75
1360 1335 95
1360 1276 74
839 473 40
839 399 28
839 1124 89
839 423 99
839 975 85
473 642 35
473 1183 97
473 63 17
473 761 88
473 1347 96
473 382 27
473 498 87
473 694 87
473 1003 9
473 1169 98
467 816 81
467 716 96
467 35 32
467 1010 86
467 1034 41
467 832 2
467 931 47
467 1342 49
467 56 58
467 1323 41
816 490 96
816 496 19
816 180 23
132 1131 11
132 1311 4
132 781 31
132 430 5
132 464 31
132 998 87
132 1043 51
132 175 66
132 123 26
132 726 95
132 380 89
1131 142 96
1131 756 26
1131 995 23
585 489 75
585 1030 44
585 1058 48
585 1253 14
585 139 47
585 516 15
489 828 58
489 1264 44
489 1027 72
489 792 55
489 845 47
124 866 35
124 280 63
124 1001 17
124 500 66
866 533 53
866 1010 29
866 373 98
866 1108 60
752 1316 80
752 400 33
752 989 4
752 59 88
752 1145 26
752 1326 26
752 1106 55
752 1336 58
752 1185 66
752 743 55
1316 1299 25
1316 324 25
1316 1268 25
1316 490 39
1316 30 74
1316 877 9
120 1312 32
120 326 55
120 1207 39
120 1314 62
120 541 37
1312 42 22
1312 668 89
1312 1163 92
1312 314 36
1312 1217 27
1312 679 10
1312 584 1
1312 211 17
1312 739 86
92 735 53
92 1169 44
92 1205 52
92 528 56
92 55 54
92 722 64
92 1183 32
735 108 11
735 1295 11
735 848 73
735 786 49
735 133 52
1311 393 86
1311 29 57
1311 838 92
1361 960 90
1361 1343 3
1361 1066 73
1361 1106 27
1361 77 81
1361 957 73
1361 332 2
1361 198 41
1361 973 41
1361 268 85
960 547 76
960 596 71
960 307 32
960 472 86
960 1260 19
960 288 75
960 540 8
960 514 95
960 973 17
960 1059 47
960 1340 22
960 1049 94
960 1354 57
1172 11 28
1172 304 87
1172 893 76
1172 171 65
1172 522 31
11 330 76
11 269 92
11 368 57
11 45 57
11 1021 81
11 420 28
640 1207 2
640 133 70
640 1337 69
640 732 33
640 1133 63
1207 904 93
1207 167 77
1207 1331 38
1207 1338 48
1207 720 15
1207 307 69
990 974 96
990 759 95
990 835 12
990 777 6
974 1137 34
974 367 56
974 384 43
974 450 44
974 888 53
974 856 35
974 1313 25
974 130 24
974 239 59
88 1327 79
88 678 30
88 472 4
88 750 13
88 101 5
88 376 98
1327 936 4
1327 171 16
1327 1279 32
1327 1052 93
1327 689 24
1327 1086 90
580 454 52
580 368 39
580 79 59
580 1153 33
580 642 5
580 424 22
580 134 17
454 372 81
454 1259 78
454 269 65
454 443 56
454 1010 28
454 955 9
1179 1269 45
1179 699 12
1179 1013 25
1179 1206 77
1179 857 93
1179 314 92
1269 607 94
1269 1241 51
1269 686 87
1269 1093 53
1269 952 60
1269 231 96
1269 593 89
1269 1358 27
1269 206 86
1269 82 3
1269 881 26
1269 893 43
700 487 46
700 407 50
700 336 68
700 311 57
700 1049 65
700 484 27
700 111 52
700 863 11
700 1107 90
487 323 29
487 738 49
487 519 35
487 861 86
487 828 97
487 1173 100
487 750 58
179 100 5
179 128 35
179 1072 40
179 1143 62
179 1173 69
179 1188 44
179 1099 75
100 177 85
100 1324 86
100 163 67
100 451 42
1111 746 23
1111 561 88
1111 610 52
746 632 37
746 172 42
746 1276 4
746 782 21
746 1307 44
746 946 22
746 880 61
746 635 14
746 747 69
1199 508 48
1199 491 55
1199 865 8
1199 782 68
1199 645 19
1199 733 15
1199 1134 37
508 199 85
508 94 33
508 510 95
508 420 6
508 1091 54
508 64 47
330 445 52
330 2 51
330 1295 71
330 748 64
330 845 77
445 1259 62
445 74 51
445 1341 95
445 919 11
445 342 84
445 732 64
1070 8 34
1070 1251 82
1070 861 5
1070 1115 92
1070 1329 91
1070 1208 27
1070 1345 60
1070 218 49
1070 1103 73
8 1202 24
8 321 72
8 1313 2
8 568 63
8 967 35
8 221 96
8 1304 58
8 262 23
491 25 30
491 510 20
491 425 20
491 1347 30
491 351 15
25 1139 96
25 93 24
25 144 45
25 350 66
25 527 57
247 329 58
247 1155 29
247 922 75
247 545 73
247 99 22
247 527 100
247 161 64
247 720 82
247 572 83
247 833 85
247 574 28
329 645 9
329 272 76
329 855 7
329 556 2
329 1067 37
329 1215 62
329 562 71
471 1049 11
471 1249 80
471 1263 18
471 1090 86
471 451 68
471 704 13
471 48 79
471 118 19
471 39 17
471 745 62
471 270 54
471 552 49
471 1208 8
471 717 40
471 142 99
471 696 91
471 616 98
1049 43 98
1049 955 38
1049 950 59
427 529 67
427 570 46
427 1296 26
427 852 95
427 894 17
427 9 49
427 1106 25
529 1300 11
529 439 22
529 1289 98
1348 673 29
1348 1188 33
1348 312 37
1348 40 18
1348 555 17
1348 438 25
1348 246 7
1348 1104 98
1348 1218 73
1348 1020 18
1348 479 41
1348 376 22
673 723 65
673 216 19
673 198 43
673 245 14
912 436 1
912 688 2
912 386 35
912 1143 57
436 988 76
436 352 68
436 1022 23
436 534 77
436 126 77
436 81 43
436 1123 81
1056 917 55
1056 925 91
1056 1282 40
1056 253 48
1056 850 66
1056 78 80
1056 1036 27
1056 948 2
1056 1218 17
917 1128 96
917 873 14
917 223 62
917 1257 38
917 192 49
917 506 32
917 334 40
917 175 52
917 1303 38
1008 201 55
1008 169 96
1008 1018 16
1008 639 59
1008 1197 17
1008 429 53
201 578 34
201 69 76
201 230 81
201 164 8
201 1309 92
201 17 26
201 1203 7
201 806 97
201 581 71
1148 573 30
1148 279 7
1148 23 9
1148 440 76
1148 1150 71
1148 155 52
1148 732 35
1148 1330 29
1148 331 58
1148 91 22
1148 63 81
573 108 24
573 375 47
573 988 8
924 457 66
924 1262 12
924 48 47
924 403 92
924 796 74
924 890 23
924 928 6
924 686 78
924 731 96
457 417 6
457 1302 73
457 408 38
457 844 4
457 791 45
457 1347 55
1 702 82
1 111 40
1 607 47
1 1214 69
1 115 67
1 1025 70
1 387 83
1 848 58
1 89 5
1 694 74
1 838 42
1 411 3
702 376 21
702 157 14
702 1263 44
702 30 93
702 419 77
702 1289 33
702 1076 44
1139 34 58
1139 1196 28
1139 769 13
1139 72 32
1139 84 2
1139 260 36
1139 243 92
46 1075 78
46 1267 100
46 1210 93
46 1236 51
1075 418 90
1075 246 23
1075 73 62
1075 58 41
1075 1208 20
1075 805 45
1075 814 22
1075 175 58
1075 1279 71
1075 668 78
1075 218 6
5 849 28
5 204 85
5 1043 31
5 944 78
5 1278 70
5 531 79
849 515 54
849 801 85
849 674 34
849 322 77
849 964 27
849 1354 65
849 397 71
849 1120 67
849 116 5
716 969 24
716 1235 82
716 318 51
716 933 74
716 666 76
716 82 66
716 1096 15
716 500 72
716 291 56
716 796 45
716 1066 80
969 704 73
969 1303 84
607 1190 17
607 652 29
607 545 49
607 156 72
607 812 31
607 803 86
607 347 93
607 160 25
607 1101 51
607 185 30
607 1310 49
607 1307 11
607 818 52
1068 410 95
1068 45 92
1068 31 31
1068 298 14
1068 1159 20
1068 462 85
1068 43 26
1068 1249 33
1068 789 28
384 440 24
384 509 8
384 48 43
384 119 97
440 482 95
440 496 60
368 66 74
368 527 55
368 339 89
66 1163 14
66 888 77
66 112 16
66 994 46
66 1336 84
66 22 44
66 1187 35
4 950 46
4 167 99
4 81 62
4 997 79
4 635 34
4 1060 54
4 951 76
950 31 88
950 705 49
950 554 6
950 1169 98
950 1346 93
950 80 14
950 995 45
950 621 14
950 1055 1
408 623 41
408 1029 86
408 78 9
408 1238 95
408 154 76
408 617 22
623 1310 9
623 483 39
623 1013 14
623 540 23
623 49 76
623 1283 60
86 671 4
86 1157 76
86 533 78
86 698 39
86 788 84
86 1200 58
86 1005 74
86 495 24
86 843 32
86 1176 81
671 713 36
671 664 41
671 754 60
671 133 43
671 1347 18
248 526 28
248 1216 100
248 94 59
248 1289 43
248 311 14
248 553 99
248 892 14
248 1194 40
526 729 36
526 150 91
526 1092 89
526 1265 85
526 96 12
526 2 99
526 325 29
526 901 25
1330 1350 3
1330 75 66
1330 1005 62
1330 649 89
1330 199 66
1350 874 42
1350 995 54
1350 707 43
1350 36 77
1350 110 42
276 1271 75
276 532 76
276 1094 17
276 1262 3
276 1079 1
276 586 100
276 998 79
276 396 72
743 307 100
743 1019 51
743 905 87
743 446 11
743 896 67
743 127 15
743 382 69
743 579 65
307 1292 30
307 1120 57
307 559 21
307 736 11
1344 617 71
1344 773 96
1344 1127 5
1344 951 33
1344 978 79
1344 892 38
1344 1208 98
1344 413 9
1344 299 33
1344 672 99
1344 43 84
1344 1013 37
1344 1035 13
617 1023 63
617 934 100
617 1281 70
617 767 17
617 164 19
617 915 78
617 609 83
1208 530 54
1208 853 46
1208 360 44
1208 1027 18
1208 830 50
1208 108 8
1208 257 14
1208 400 83
530 64 51
530 376 19
530 1307 60
530 451 8
530 638 84
530 89 26
530 1138 39
530 1216 47
530 846 77
530 698 11
501 982 23
501 872 56
501 906 54
501 524 88
501 498 91
501 463 23
501 443 7
501 38 71
501 694 50
501 152 11
501 75 73
501 1039 2
982 256 100
982 771 47
982 1219 100
982 1252 82
982 730 26
982 379 2
905 347 75
905 968 25
905 290 97
905 892 49
905 571 3
905 579 65
905 1024 77
905 234 72
905 750 50
905 1236 4
347 1195 37
347 1114 58
347 1321 26
347 690 94
300 311 84
300 1154 12
300 1105 94
300 1021 48
311 1123 74
311 357 49
311 375 17
311 383 47
311 791 25
903 761 10
903 544 70
903 670 63
903 758 28
903 561 76
903 1121 84
903 690 85
903 127 18
903 1083 42
761 30 12
761 1245 9
761 1115 66
761 736 96
761 381 53
761 935 70
761 499 73
761 997 80
761 162 58
761 1278 1
679 730 88
679 1091 34
679 579 48
679 1040 10
679 994 97
730 453 94
730 1087 49
730 804 90
730 376 24
730 1028 34
1019 983 46
1019 437 59
1019 299 26
1019 510 82
983 514 42
983 1067 100
983 706 26
983 416 24
983 55 67
983 1147 19
983 245 48
983 739 100
983 952 51
514 470 31
514 852 92
514 292 88
514 484 55
800 951 26
800 10 27
800 80 61
800 257 26
800 360 100
800 217 97
951 695 14
951 243 47
951 51 65
951 676 25
951 1033 40
951 693 97
951 1140 59
786 451 67
786 835 97
786 1015 54
786 198 15
786 876 43
786 659 97
786 420 70
786 215 71
786 1315 60
451 1094 38
451 372 68
451 228 40
451 264 55
451 626 70
451 1191 15
825 1042 33
825 796 78
825 1271 38
825 283 29
825 304 48
825 1080 59
1042 873 28
1042 437 25
1042 1035 81
1042 354 23
1042 1147 34
1042 156 4
21 1260 41
21 206 55
21 12 33
21 187 86
21 333 75
21 1079 6
21 1186 74
21 872 93
21 844 98
1260 1203 37
1260 864 65
1260 260 69
1260 1270 52
1260 625 89
1260 225 94
1260 762 29
438 1243 34
438 993 43
438 1025 51
438 373 96
262 449 15
262 774 95
262 246 99
262 1001 69
262 140 38
262 698 64
262 758 63
262 789 8
262 112 34
262 89 18
1235 246 4
1235 36 11
1167 1295 49
1167 55 10
1167 474 9
1167 1334 88
1167 851 32
1167 628 66
1167 863 14
1167 992 88
1167 26 39
1167 15 80
1295 29 61
1295 900 66
1295 293 67
1295 349 23
1295 1326 6
1295 766 50
1288 837 34
1288 341 19
1288 380 10
1288 699 47
837 879 69
837 1336 57
837 819 56
837 1331 8
837 785 70
31 517 93
31 177 95
31 356 53
31 1256 43
31 334 11
215 1305 10
215 725 7
215 213 35
215 856 79
215 135 21
215 870 62
215 834 64
215 337 6
215 928 27
215 546 45
215 231 46
1305 314 46
1305 449 5
1305 182 76
1305 1053 73
1305 192 76
1305 145 41
1305 1137 62
1110 28 65
1110 1333 50
1110 690 61
1110 577 70
1110 1006 84
1110 343 77
1110 195 48
1110 155 17
342 138 59
342 902 47
342 78 33
342 470 2
342 932 65
342 1117 90
138 572 53
138 867 96
138 1198 62
138 826 25
138 412 37
138 19 96
138 506 34
1002 1072 31
1002 337 20
1002 1035 96
1002 957 26
1002 926 47
1002 363 53
1072 207 1
1072 399 40
1072 209 31
1072 41 41
1072 10 96
1072 102 83
941 375 92
941 630 98
941 152 9
941 74 98
375 1303 86
375 1147 45
375 36 42
375 1349 69
535 989 28
535 506 53
535 413 36
535 948 35
535 301 80
535 940 43
989 222 59
989 1354 26
989 214 69
989 993 46
989 705 38
989 231 32
513 1030 26
513 521 40
513 45 38
513 1270 68
513 804 24
513 1177 1
513 803 41
1030 316 34
1030 28 87
1030 281 10
1030 314 77
1030 795 28
1030 1173 53
1030 518 70
1094 225 85
1094 480 54
1094 809 99
1094 930 18
1094 632 46
1094 804 24
1094 593 43
1094 267 6
1094 1177 15
225 145 45
225 919 84
225 1346 14
225 43 1
225 331 99
225 851 9
1349 204 96
1349 122 45
1349 155 96
1349 1334 31
1349 602 95
1349 592 77
1349 1267 44
1349 606 24
204 129 27
204 283 18
204 1191 8
204 1341 34
204 1065 78
204 557 91
204 39 13
204 811 82
204 715 74
204 847 43
204 416 68
204 691 59
204 128 77
521 789 95
521 922 48
521 379 12
521 296 75
521 1339 76
521 904 15
521 42 51
521 1150 87
521 1237 99
521 829 92
789 321 96
789 758 57
789 753 34
789 450 67
789 869 5
986 727 1
986 194 14
986 902 21
986 515 66
1346 754 35
1346 114 35
1346 652 55
1346 485 2
754 1193 76
754 577 14
754 326 67
754 1140 1
327 486 34
327 1074 99
327 379 29
327 896 1
327 902 6
327 1010 35
327 1151 3
327 987 51
327 1144 7
327 148 26
327 1310 3
327 1324 5
486 93 99
486 178 23
486 312 26
180 699 3
180 122 53
180 240 89
180 352 40
180 954 18
180 1247 32
180 756 14
699 845 66
699 909 56
699 194 23
699 389 93
93 283 85
93 499 54
93 1123 100
93 527 39
93 1250 77
93 1061 44
407 958 68
407 1041 52
407 324 27
113 361 85
113 253 56
113 1337 75
113 1319 62
113 818 55
1029 1249 49
1029 318 24
1029 485 68
1029 663 59
599 1183 37
599 703 57
599 182 28
599 1151 67
599 412 7
599 341 56
599 82 48
599 1342 34
599 1333 26
1183 768 16
1183 1020 73
1183 755 87
1183 740 1
90 1099 77
90 1241 71
90 927 20
90 178 8
90 548 7
90 348 7
1099 634 79
1099 741 32
1328 1307 58
1328 334 13
1328 557 42
1328 970 4
1328 114 61
1328 668 53
1328 312 77
1328 1193 4
1307 668 18
1307 904 76
1307 463 24
1307 594 16
1307 606 57
1307 1026 84
1307 1038 91
533 920 81
533 1140 97
533 698 63
533 1321 84
533 69 70
533 1270 67
533 681 13
533 1178 58
920 1347 38
920 762 32
920 264 18
920 1086 90
301 1220 6
301 835 26
301 411 49
301 739 85
301 286 92
301 51 93
301 285 56
301 693 51
1220 1218 43
1220 290 86
1220 71 25
1220 1227 6
1220 1197 17
719 1121 43
719 883 81
719 112 34
719 119 52
1121 57 19
1121 1062 38
1121 649 4
1121 118 69
1121 1242 87
655 725 34
655 1280 58
655 733 100
655 650 9
655 399 33
655 51 74
655 1325 34
655 770 71
655 12 79
725 1320 67
725 565 19
458 980 1
458 1130 64
458 1270 95
458 114 62
458 531 2
458 675 2
458 534 26
980 647 89
980 712 99
980 1054 73
980 1283 75
980 779 44
980 714 88
980 1159 74
980 446 54
122 523 30
122 236 88
122 708 13
122 1026 41
122 187 71
122 337 51
122 810 33
122 602 35
122 1193 20
122 763 48
523 736 32
523 586 71
523 270 99
523 956 55
523 832 23
70 463 33
70 38 25
70 386 19
70 1267 20
70 1092 11
70 1047 55
70 840 81
70 60 82
70 957 53
463 484 99
463 1067 66
463 707 21
463 1229 85
463 833 17
463 1336 10
463 127 49
463 249 57
463 595 65
463 610 22
336 484 51
336 1262 64
336 827 7
336 971 27
336 1095 60
336 1083 21
336 29 50
336 759 53
336 902 18
703 561 25
703 205 94
703 611 48
703 388 9
703 1352 54
703 732 34
561 553 29
561 773 60
561 1334 86
561 1104 21
753 1112 31
753 1137 71
753 363 18
753 232 43
753 358 78
745 1357 62
745 900 1
745 952 64
745 1253 1
745 841 46
1357 1163 51
1357 1011 28
1357 864 17
1357 461 18
44 711 87
44 757 40
44 238 53
44 588 68
44 291 65
44 1329 2
711 1054 98
711 231 24
711 748 9
728 710 99
728 116 59
728 483 60
728 843 73
728 1197 20
291 443 42
291 1251 28
291 1196 2
291 211 6
291 995 82
291 545 8
291 288 79
291 231 95
443 273 96
443 96 21
443 135 71
443 1276 86
1106 1177 55
1106 1187 84
1106 1259 17
1106 30 49
1106 367 76
1106 178 96
1177 1341 46
1177 586 47
1177 1152 71
1177 385 100
1177 239 76
1177 780 38
1177 221 57
417 524 64
417 111 6
417 185 31
417 412 2
417 603 16
417 726 31
524 1282 96
524 937 50
524 456 96
524 1024 53
524 357 86
524 1270 42
919 112 96
919 1090 62
919 114 57
919 851 7
919 1004 72
919 978 30
919 1322 87
919 1255 67
112 1225 100
112 14 39
112 957 94
112 286 58
112 968 95
112 19 52
112 1197 97
87 126 70
87 1001 75
87 968 55
126 1228 32
126 722 52
126 423 64
126 884 48
126 1097 68
126 1317 25
126 624 54
1074 637 99
1074 738 63
1074 686 62
1074 1211 49
1074 634 67
1074 913 86
1074 869 22
1074 788 6
1074 1100 80
1074 1184 57
756 506 51
756 1322 98
756 877 63
756 148 28
756 292 96
756 1293 3
506 1041 39
506 161 6
506 967 92
506 895 68
506 952 18
506 915 9
547 1005 82
547 1197 67
547 516 80
635 256 37
635 593 57
635 731 85
635 216 65
635 315 44
635 379 67
635 357 43
635 229 55
256 889 51
256 543 54
256 710 98
256 439 63
256 819 1
256 605 85
241 266 74
241 1084 65
241 550 84
241 494 16
241 183 94
241 395 81
241 637 99
266 1089 7
266 714 31
266 829 91
266 434 93
266 239 81
266 29 20
266 1012 9
266 639 29
266 405 9
266 258 71
922 717 19
922 889 92
922 944 31
922 1091 95
922 1163 41
511 518 86
511 1132 75
511 884 25
511 759 49
511 137 58
511 522 39
511 170 89
518 1151 59
518 133 91
518 1310 50
518 636 87
518 1354 40
518 939 55
518 1076 70
206 1084 14
206 456 36
206 818 80
206 649 60
206 29 12
962 1058 93
962 1140 89
962 618 16
1058 520 7
1058 2 96
1058 290 38
1058 838 55
1058 450 65
1058 1146 93
1058 755 11
614 1256 51
614 29 100
614 178 99
614 634 93
614 255 40
614 1192 23
614 1096 59
614 1338 75
614 214 27
614 1336 78
614 1011 5
614 973 95
332 571 59
332 50 83
332 1270 72
332 1060 11
332 265 14
332 1218 55
332 549 90
332 352 8
332 361 18
332 796 87
332 1333 69
332 832 90
332 637 40
571 1115 71
571 318 85
571 271 66
571 338 41
571 1014 100
571 985 75
571 145 86
571 540 18
571 822 84
551 1000 46
551 354 19
551 193 58
551 1278 80
551 121 53
1000 366 39
1000 1294 33
1000 803 18
1000 297 73
1263 801 6
1263 887 91
1263 615 93
1263 444 65
801 709 75
801 1309 70
801 1205 57
801 150 78
801 696 22
801 890 48
42 269 94
42 462 73
42 997 3
709 96 60
709 901 51
709 845 14
709 862 42
709 1219 9
709 1088 31
709 388 46
709 1347 37
709 494 25
709 973 91
709 1275 35
96 852 3
96 187 65
96 540 81
96 892 92
96 1004 45
96 1120 15
96 151 77
96 188 47
354 814 12
354 1087 27
354 155 77
354 621 82
354 424 72
354 343 67
814 1253 89
814 522 34
814 1276 5
814 495 97
814 869 3
814 930 71
814 167 29
269 975 49
269 512 5
269 1109 87
269 69 98
269 435 58
243 358 93
243 1109 66
358 218 74
358 1309 7
358 145 53
358 963 47
358 595 95
358 480 22
1133 949 17
1133 449 8
1133 830 60
1133 967 33
949 94 49
949 1271 16
949 65 21
949 182 4
949 638 100
949 802 12
183 957 95
183 550 24
183 303 99
183 249 63
183 625 2
183 1341 51
183 998 94
957 128 48
957 1246 5
957 1271 5
957 1283 78
863 1339 66
863 1041 94
863 1298 42
1339 430 1
610 392 66
610 78 71
610 539 14
610 1151 66
610 1045 99
392 177 79
392 259 97
392 389 28
593 200 22
593 550 55
593 1282 42
757 393 39
757 316 28
757 527 5
757 468 40
111 832 25
111 178 11
111 1039 94
111 846 17
111 1014 58
111 305 38
111 1262 44
111 519 22
111 224 19
111 296 15
111 1013 62
111 12 35
832 1252 22
832 321 19
832 572 28
832 1123 48
1249 69 9
644 779 4
644 874 11
644 686 43
644 1157 9
644 1134 88
644 758 29
644 847 39
644 672 85
779 57 80
779 947 70
779 1234 34
817 423 27
817 10 46
817 1273 35
817 1355 25
632 559 24
632 1143 88
632 553 94
632 876 12
632 835 38
154 1209 74
154 222 13
154 53 21
154 351 4
154 1102 23
154 766 82
154 538 98
154 118 99
154 39 17
154 559 47
1209 263 70
1209 1007 70
1209 628 2
1209 649 47
1209 264 63
895 234 30
895 563 2
895 55 54
895 904 51
895 1134 41
895 1093 63
895 333 36
895 1318 46
234 1218 46
234 286 88
234 78 92
831 373 27
831 319 42
831 89 98
831 55 32
831 401 32
831 626 59
831 178 76
831 906 13
831 844 51
373 857 62
373 959 96
373 1299 45
373 121 88
373 690 55
373 1256 51
373 968 96
1248 24 100
1248 812 82
1248 936 53
1248 404 15
1248 164 71
1248 49 33
24 420 53
24 861 51
24 893 82
24 450 35
24 627 5
449 26 89
449 1156 59
449 378 65
449 606 15
773 1214 74
773 39 38
773 964 8
773 1174 95
1214 363 54
1214 747 19
853 1184 72
853 584 33
853 181 53
853 646 19
853 1340 53
853 249 28
1184 1232 31
1184 1141 34
1184 810 72
1184 444 19
1151 748 64
1151 191 5
1151 356 62
1151 877 48
1151 1292 19
958 91 55
958 845 90
958 774 88
958 992 87
958 214 64
958 7 24
958 182 91
1132 198 79
1132 654 44
1132 1256 26
1132 1012 80
1132 317 82
1132 633 1
914 1304 9
914 6 45
914 1324 92
914 748 68
914 916 51
914 219 90
914 51 49
971 1302 79
971 350 99
971 1229 91
1302 483 55
1302 1169 26
1302 721 6
1302 84 96
1302 474 27
1302 1299 12
1302 611 79
218 488 51
218 1202 47
218 938 8
218 1341 11
218 602 19
289 499 93
289 1080 66
289 282 64
289 909 27
289 261 20
289 846 62
289 157 83
499 1176 63
499 1092 37
238 946 62
238 1257 44
50 1173 18
50 104 25
50 1333 41
50 468 50
50 1143 63
1173 1080 1
1173 510 100
1173 136 29
1173 41 19
1173 1347 78
1173 1092 97
199 918 11
91 1025 25
91 1059 13
91 1252 62
91 811 100
425 785 33
425 694 73
425 1079 1
425 367 93
425 81 82
785 1164 76
785 260 32
785 1038 40
785 894 2
785 1278 10
26 1171 78
26 886 98
26 1217 11
26 636 22
26 424 62
26 1076 95
1171 550 8
1171 153 95
2 313 83
2 1143 33
2 1241 7
2 733 100
2 446 16
2 600 80
2 874 63
313 1152 22
313 563 5
313 1023 57
313 1333 100
313 364 77
313 404 59
768 260 56
768 852 34
768 406 96
768 359 61
768 1196 1
768 857 69
260 1113 10
260 212 8
260 51 79
260 84 65
260 43 75
260 589 71
337 559 39
337 829 76
337 566 23
337 803 1
337 589 83
337 97 93
337 1107 22
337 867 87
337 1117 1
337 62 9
759 500 26
759 244 76
500 793 46
500 142 51
500 576 63
500 1006 4
222 12 78
222 740 40
222 596 2
222 1279 52
222 84 45
222 873 69
222 642 41
222 1314 48
1273 74 8
1273 1067 73
1273 755 63
1273 586 86
1273 99 38
1273 82 14
1273 981 64
1273 996 29
1273 192 2
1273 734 32
1273 566 53
74 669 93
74 1318 71
74 1234 89
74 625 10
74 1216 59
74 665 4
74 466 22
74 540 20
74 343 8
1325 1279 58
1325 1352 68
1325 1038 68
1325 696 79
1279 881 70
1279 890 55
705 1026 60
705 1222 17
705 688 89
705 1195 54
705 1149 51
705 1347 32
705 254 55
1026 1233 1
1026 424 75
1026 211 48
1026 1195 11
1026 739 10
1026 1077 43
1026 654 95
1026 36 15
1026 1054 2
1026 157 34
1026 886 63
647 22 88
647 60 99
647 272 10
647 1021 64
647 979 66
246 928 54
246 348 29
246 1154 78
246 1240 77
246 229 59
246 128 82
246 668 72
928 182 95
928 600 94
928 115 19
928 1089 26
549 453 100
549 1222 8
549 1334 48
549 834 51
549 288 37
549 994 16
453 372 22
453 435 7
453 431 35
453 1268 19
453 1088 23
453 79 37
453 848 40
762 520 65
762 364 71
762 876 82
762 258 45
762 669 96
762 694 20
762 1120 16
762 1268 60
762 877 19
762 799 35
762 881 57
762 462 84
762 603 36
520 704 28
520 516 4
520 1331 58
520 731 12
520 207 18
520 841 66
520 1187 59
520 398 53
520 284 7
316 36 51
316 792 37
316 485 46
316 590 16
316 855 10
316 1018 47
804 955 59
804 465 21
804 908 66
804 827 74
804 1188 35
804 264 56
804 810 4
955 838 27
955 1304 16
955 1300 59
592 161 79
592 288 43
592 1358 75
592 292 33
592 741 37
592 707 32
161 636 14
161 1234 85
161 1324 24
161 395 56
161 539 20
798 306 40
798 1322 4
798 259 15
798 1289 73
798 469 5
306 1047 63
306 65 95
306 503 94
306 1332 28
306 1011 62
306 79 57
1023 692 60
1023 1022 35
1023 104 94
1023 48 77
1023 105 99
1023 834 69
145 826 55
145 1128 73
145 296 42
145 1119 83
145 498 73
145 254 76
145 968 6
968 250 22
968 937 87
968 288 43
968 178 12
932 598 81
932 424 78
932 781 32
932 1333 65
932 98 2
932 704 86
598 495 75
598 582 80
598 802 32
598 686 80
598 319 98
598 1161 65
598 349 49
598 672 87
598 231 69
598 509 36
925 1031 94
925 142 17
925 493 23
925 1118 56
925 714 4
1089 631 86
1089 32 16
1089 363 63
1089 442 86
1089 181 90
631 117 16
631 556 16
631 405 67
1275 638 98
1275 846 98
1275 16 73
1275 452 72
1275 1150 22
638 539 60
638 255 11
638 195 33
638 954 60
638 755 73
346 874 76
346 648 66
346 385 66
346 1271 23
346 1287 87
874 758 55
874 292 75
874 366 34
874 1044 83
874 659 33
874 344 15
874 1204 84
639 1329 42
639 413 16
1329 572 89
1329 1169 31
1329 350 86
1329 497 39
852 1150 39
852 488 92
852 377 57
852 73 61
852 815 61
852 58 90
558 317 39
558 536 29
558 1090 62
317 1265 86
317 265 75
317 466 79
1087 493 50
1087 720 82
1087 165 7
493 3 35
493 965 34
493 411 29
1149 894 47
1149 726 35
1149 698 39
1149 879 19
1149 464 83
894 1117 87
894 242 10
1150 1012 18
1150 36 82
1150 456 93
447 287 5
447 419 38
447 387 75
447 1306 36
447 1343 28
447 1237 21
447 1230 83
287 190 29
287 1264 24
287 651 11
287 456 82
27 1096 71
27 954 97
27 899 26
27 326 75
27 1065 72
1096 927 14
1096 1071 92
1096 1043 49
1096 847 78
1096 890 96
484 472 99
484 85 86
484 630 50
484 684 36
484 624 100
1193 377 51
1193 498 100
1193 613 77
1193 41 74
1193 1230 29
53 579 23
53 302 90
53 877 49
726 791 31
726 1065 38
726 770 61
954 749 90
954 290 76
954 1176 36
954 591 97
954 851 8
954 1282 52
954 664 59
954 1152 97
954 226 17
749 1353 31
749 6 13
94 1062 51
94 1045 6
94 39 37
94 991 83
94 1245 7
651 1258 28
651 1267 21
651 880 50
651 979 91
651 578 77
651 304 63
651 191 45
651 19 55
651 259 65
651 911 26
651 841 44
651 118 63
1258 901 15
1258 195 93
1258 14 42
401 748 20
401 383 38
401 1291 75
401 168 43
401 1225 54
401 1160 45
401 697 39
401 220 93
401 824 34
401 1241 12
748 829 21
748 285 59
1054 1203 68
1054 723 29
1054 18 74
1054 444 11
1054 1192 97
386 1241 73
386 297 62
386 176 89
386 900 53
386 835 92
386 858 75
386 319 93
386 656 48
386 936 10
386 59 12
1241 890 29
1241 1246 9
1241 1215 72
188 650 47
188 399 93
188 1313 9
188 1257 41
188 600 8
188 480 18
188 1351 95
188 1154 26
650 1047 2
650 52 96
650 691 26
650 28 50
650 1101 88
650 1005 60
650 576 25
452 153 5
452 103 93
452 628 45
452 242 26
153 165 60
153 991 56
153 996 68
1041 1230 21
1041 279 87
1041 603 34
1041 310 10
1041 1129 70
1041 706 68
1041 1254 25
1041 566 90
860 1262 72
860 139 74
860 682 18
860 151 50
860 189 9
860 1166 26
860 704 44
1262 1154 47
1262 1229 77
1262 1281 75
1262 212 87
1262 1001 77
1262 299 69
207 1280 50
207 737 97
207 182 91
207 221 31
207 1265 93
207 305 70
207 528 94
207 896 5
1280 48 29
1280 840 46
1280 733 83
1280 419 19
1280 479 63
1280 556 10
48 737 81
48 482 44
48 574 52
48 669 24
48 78 83
48 948 76
48 34 52
48 722 86
737 172 49
729 168 40
729 568 87
729 1153 6
729 678 53
729 555 38
323 432 93
323 429 81
323 352 14
323 987 72
323 341 54
323 916 65
323 1300 74
323 217 15
432 437 78
432 997 23
432 1191 92
432 544 48
432 1266 13
432 127 78
432 985 96
826 858 99
826 541 14
826 522 61
826 889 56
319 765 53
319 645 27
319 590 78
613 193 85
613 823 14
613 1016 86
613 1003 35
613 872 39
613 721 48
193 1038 12
193 1202 53
193 235 8
193 1176 30
193 377 59
193 887 7
1337 1060 7
1337 787 3
1337 830 79
1337 938 13
1337 908 75
1337 1130 84
1337 397 8
1337 624 20
1337 755 94
1337 119 26
1337 1083 57
1337 532 28
1337 867 56
1060 916 84
1060 391 42
1060 363 71
1060 1254 33
704 1027 33
704 348 64
704 244 17
704 681 26
902 1092 18
902 157 70
902 604 23
902 733 42
902 1217 66
1092 361 34
1013 361 38
1013 1129 27
1013 1256 77
889 1174 85
889 911 48
889 938 53
889 1351 28
889 910 36
889 641 43
106 464 63
106 377 90
106 43 4
106 258 32
106 265 84
106 565 30
464 416 88
464 542 47
1034 483 81
1034 594 81
483 931 38
483 668 26
483 1036 46
483 590 41
483 133 89
483 1287 91
483 1211 15
483 602 86
1047 210 91
1047 822 1
1251 763 89
1251 181 81
1251 807 87
1251 676 42
1251 947 95
1188 133 78
1188 1134 96
1188 137 42
1188 98 10
1067 424 75
1067 72 94
1067 1332 13
1067 722 29
1067 913 64
1067 1321 16
1067 285 1
544 252 65
544 75 46
544 964 55
544 1297 88
544 168 23
252 233 64
229 135 79
229 1320 75
229 3 8
229 574 64
135 1221 67
135 1314 35
135 880 14
872 1086 63
872 45 55
872 1331 88
872 129 95
872 995 31
872 52 86
872 1028 50
872 692 82
872 189 95
283 1265 27
283 236 37
283 377 63
1160 479 32
1160 397 46
479 284 91
479 413 59
479 271 51
479 475 90
479 869 39
479 1189 90
479 901 88
192 1039 73
192 829 48
192 310 28
192 795 20
192 578 81
192 621 65
192 40 40
1039 565 28
1039 747 20
1039 230 67
1039 909 76
548 305 95
548 171 52
548 781 68
548 1120 91
548 626 69
548 1145 20
305 1108 87
305 821 60
1159 937 96
1159 353 60
1159 125 99
1159 268 91
937 430 84
937 588 63
937 944 53
1155 1057 98
1155 1318 41
297 1040 77
297 795 9
578 121 25
578 527 62
578 1062 100
578 1105 26
17 896 82
17 214 51
17 226 59
17 708 91
17 104 44
17 838 95
17 1351 71
17 835 77
17 1103 81
896 893 72
896 1250 75
391 380 39
391 159 74
391 41 85
391 621 94
391 780 53
380 164 59
380 1162 95
380 257 3
410 318 41
410 1233 24
410 589 11
213 1134 14
213 579 23
213 7 88
213 1236 68
213 1162 75
1134 205 95
1134 65 95
1134 1129 67
1134 931 39
870 1323 72
870 781 35
870 1021 18
870 1076 97
870 398 64
870 148 40
870 629 55
870 1204 95
870 739 58
870 861 19
1323 621 84
1323 1259 71
78 163 77
78 943 80
875 911 78
875 576 63
875 97 3
875 172 1
875 1161 88
875 507 96
911 62 93
911 57 44
911 648 30
911 219 63
911 6 39
911 267 9
833 164 17
833 357 79
833 656 14
833 799 29
833 1119 79
164 740 45
164 1345 11
164 1230 75
164 781 38
164 1137 13
164 1282 58
641 1032 54
641 187 63
641 369 49
641 861 59
641 510 23
1032 1169 56
1032 948 29
1032 818 49
1032 787 75
1032 278 87
1032 177 50
1282 1169 45
1282 674 74
1282 534 3
1105 1084 7
1105 1097 48
1105 751 81
1105 308 40
1084 1057 23
1084 948 98
152 1053 61
152 967 10
152 496 43
528 383 94
528 605 17
528 554 100
528 137 42
528 627 77
528 935 5
383 721 72
383 1206 8
383 519 68
383 604 56
383 1066 92
652 263 91
652 101 48
652 787 60
652 151 100
652 435 5
263 883 52
263 979 1
263 325 18
263 97 19
263 142 65
133 371 96
133 496 93
133 871 52
133 385 90
133 1321 92
133 750 92
133 281 63
938 349 1
938 556 57
938 374 8
938 834 86
938 61 92
349 182 68
349 675 55
349 1165 22
349 460 92
349 361 44
349 1145 80
636 450 63
636 1217 88
636 251 13
636 1170 74
450 1063 57
963 361 12
963 1006 92
963 851 71
963 326 15
963 249 51
963 1298 56
963 840 7
963 720 90
963 251 28
963 175 53
361 1114 55
361 259 51
361 217 76
361 374 22
361 397 15
361 774 24
361 1341 70
361 223 39
361 35 85
399 118 9
399 1062 4
399 455 83
646 527 96
646 622 94
646 200 42
646 820 40
646 99 28
646 497 59
646 1027 63
292 999 71
292 121 33
292 1178 31
292 675 81
292 461 33
999 30 58
999 315 13
999 109 40
999 664 60
999 185 100
999 431 89
999 1250 27
999 242 62
999 1217 3
999 978 76
999 677 9
416 734 40
416 253 58
416 261 16
416 367 6
416 1244 20
416 939 89
416 821 37
416 696 15
734 559 10
734 608 89
734 1181 52
734 110 76
734 144 27
34 181 27
34 992 96
34 1194 36
34 582 60
34 532 59
1009 353 45
1009 900 12
1009 434 37
1009 871 42
353 412 17
353 194 10
353 1226 62
353 274 21
353 1007 24
353 1123 64
353 298 74
353 888 71
353 1210 56
1163 1130 93
1163 35 67
1163 1281 23
1163 1107 59
12 871 69
12 80 98
12 637 62
12 1236 80
12 744 24
12 596 77
12 540 74
12 1024 94
12 893 33
12 1097 83
931 979 22
931 1256 38
931 691 83
931 242 91
931 176 99
931 1012 40
668 1231 5
668 284 97
668 420 83
668 1093 83
268 163 89
268 1356 63
850 1038 56
850 290 22
850 1317 96
850 82 6
850 360 37
850 758 71
850 909 43
1038 371 23
1038 642 91
739 344 39
739 921 75
739 575 68
739 736 35
739 1185 83
344 827 60
344 155 82
344 278 77
344 689 49
621 1186 27
621 1065 24
621 376 83
621 232 25
125 722 18
125 1297 93
125 131 95
125 579 73
125 988 83
71 442 34
71 1027 49
71 1261 20
71 1315 89
71 419 72
442 175 91
442 326 37
442 147 82
1174 1196 91
1174 165 60
1174 1301 72
1174 682 18
1174 1222 89
1174 581 22
418 117 24
418 1104 97
418 975 66
418 1322 76
1265 299 17
1265 649 64
1265 562 83
1265 186 67
1265 517 23
1265 376 45
187 45 71
187 1341 47
187 1085 40
187 1202 31
187 409 51
187 62 39
187 608 58
187 115 77
45 670 4
45 581 55
45 277 35
45 108 85
45 1353 72
45 1264 23
45 128 4
1100 970 3
1100 338 38
1100 541 14
1100 159 66
970 3 81
970 167 6
970 371 38
970 403 49
970 541 96
169 878 79
169 33 62
169 1052 76
169 1187 34
169 480 22
10 19 13
10 497 31
10 877 50
10 110 84
10 708 45
10 690 58
10 618 15
1259 99 1
1259 618 77
1259 58 100
1259 281 37
774 1281 28
774 284 98
774 69 3
774 893 75
326 1022 37
326 862 60
326 202 69
1343 1170 13
1343 369 81
1218 121 79
1218 992 82
1355 575 27
575 64 80
575 1306 21
575 102 8
575 177 70
575 186 69
575 1189 68
763 887 83
763 1157 78
763 566 55
763 157 55
139 1243 34
139 596 46
139 662 11
400 490 46
400 212 89
400 223 94
400 731 89
400 18 69
400 303 20
400 259 48
400 60 39
490 742 1
490 595 36
490 130 1
490 1014 53
490 1331 22
1202 439 43
1202 75 80
1202 212 61
1202 1059 61
162 820 51
162 497 28
162 862 26
162 1196 49
308 536 40
308 117 70
308 253 28
308 1221 82
308 22 5
536 1326 67
536 1196 96
536 1161 17
536 60 56
536 1274 47
69 901 8
69 710 13
69 236 97
69 764 68
69 890 82
38 434 11
38 1187 73
38 324 53
1268 576 91
1268 472 7
1268 6 48
1268 1189 17
1268 365 60
1268 1192 3
1268 116 76
576 1104 55
576 1318 76
576 1294 97
576 965 49
576 764 8
576 405 85
576 838 18
1200 568 40
1200 97 38
1200 404 80
1200 643 26
1200 1158 92
1200 242 94
568 134 23
568 314 14
568 510 42
568 89 7
121 108 9
121 411 15
121 1321 33
121 127 85
121 697 97
420 1216 78
423 701 25
423 714 55
423 784 28
423 282 28
701 468 1
701 371 84
701 1356 3
220 72 29
220 1073 77
72 992 27
72 1342 97
515 462 32
515 250 86
515 783 99
515 851 40
515 933 7
426 257 56
426 642 85
426 429 43
426 259 83
426 365 86
426 1044 77
426 404 36
426 662 90
257 16 24
257 98 78
182 802 21
182 899 71
182 1352 7
182 85 46
182 1003 38
182 675 2
182 1113 54
802 1197 97
802 1176 51
802 1306 93
802 151 40
802 322 11
802 64 39
802 1314 1
251 901 16
251 812 33
251 934 76
251 865 54
251 1147 33
251 602 84
371 404 42
371 482 88
371 322 46
371 718 35
371 1057 35
371 1321 91
371 422 8
371 845 72
404 128 2
404 998 6
404 409 61
1196 1287 67
1196 570 30
1196 956 90
1196 1081 84
572 1153 18
572 360 42
1190 1164 2
1190 876 47
1190 131 73
1130 1197 63
1130 1230 40
1130 991 6
1130 357 10
1130 339 61
1130 966 95
1012 429 1
1012 690 78
1012 1226 88
1012 242 64
65 624 50
65 40 4
65 128 2
65 363 14
1104 758 85
1104 1242 35
284 1014 28
284 339 10
284 1198 66
284 908 83
284 198 50
22 16 94
22 534 81
22 405 20
22 1331 33
22 428 14
627 665 86
627 994 23
627 273 28
627 877 14
627 1250 43
665 41 39
348 688 81
282 144 25
282 157 86
282 1064 76
282 424 83
282 267 62
282 965 25
822 413 46
822 265 94
822 1031 95
822 1232 99
413 1158 16
413 429 91
413 351 25
413 1351 78
413 1198 88
686 973 5
686 642 77
686 381 6
686 393 99
835 202 53
835 110 1
835 562 9
835 628 46
1252 367 17
1252 1107 62
367 318 51
367 242 17
367 1015 86
367 1247 56
367 136 63
367 128 18
367 1187 13
543 878 27
543 18 1
1243 1306 19
1243 1018 6
1243 1157 89
1243 1338 46
1243 717 83
1197 104 29
1197 1195 74
1197 988 53
1197 1057 8
1197 47 20
104 1073 94
236 981 36
236 869 79
236 1229 55
236 338 44
314 1141 82
314 160 14
314 1342 30
314 934 26
314 190 63
314 393 33
1175 431 75
1175 1254 17
1175 1278 72
1175 228 14
1175 409 78
1175 1333 9
1175 333 76
1175 1283 61
1175 1332 85
431 333 10
431 150 24
431 509 100
431 1143 77
732 1313 73
732 356 16
732 80 39
1313 1318 66
1313 995 32
1313 818 12
1313 35 97
1267 783 14
1267 1085 8
1267 681 32
1267 1210 80
1267 591 27
1267 1144 73
846 1261 82
846 210 27
846 531 35
59 411 67
59 823 97
59 321 59
411 1005 71
1158 232 39
1158 887 81
75 991 100
75 19 75
75 582 92
75 913 100
75 1040 57
991 140 91
991 325 45
991 1091 52
991 1250 53
279 841 71
279 516 73
379 864 51
379 809 97
379 626 76
379 1043 69
379 1024 97
379 28 27
1001 441 79
1001 343 56
1001 694 6
1001 810 39
1001 675 34
1001 472 40
1001 1048 36
1001 771 29
441 1168 15
356 811 9
356 235 33
356 298 7
356 879 82
356 168 38
356 18 6
356 672 18
356 562 27
1270 946 95
1270 1356 31
1270 261 21
1270 629 76
1270 190 37
1270 541 78
1270 396 2
1270 393 82
596 7 81
1080 1236 10
1080 964 84
1080 738 20
178 1115 37
178 151 29
178 1358 15
290 1278 6
290 1230 86
290 160 11
290 430 7
290 36 11
577 1073 4
577 228 54
577 769 37
577 1097 23
577 1321 77
979 574 82
979 1338 73
979 517 61
979 656 56
253 595 35
253 927 28
1310 1146 33
1310 280 53
1310 382 82
1310 105 94
1310 430 71
915 1095 79
915 43 64
915 177 59
915 40 91
915 519 53
1095 869 60
1095 1266 83
1035 878 87
1035 1211 12
553 584 5
553 884 8
437 566 58
437 720 57
437 141 58
437 258 82
437 946 57
740 114 66
740 784 96
740 9 55
740 318 42
114 498 71
114 901 93
114 281 64
114 1271 77
128 1169 22
128 81 14
128 480 76
128 419 68
713 424 85
713 1109 8
713 339 4
747 1007 12
747 811 15
747 510 74
747 398 70
747 908 81
1007 1276 26
1007 41 44
1225 545 89
1225 58 73
1225 41 95
1225 1079 88
1225 1245 10
1225 682 11
1225 9 62
1225 60 28
712 977 85
712 1298 78
712 1261 64
712 239 6
886 550 96
886 944 96
886 52 14
886 170 98
886 1308 23
886 474 30
550 350 18
550 750 39
550 1006 22
550 1191 95
1152 994 62
1152 873 52
1152 366 15
1152 110 47
858 1066 46
858 792 65
858 387 80
858 1011 70
907 776 93
907 150 64
907 1354 48
907 1294 37
776 865 72
776 369 27
776 1326 57
776 254 31
609 760 65
609 1046 84
609 512 51
609 1018 50
609 51 31
609 965 39
609 1186 12
760 3 95
142 376 16
142 36 73
142 1093 17
142 940 15
142 127 29
142 541 8
142 160 97
142 190 18
376 1140 84
376 166 35
376 586 100
376 1137 4
622 1063 48
622 933 78
622 795 62
622 821 61
622 1036 58
43 63 18
43 823 63
43 1195 23
1318 933 42
1318 653 82
1318 867 70
1318 1231 40
1318 818 33
1318 210 7
692 1229 70
692 331 47
692 1237 58
428 579 56
428 205 57
428 409 61
428 856 57
428 755 100
428 881 29
428 897 100
428 1198 6
428 887 50
428 40 74
579 1063 5
579 80 6
1222 1018 76
1222 338 62
1222 688 79
1222 1137 46
695 1124 9
695 538 2
695 1254 98
695 913 41
695 611 93
695 103 95
648 298 20
648 827 18
168 643 24
168 459 21
168 884 11
168 715 56
168 552 47
1063 848 84
1063 502 65
1063 1298 24
1063 847 97
1063 1308 32
205 51 72
205 1354 96
205 1147 47
205 847 37
1140 675 17
1140 767 59
1140 965 91
1140 865 56
1140 806 98
900 1022 85
900 657 27
900 1102 59
900 1118 71
1022 897 53
1022 405 55
1022 1324 50
1022 1045 38
921 717 74
921 943 14
921 1333 97
921 265 42
921 272 20
409 1356 94
409 600 51
409 230 88
674 669 35
674 758 76
674 459 99
674 189 72
674 532 31
669 540 21
669 221 82
890 395 90
890 198 81
890 981 19
994 35 43
901 815 13
901 345 40
1257 216 71
1257 110 22
1257 221 7
1257 694 10
1257 1166 4
1257 545 63
1257 325 15
781 945 28
781 1232 40
781 810 75
781 1212 80
781 325 49
563 566 86
563 366 12
488 1212 82
488 829 65
488 195 83
304 181 21
304 654 69
304 312 87
783 1028 55
783 1010 91
459 1120 47
459 209 3
459 681 3
459 1195 26
459 600 26
459 946 12
459 455 82
1120 480 84
1120 30 14
1120 1129 47
1120 1229 5
1234 1253 58
1234 731 16
1253 829 53
1253 565 48
1253 350 11
19 507 73
19 855 66
1090 190 3
1090 1036 95
1090 1044 39
1090 898 99
708 1018 32
708 1128 33
708 36 58
722 430 85
722 456 61
810 455 59
977 706 74
977 1091 53
977 805 80
707 197 73
707 933 9
707 706 63
707 1181 62
707 867 42
707 792 84
707 885 89
197 509 91
197 1118 47
97 738 59
97 1169 72
1274 249 24
1274 1129 98
1274 382 54
1274 341 62
249 916 55
249 434 77
249 273 91
249 966 81
888 844 38
888 879 93
888 720 22
873 821 26
873 389 14
873 1244 69
873 1319 84
873 494 67
873 466 72
873 542 64
873 385 98
821 542 51
821 339 29
821 446 87
710 163 24
710 678 52
261 1256 76
261 522 73
261 18 57
261 1114 81
261 378 65
261 166 100
591 1242 56
591 877 37
1242 630 86
1242 947 8
1242 1122 7
861 844 11
861 240 63
861 461 75
717 1303 35
717 893 68
717 366 78
717 1043 69
717 30 40
1281 741 53
1281 929 59
1281 738 19
1124 1194 71
1124 985 22
1124 9 94
1053 769 62
1053 474 9
1053 141 43
1053 412 7
395 688 56
395 364 43
136 1045 84
136 1113 74
136 101 55
136 1233 9
136 245 55
678 482 60
678 927 97
678 626 82
678 403 73
608 993 9
608 64 72
608 1300 31
993 209 47
993 1301 77
993 807 47
993 1064 60
406 378 83
406 942 53
406 1342 83
406 156 30
871 227 79
871 670 50
36 1300 1
36 303 30
36 102 16
36 382 88
534 555 13
694 1303 7
694 259 3
694 769 43
694 372 2
694 171 100
190 485 93
190 847 49
190 85 92
190 532 30
1303 769 74
1303 496 38
1303 350 58
200 259 70
200 628 1
200 1240 33
200 586 53
200 741 77
200 171 33
200 570 28
259 973 1
259 1192 88
259 1319 43
259 736 60
992 156 75
992 606 63
992 966 86
992 899 50
992 264 68
992 446 42
992 474 14
343 736 100
343 966 37
343 497 27
343 1228 7
343 691 30
485 796 47
485 217 70
485 751 57
485 1003 66
485 876 24
793 1055 8
793 656 71
793 107 74
1055 1169 16
1055 799 35
52 1137 45
1137 107 8
1137 517 52
1232 765 94
1232 159 63
1103 117 19
1103 663 75
1103 422 74
1103 77 98
1103 965 51
1103 1157 83
117 782 60
117 40 32
1164 554 47
1164 81 42
1164 555 43
1164 232 14
1164 755 89
1164 723 69
1164 538 17
554 496 57
554 590 55
554 208 41
1071 224 63
1071 115 25
1071 1198 42
224 1266 63
224 784 64
224 637 9
224 1250 62
47 322 2
47 434 98
47 942 24
322 1185 87
322 594 46
129 226 12
129 967 4
302 1298 63
302 405 25
1271 176 48
1271 1321 58
364 116 78
1192 35 67
1062 101 14
1062 1283 64
1062 476 71
1062 1010 48
1062 751 62
1062 339 11
1062 365 30
57 1015 77
559 1052 79
559 1233 84
559 382 81
559 1138 97
1059 1358 76
1059 468 87
1059 7 81
1059 1157 15
1059 387 84
1059 470 71
1358 952 35
1358 1043 38
1358 405 62
516 985 43
516 823 84
516 507 28
691 1240 96
691 864 41
691 1005 78
691 1221 42
691 659 93
1240 227 100
1240 662 97
1240 365 12
1240 964 94
933 908 21
933 1016 38
653 1005 37
653 1046 1
653 1083 37
653 294 83
653 1206 55
1005 985 75
1005 1033 14
1005 1144 60
1227 1081 90
1227 1261 37
1081 1296 41
787 693 81
787 913 6
693 956 29
23 769 73
23 1061 34
172 258 41
172 184 98
172 498 10
172 1300 52
396 40 50
396 310 89
396 163 91
396 1237 73
396 805 16
40 1299 24
1141 315 16
1141 1293 84
1141 908 54
1141 1230 54
1141 1187 63
828 1254 98
828 566 74
393 996 95
393 584 86
393 1204 37
996 929 67
996 339 16
996 656 32
856 1283 6
856 838 21
856 61 72
659 767 44
659 657 19
659 1212 99
659 481 86
659 351 47
659 918 98
1212 1317 19
1212 697 93
1212 1226 59
1212 564 75
1212 883 67
1212 328 22
350 194 12
350 1308 67
191 940 7
191 1079 78
191 947 78
191 387 54
191 792 18
940 562 74
940 341 9
30 163 88
30 1119 20
916 56 38
1114 434 87
1114 755 98
642 102 95
642 49 98
642 538 1
102 118 28
102 824 48
1266 345 54
110 1016 89
110 1296 40
110 60 23
110 1129 13
110 594 97
372 978 99
372 1294 44
1154 123 93
1154 1146 51
1154 365 17
1154 496 45
1154 419 61
272 130 21
130 315 30
130 123 88
130 1296 85
130 235 61
545 62 100
545 435 41
545 240 3
545 1147 81
545 150 31
62 988 91
1230 586 7
1168 1073 14
1168 893 64
1168 239 8
1168 611 99
1168 1085 61
1168 1245 53
1168 634 33
1168 1351 7
1168 151 19
1073 1292 5
1016 1342 82
1016 1334 34
724 228 44
724 1180 25
724 1033 34
724 663 82
724 1156 30
724 1261 68
228 604 100
228 935 13
228 531 73
228 181 71
584 820 10
584 581 33
584 1236 41
656 226 2
656 522 45
226 39 82
226 532 32
226 286 58
226 1036 41
226 1277 58
1109 1216 10
1109 127 87
1109 1309 26
1109 148 34
1109 239 24
1025 935 22
1025 512 65
1025 1185 10
1025 1223 86
935 144 20
935 946 3
935 841 25
265 1057 66
265 1229 20
265 750 80
265 594 14
265 3 30
80 844 1
80 1304 21
844 611 89
844 782 90
844 219 51
1299 885 87
769 498 60
904 943 16
904 751 78
904 942 98
904 1107 73
904 324 44
865 1340 2
865 1319 13
865 315 35
1340 546 22
1340 952 14
277 14 46
277 1223 100
14 1231 77
14 681 49
765 149 54
765 997 58
765 362 54
765 959 41
149 1194 27
250 538 55
250 834 79
250 1291 42
250 212 56
250 1046 32
1115 1351 40
1115 997 40
1115 140 16
1115 684 71
1093 194 58
625 867 96
625 123 76
625 820 57
625 885 75
625 953 41
398 498 33
398 103 99
498 567 22
498 1031 6
498 838 24
181 777 70
181 99 14
181 808 2
897 143 59
897 1195 19
880 809 88
880 910 8
880 684 77
880 359 2
219 6 87
219 926 9
219 552 58
6 468 75
6 843 92
6 230 11
6 140 70
840 134 75
840 1187 38
522 676 36
522 1101 24
522 820 63
676 1170 69
676 988 24
676 230 74
676 1353 73
676 965 78
676 1165 90
351 339 56
351 223 76
351 109 92
351 1301 80
280 976 88
280 981 79
574 845 94
767 532 5
767 1297 69
767 1206 43
767 1285 23
767 1226 49
532 649 90
532 666 16
845 444 73
845 824 79
845 1278 17
81 892 73
81 137 89
1352 997 73
1352 49 24
714 862 97
714 1147 80
714 540 65
714 818 70
714 1122 94
714 1046 11
714 582 15
1301 184 9
1301 477 97
1301 1250 48
1301 160 80
1301 947 97
1170 1217 52
1170 359 30
1170 1113 30
1170 1122 35
1170 1166 34
1170 466 57
946 210 4
946 1294 68
684 165 14
684 1264 14
684 595 89
165 1306 95
165 1018 2
333 777 41
333 898 76
1216 830 7
1216 1293 27
1216 834 23
1216 934 31
1216 667 83
1216 502 56
784 1201 75
784 893 75
784 363 5
784 198 63
784 624 73
784 99 44
909 244 81
909 140 77
909 815 56
909 20 78
1176 869 25
1176 838 90
468 1351 38
468 79 34
468 812 82
876 1345 26
819 841 9
819 766 53
857 1309 69
857 848 87
857 231 21
929 177 25
965 1157 77
965 194 45
965 590 15
965 881 95
1291 58 53
1291 943 65
1014 698 95
1014 49 15
1331 562 19
1331 838 74
1331 923 49
562 1004 99
562 1309 96
16 519 77
150 1123 53
947 588 13
947 590 12
947 782 48
947 186 53
947 696 79
377 805 54
377 611 93
377 1010 14
377 841 33
377 315 2
377 589 36
439 1036 91
439 998 99
645 64 87
645 1283 25
444 1210 49
444 381 45
444 1046 57
976 1166 100
288 777 79
288 978 81
288 281 11
288 233 37
777 478 70
777 294 98
480 63 91
480 1338 16
480 542 2
29 877 2
29 85 33
29 1321 87
470 119 13
470 841 98
470 387 37
202 803 76
202 1237 73
202 964 60
630 1165 30
883 271 71
883 212 2
363 791 78
363 1229 20
363 79 17
363 163 86
363 1203 92
363 887 10
134 1286 13
134 1341 50
134 723 93
134 658 40
245 109 92
245 588 26
245 615 97
245 185 85
109 1210 92
109 677 93
829 170 49
829 324 80
101 1277 90
736 1156 8
736 1146 94
736 79 37
1342 1293 61
1342 973 17
1342 885 59
1342 838 76
310 908 73
310 41 21
1289 796 39
1289 1292 90
796 807 78
796 469 5
796 3 42
796 217 38
893 242 42
334 770 12
1347 531 77
1347 633 16
1347 1233 7
1347 1287 53
1113 1223 49
1113 1050 34
624 281 9
624 1143 17
482 1036 60
738 1118 65
738 318 27
738 1194 46
629 230 87
629 1083 75
629 775 94
629 177 3
230 273 32
230 366 62
230 82 34
230 973 75
566 1226 72
1334 1123 43
1334 806 40
123 1108 71
123 116 6
542 778 92
108 1076 39
318 328 54
318 403 53
318 3 81
118 227 25
118 264 16
118 658 62
227 198 46
227 1018 39
315 675 70
1036 589 21
1036 1286 92
1036 847 15
1284 1122 84
1284 1180 92
1284 891 79
1122 503 27
339 555 92
339 1336 85
339 387 53
212 1336 37
755 1308 92
913 908 95
913 366 4
913 1219 53
195 815 97
195 723 89
195 374 96
815 923 74
815 666 67
815 838 14
815 1256 58
1169 906 97
1231 312 87
721 412 29
721 82 67
721 271 67
721 1298 44
555 1255 47
63 270 53
63 341 68
892 741 29
943 663 14
943 194 37
312 492 25
809 879 12
809 884 70
809 1077 70
1356 1261 49
1356 812 68
1356 764 72
98 369 71
98 667 60
98 952 82
369 1006 62
369 131 15
978 335 10
978 1237 65
978 1194 83
335 1083 57
335 397 36
335 434 76
335 51 35
335 1353 6
1309 99 38
1309 618 29
1309 15 100
435 366 94
435 294 6
603 60 28
603 374 23
603 926 74
296 366 35
1203 324 78
1203 930 21
1203 637 56
1203 385 15
1315 1236 84
1315 419 48
1315 1326 27
1236 1079 39
862 1204 31
862 466 58
682 1083 93
1083 147 34
1083 264 58
1083 1027 15
1083 461 62
512 166 67
512 99 45
171 1003 46
360 1324 51
360 997 3
360 604 53
803 107 59
803 1317 25
803 1003 39
803 778 39
803 1255 83
803 144 61
359 502 50
359 1146 94
359 1040 87
359 374 43
389 930 16
389 1044 45
997 131 76
637 298 53
637 764 13
637 1308 91
637 718 68
628 461 93
628 867 65
628 952 13
198 948 82
198 140 15
503 706 63
503 1107 21
503 231 75
706 61 78
706 1077 37
1244 959 93
1244 1066 86
1244 85 100
670 936 3
670 472 24
1147 324 26
1147 878 59
1143 820 67
1143 478 29
39 677 81
39 867 39
39 84 71
677 792 81
677 177 80
1048 131 18
131 1076 66
131 927 94
338 1097 97
338 1107 26
495 157 65
495 456 1
586 235 45
586 594 69
586 1044 1
586 570 12
405 1287 53
1076 469 26
611 867 22
366 119 7
366 1338 61
973 461 98
1300 600 15
1300 1125 21
878 140 79
878 32 82
878 595 61
357 541 5
357 807 15
357 998 96
357 328 84
675 1264 41
675 264 7
675 604 69
539 1298 77
539 208 8
539 881 87
1298 293 69
1298 267 66
1156 465 8
1223 446 83
1223 466 99
1223 151 7
1223 790 20
1223 1044 7
232 475 12
830 143 1
830 298 63
140 595 61
140 1351 54
140 68 89
1317 378 52
1317 79 50
1317 952 51
1317 239 74
1317 127 92
848 600 19
848 541 1
848 378 80
600 163 8
1079 690 86
1079 664 66
1079 570 100
76 1119 34
76 217 74
76 321 66
1119 1191 27
1119 497 8
1119 1165 17
538 460 76
538 476 90
540 186 87
186 374 92
557 1336 53
557 818 95
557 1254 21
84 1107 19
84 462 48
1254 286 34
1254 808 71
1254 328 5
210 325 41
210 1338 7
210 1003 26
210 590 57
210 478 3
325 103 26
325 1204 60
325 1031 30
325 116 93
325 378 30
325 345 74
1031 1004 57
1031 855 40
1031 541 82
1031 780 87
1031 1306 28
1128 1290 15
1128 103 87
1326 419 48
1326 1011 12
952 455 25
952 155 14
952 696 89
952 1018 22
1276 1194 34
1276 751 13
1276 77 52
1027 1333 100
1027 881 83
1292 658 47
1292 981 25
163 1125 7
163 606 47
163 1118 8
163 469 37
1293 41 72
1293 321 86
176 998 94
176 61 63
217 1018 80
1018 157 3
1018 658 23
887 616 23
1206 602 83
1206 1195 38
731 1153 26
107 189 6
107 664 51
157 1226 24
157 590 52
157 657 99
1333 1247 71
1333 936 24
720 51 40
720 235 83
720 806 86
1277 517 53
733 696 10
1003 362 46
321 1024 50
321 658 65
1006 855 18
1006 496 36
474 764 33
474 681 15
474 985 98
166 792 14
166 1226 32
166 1180 19
792 208 78
792 696 81
103 7 97
258 806 94
258 838 100
1229 365 75
388 1336 84
1336 285 25
1336 116 59
1336 879 77
1336 780 71
1011 1021 68
1011 782 47
1011 242 34
1021 270 18
956 667 40
567 657 59
567 1237 94
567 869 26
567 666 16
567 1306 11
412 751 54
412 281 5
223 294 20
1043 823 72
1043 1180 5
1043 185 73
823 1129 52
936 1353 5
211 981 95
211 1290 36
211 382 23
981 1283 70
430 214 9
727 255 8
727 147 25
985 476 42
985 788 18
811 1187 95
811 847 92
1127 1215 20
1127 657 17
1127 115 61
1255 1044 28
116 189 54
1238 556 21
1238 1101 64
1238 446 48
556 672 46
303 177 47
303 1264 64
541 477 52
541 672 100
1102 141 6
462 294 42
718 497 29
718 189 48
718 1217 17
497 688 73
497 382 48
497 298 77
751 564 49
751 475 24
147 908 47
1278 345 84
1237 509 12
1264 1286 19
1264 1024 9
1304 1219 64
1304 667 89
1097 1153 81
1245 496 8
239 1335 81
239 455 98
788 328 63
788 805 68
788 594 30
788 945 42
788 240 2
328 995 5
328 1204 18
328 1185 87
378 32 94
378 667 46
378 808 91
1125 975 33
953 1178 12
953 185 93
953 1123 22
1219 1210 41
1219 477 6
1219 233 69
1219 155 100
264 1201 25
899 414 62
899 891 41
160 934 94
160 1161 21
664 766 72
766 780 50
1233 939 87
1233 419 57
1129 923 66
385 605 79
89 274 63
89 1161 17
758 481 49
1228 1146 27
1341 764 54
341 780 22
1297 666 15
397 654 93
397 1145 34
1201 286 58
455 1101 20
455 1181 47
1066 446 98
403 594 84
1086 942 91
244 602 77
244 855 85
884 995 40
352 910 33
324 1321 68
923 41 93
115 461 38
115 1065 3
461 667 40
285 780 45
606 1319 18
1319 68 13
476 194 9
32 1088 14
1146 414 78
189 672 55
189 15 73
926 214 38
926 286 1
926 159 65
41 633 45
156 68 94
419 1332 40
79 1324 78
1004 365 41
1123 331 17
155 274 96
155 33 26
881 56 24
365 795 8
365 20 4
365 1204 63
795 1205 92
1290 581 49
9 1189 89
764 1324 13
764 422 46
898 507 68
1210 509 40
231 456 45
1286 1250 85
1198 1050 45
1198 478 68
509 235 22
127 1321 15
127 1204 21
127 466 33
127 1118 85
465 477 27
465 208 54
465 85 40
465 167 72
475 812 65
812 918 92
1283 33 45
595 1118 28
595 141 99
1338 824 97
68 456 92
68 688 96
1324 715 76
939 1354 33
235 494 64
690 1052 100
602 918 79
602 1010 43
1010 818 64
381 1077 20
270 633 18
494 456 60
293 1226 8
492 1061 47
697 208 79
697 1118 73
85 1204 26
85 507 99
688 604 53
581 1052 98
1321 151 86
1306 618 64
1306 382 42
1185 1354 91
1185 274 78
1181 1166 41
1181 546 9
633 1144 56
517 1064 40
387 770 77
1101 681 60
750 672 40
1308 1144 85
1204 105 50
294 1215 9
148 507 38
507 477 66
