3772 2683 73
1605 422 97
4053 3590 2
3473 1170 51
4238 1540 48
1376 806 51
1714 5494 16
4985 5750 4
29 3390 29
1511 677 42
602 2364 44
3834 4978 2
4161 5538 65
5505 4721 57
1490 3202 79
4488 4265 36
1007 4614 50
2598 2651 8
4354 4165 59
988 5092 71
5263 58 54
2070 3010 17
3233 2917 35
2042 3942 71
4082 2742 97
3763 1346 84
4549 1953 6
3161 4443 8
3860 560 68
5205 154 74
2451 3584 31
1755 211 46
3524 4223 51
509 2399 93
5152 3386 30
5444 4149 12
3989 3462 94
4326 2167 59
3048 2337 27
2337 2424 3
3753 788 68
5640 9 62
912 712 19
4289 2522 9
1842 4796 10
4499 5283 73
5283 1374 61
3741 5379 1
24 3987 55
5742 1571 83
5742 4467 91
3276 3247 26
4179 597 28
1174 3099 76
1174 2503 28
5764 3791 53
4483 2946 76
1872 3907 14
5366 4619 60
2673 5386 96
3201 5248 20
2817 3975 50
5693 3601 66
5312 3781 32
2135 4628 44
1348 4137 61
198 2000 21
2549 1161 1
1271 5744 19
3024 4633 71
5005 1337 89
5151 5197 45
125 586 38
2388 2555 8
4858 4669 30
4669 439 48
2459 2466 63
2352 1727 57
2352 3687 64
1177 1425 58
2155 2205 86
4180 4168 76
600 3343 51
2849 546 12
4225 5719 19
1603 1200 82
132 3126 23
3255 1199 75
548 3422 82
4573 5280 15
1806 5132 99
5132 4958 65
1862 1535 24
4307 2192 81
4097 1372 63
2132 298 92
2271 3432 54
4418 3127 14
4418 4134 54
3453 1449 75
5199 4685 48
4685 4411 70
2161 299 36
2394 629 95
479 5210 36
3828 4441 81
4441 618 100
5268 470 92
3415 2118 56
4983 2208 38
4012 978 91
3003 2059 18
1295 4461 54
5639 4263 7
220 353 32
220 2345 64
3079 773 4
693 986 90
5498 5504 27
5072 2846 1
642 2454 16
2029 1474 58
5513 4824 73
4824 1308 37
5125 1426 10
3425 311 44
4386 4010 44
171 4337 74
2423 5 74
3770 1399 92
1673 448 19
737 3887 26
4215 847 86
4105 2230 31
3631 3947 99
4325 3943 85
4217 5143 99
2143 4278 50
4278 5715 72
3899 2905 96
5360 5212 27
2875 1234 73
2278 534 1
2445 4527 82
5760 2625 80
5006 1538 58
363 4911 8
3796 3047 49
3796 3142 76
4647 3278 60
4372 748 20
2370 2287 37
5609 3643 36
1035 3008 89
1013 543 88
937 5631 75
5059 4969 8
3857 2934 69
3857 2541 9
4506 3553 35
4506 2595 62
2203 456 17
1478 5732 87
5759 4763 87
4826 2334 50
5438 2586 49
3063 424 26
1848 2245 3
1848 5664 25
2932 343 78
1551 1667 58
4654 5311 21
3282 886 83
886 3977 80
226 3369 7
3369 2996 93
98 3171 76
4881 2712 39
4881 4753 28
4084 3675 40
4475 3570 9
5032 4865 58
3568 4941 80
4815 821 17
940 3646 20
2234 3671 23
4968 557 87
3207 735 10
830 1725 45
1069 3155 37
3155 2916 25
5724 5206 9
4240 5652 95
1651 1470 72
5391 4926 77
4926 895 64
5607 3413 38
5314 336 47
4609 4469 64
3071 2558 61
562 4319 49
4284 4629 85
5657 455 44
183 2023 32
4668 736 11
4482 4675 35
4414 5217 60
2785 4439 39
1803 2403 15
739 756 43
1030 5474 98
4622 3988 81
1074 2919 74
2919 3418 58
3562 1756 45
4047 4232 27
2960 4533 48
2036 497 83
2939 2242 4
2837 1098 31
4399 2760 94
127 3918 97
127 953 33
2861 5336 39
483 3908 40
764 601 62
190 4536 41
1864 4066 76
5113 639 42
331 117 26
1144 2867 45
4128 1211 97
1992 5051 91
1879 2880 48
3627 5514 15
4107 1578 93
4775 3755 38
1766 2821 18
5568 4585 74
405 1563 50
3504 4515 90
2020 2965 29
4095 2634 25
4017 2910 70
3868 1855 99
770 5741 34
901 5770 84
796 5594 9
2265 3771 5
1340 4986 78
418 4561 94
2171 709 45
4292 4490 36
289 3608 9
5561 2903 4
3300 4839 78
4739 2446 18
4970 2596 63
5252 1313 61
2480 2736 90
436 2194 19
4360 2295 39
1359 2863 48
4261 3652 61
5761 5525 97
2392 2703 16
1302 870 84
4802 3661 81
828 1626 34
1724 5084 24
269 1624 39
1572 3068 46
5245 3895 23
5406 3452 100
3121 5487 41
4508 1404 18
2982 3522 60
