3053 964 36
3053 32 89
1179 2798 70
2798 1378 39
2798 4135 72
2798 2995 47
3247 1976 82
103 3846 20
3846 4193 81
3846 237 79
1667 771 93
1667 1810 24
1334 2776 82
3611 98 73
3611 2465 33
98 1999 39
450 2518 15
2732 1599 73
2732 3602 87
1599 3379 71
1599 505 84
440 1940 73
440 3362 92
1940 544 95
1940 3630 93
3619 2784 44
2784 3752 6
1141 3260 27
3260 1449 80
3260 134 36
3260 3926 44
3260 2861 19
3433 1636 92
3433 3233 76
1636 4204 83
687 431 68
687 3870 30
431 2712 85
431 2244 48
362 1718 93
1718 234 80
1057 3581 68
3581 1322 84
2051 1656 91
2051 804 14
2051 3972 80
1656 2756 85
1656 2066 98
3441 1638 67
2321 980 33
2321 3453 47
2321 1724 59
1413 225 21
1413 2735 61
2854 750 45
1882 1193 30
1882 3174 75
2220 3230 49
3230 572 26
3218 1482 50
3218 3110 1
3218 2729 19
2993 206 21
206 23 5
1951 1525 69
1525 3834 84
2643 1626 40
1626 2022 38
2333 153 24
2333 1232 38
2333 2600 76
2333 1997 77
153 2674 97
3333 2217 13
3333 2863 82
2217 121 13
4153 3338 35
3338 3092 94
3338 287 69
138 1394 43
1394 3419 62
3283 526 95
3283 1118 74
526 2549 17
526 420 57
526 3957 90
2787 3145 20
1895 4024 75
4024 1011 3
736 2139 76
3265 1945 75
498 1890 76
1890 677 42
2944 3648 75
3718 1001 37
3718 17 57
3718 3630 56
237 4240 37
237 3159 69
4240 1389 9
2727 15 43
2727 4087 38
2727 1004 9
15 3268 63
1084 2432 18
1464 1072 32
1464 899 60
1072 2650 80
1072 372 23
130 1098 90
130 4192 61
3223 3768 12
3223 3896 67
3223 318 31
2054 3028 6
3028 1087 15
1668 1803 44
1668 2690 3
998 20 95
20 4238 64
3251 1059 99
1059 1587 57
1059 3561 21
3566 2107 1
684 2277 76
2277 2282 69
2277 2502 26
492 1879 56
1561 3620 40
1561 318 20
1561 4226 46
3620 1359 11
3180 1753 13
3180 2884 63
3180 501 61
1753 2233 15
1753 1870 25
2957 2726 59
2957 2061 59
2726 3697 57
1717 445 62
1717 625 47
445 2111 57
3127 1417 33
1417 180 89
1660 2301 41
1660 3684 49
2301 2099 98
3603 3116 9
3603 2266 21
3116 2958 51
3876 802 55
802 4144 96
802 1596 1
2779 4236 5
2779 1733 30
1751 1324 59
4087 4148 34
394 2303 90
889 2394 56
889 827 48
889 351 53
2046 236 56
2046 2206 40
236 200 50
1441 1633 68
1441 1977 86
1633 2180 25
1633 938 73
3850 1393 57
3850 3524 3
1393 1957 80
2689 3375 77
2689 2498 35
2667 1005 84
2667 1732 69
1005 2628 98
1005 3958 22
4088 1512 53
1415 2877 78
1415 3440 94
1415 3480 46
1415 1389 80
1415 365 50
1415 1493 62
2877 3802 64
2877 2824 75
932 757 18
932 677 3
2890 3779 33
3779 1618 2
4028 4044 10
4044 2918 94
4044 3869 32
3238 561 73
2748 2610 49
2351 1248 59
1248 3851 63
2463 2868 35
2868 506 19
2868 1825 77
2868 2020 55
1647 3536 28
1647 2002 74
2896 2976 60
2976 22 34
2976 2422 95
2976 2740 2
1378 2191 26
1418 1507 97
1418 375 5
2785 2278 57
2785 268 86
3148 3416 28
2543 2857 74
2543 1680 53
2857 3137 100
2857 3158 46
1490 2235 61
1490 2677 37
2235 1790 96
2235 901 11
2235 1806 86
234 151 10
278 2786 44
2833 4202 79
2833 4074 12
2833 377 7
2833 3656 44
2833 91 70
4202 563 97
3822 1968 17
3822 3804 20
1968 4025 31
641 3932 26
641 3078 38
823 263 9
823 2968 56
263 4204 38
1004 3775 48
1603 2812 65
1603 2584 68
2078 131 83
1566 1551 78
1551 1046 60
4105 279 61
3465 1952 64
3465 2373 52
3465 408 72
3465 847 33
1952 4059 37
1952 3455 16
2529 1078 47
2529 1254 85
1277 2269 45
1277 460 100
2269 520 41
2269 382 36
3280 146 63
146 769 32
2439 1241 47
2439 2212 11
1241 1139 93
572 3423 22
572 1473 16
3986 3025 49
3025 2560 99
3522 2295 95
3522 533 22
2295 2825 22
2577 1368 28
2577 617 35
1888 2218 72
2218 3324 78
544 949 84
2044 3067 93
2044 2987 41
3067 1744 89
2353 3790 48
3790 645 18
3437 2454 31
2454 581 29
2454 2613 3
3440 3794 83
3897 1358 34
3897 1917 48
3881 428 96
3881 360 32
428 1840 78
428 2915 83
2530 507 27
507 3018 95
507 1009 34
399 496 18
496 4011 33
1287 2765 13
1287 4211 36
3456 2244 96
2244 361 9
1877 806 30
1877 308 83
806 3398 43
806 1727 45
1782 1430 53
2152 3335 73
2152 3882 18
3335 2342 27
3335 2561 39
1759 3362 17
3362 3570 84
2049 285 93
3873 2020 37
3873 1841 95
292 2154 8
820 3068 18
2949 1685 55
2949 290 16
1685 3781 23
3860 2077 76
3046 3336 54
1623 2383 97
2383 3750 66
2383 3509 12
2282 2552 98
2282 167 18
1955 726 56
3533 1039 67
3533 309 33
1039 1805 26
2081 1020 56
2081 3485 87
1020 1849 52
2328 4081 40
4081 1730 78
4049 3211 24
4049 1630 23
4049 3328 5
3211 2347 4
2163 137 35
2163 1486 79
158 3058 83
158 3711 43
930 2884 55
2884 3069 30
1483 1828 12
1828 4100 11
3403 1175 15
1175 4068 75
3702 1894 90
2923 3141 61
2923 1074 63
2923 3286 95
2233 3430 61
1356 2960 2
3042 1987 86
1987 3859 53
3322 3326 83
3326 2837 72
3326 65 39
3326 3110 29
3996 3077 35
3077 562 61
3605 300 62
300 3026 27
3289 2232 40
3289 826 39
3289 3526 39
1108 800 66
2883 3300 32
3300 2462 31
580 3529 86
3529 1268 87
3529 1703 58
2584 2938 44
1446 1312 54
96 64 62
1999 2481 78
1999 2506 84
3268 740 96
2502 1712 76
2502 4095 17
3337 3409 37
3337 778 78
3409 1303 52
3409 1593 16
3462 938 26
3462 3258 92
938 84 53
490 2437 56
490 653 43
490 1247 31
2437 3719 47
2437 3393 4
457 1724 55
1777 1838 42
3582 4227 55
1434 3968 23
3968 1500 97
4184 3686 92
4074 3717 95
4074 3810 97
2620 3181 49
2620 288 8
2620 4215 91
1593 2487 73
2487 99 55
2557 1821 93
1546 784 75
4063 1399 3
1399 3867 93
2472 3898 63
3898 4255 99
3662 2818 27
3662 2684 35
2818 1644 73
2818 1867 87
2756 163 62
2756 3893 7
3352 2983 37
2983 3614 64
195 553 43
195 1180 87
195 363 24
1268 1038 30
1038 1596 1
2918 2178 59
2918 3959 49
3376 4079 27
3376 1466 60
3376 2142 84
4079 2933 26
4079 3563 2
505 1116 34
1116 1124 77
1116 1091 40
2778 2431 90
2431 3723 60
2431 548 81
624 4124 45
4124 1231 30
2796 2702 7
2796 78 47
77 93 95
77 1245 44
93 3158 14
697 871 83
2525 604 49
2525 4141 44
310 3981 10
310 2492 25
3981 1755 80
2398 835 6
835 4083 86
835 1848 97
2009 1325 73
3505 1604 22
650 974 68
2242 4058 42
2838 3194 45
2112 3636 53
1829 2653 85
1829 916 2
2814 625 46
625 2403 63
625 1067 81
3458 2119 52
2119 2298 33
1942 245 8
245 1935 44
245 1194 6
245 1554 21
3052 4224 60
3052 3992 97
525 3743 21
525 860 43
525 613 19
3743 3161 62
3849 2138 91
3849 4193 53
2835 4040 63
2342 1711 76
4175 1693 63
1630 2130 92
2380 1555 92
2380 2754 2
2380 1224 69
2380 2646 41
1555 3677 74
375 714 22
375 328 88
375 3983 91
714 107 92
916 2540 97
916 203 39
201 2753 42
201 2086 97
201 2098 54
201 58 83
3155 1935 94
3125 3752 11
3125 2311 96
3125 1526 64
1543 1299 69
1299 2492 69
1299 827 100
1074 1122 93
1074 247 58
1917 1054 77
1801 856 78
1801 2189 49
1801 1013 28
2196 1510 43
2196 4254 93
2212 116 78
2250 3254 35
3254 2690 49
3368 336 35
3368 2731 90
336 2065 32
336 963 85
336 1136 22
1313 246 36
1313 1971 85
2674 1516 10
2674 1043 78
860 589 90
4195 177 28
177 301 41
3340 2482 99
3446 2950 15
3423 663 23
422 2741 69
2741 7 24
2741 1652 36
3614 2635 26
4129 3109 83
4129 2644 67
1631 863 3
1631 3548 63
1631 2239 65
3866 151 93
151 1820 35
1092 22 60
480 1597 50
3758 2936 73
3758 3027 53
2936 4211 9
2936 2343 60
1339 1048 26
4151 3946 23
3946 2959 50
3543 1957 32
3543 2800 19
3527 3697 80
3527 2916 64
3697 2466 33
3697 2263 51
377 472 55
147 204 17
1451 1520 79
1451 2335 7
2073 4109 58
2073 2341 98
2073 477 82
1851 3748 29
3748 3175 80
2939 2315 48
2939 1975 100
406 1496 92
1496 1983 63
3681 1908 98
3681 2611 48
3681 3452 2
3681 2416 30
342 857 44
857 1349 69
3952 3006 88
1377 1997 31
3424 1662 26
46 4021 20
46 4006 16
4021 1414 50
1911 1756 80
1756 628 24
1756 2061 66
1704 1577 9
1704 3105 22
2491 2105 5
1556 69 76
69 838 65
69 251 83
2668 34 82
2668 1845 75
4256 2599 54
345 2110 35
3667 1814 87
562 1644 89
4099 2174 13
136 3934 100
136 4138 63
3413 3187 78
3413 2581 50
3187 4005 86
3187 3865 3
4134 71 4
4006 3651 90
4006 2743 90
4006 511 38
1060 1503 55
4019 3830 26
4019 3587 72
3830 1454 23
2347 39 22
2347 1539 79
2925 4041 19
2925 208 66
4041 448 71
746 2737 36
2425 2348 70
2425 879 54
107 2710 50
665 3213 33
3213 1897 2
3213 4192 48
782 1009 50
1009 3819 99
1009 2660 96
2492 3844 58
58 309 69
3526 4191 96
3308 1912 80
3308 4172 96
1912 141 58
3742 3120 79
3120 2675 42
4148 1799 48
4148 1837 98
1799 3216 83
1858 2520 100
1858 1938 51
1858 2954 59
3744 3676 38
3676 437 31
1852 3557 42
1852 1625 10
3847 161 11
7 100 71
1302 3137 33
3137 3112 84
3137 1983 52
2908 1375 48
1375 2461 100
2548 663 70
2548 1766 84
208 442 27
2773 970 93
1427 4217 49
1427 1967 76
4217 388 22
1229 555 17
1229 2150 14
555 218 52
1405 777 70
1405 154 59
1565 4096 69
2848 3975 20
2848 1133 1
2114 3031 67
3031 595 41
3031 448 51
3921 3939 89
297 966 77
966 1133 70
966 2423 41
966 4101 27
2692 408 12
2692 470 25
2692 4150 88
408 2934 73
1177 2150 32
1177 732 34
1177 598 26
2150 1357 72
4211 1807 9
3891 3185 41
1827 72 6
3922 737 40
1109 2411 57
1109 3740 29
1109 3253 60
1109 4042 46
3285 175 22
175 2996 26
2673 1164 52
2673 170 90
2673 2484 76
2673 3002 51
2916 2958 28
2916 547 75
3727 3783 3
3727 1939 49
148 63 16
2142 1523 26
3032 2979 36
3032 2638 57
378 1207 16
1207 3930 60
2465 117 79
3629 184 3
3844 1359 88
3844 311 82
2096 2600 99
1553 1839 22
1839 2984 96
2855 1036 18
163 3492 51
163 1139 77
3281 2596 20
2466 937 65
2607 3664 18
3664 543 6
411 1876 11
262 3706 25
1849 620 27
1124 1854 85
2002 1765 89
3501 1878 76
1878 1270 37
903 1255 52
1255 4146 13
1402 1673 71
1402 3646 49
1673 1716 94
2743 2013 26
4174 97 84
1516 2532 38
3792 167 80
167 1454 20
3872 2417 61
2172 895 49
895 1889 82
18 205 23
1670 1568 96
2635 2307 55
4012 592 25
592 1316 46
1137 2344 81
3530 1621 58
3959 2030 56
2030 2731 86
2030 1778 32
2180 1904 36
2180 1130 14
1904 1069 36
2647 935 61
935 3258 52
2265 2750 81
2265 1932 64
2265 743 57
2750 2371 37
3677 3879 91
3677 2558 18
3677 1125 13
3879 1840 12
1379 2058 59
1379 1602 76
2058 2731 39
1741 57 19
4172 4114 97
695 874 55
1061 280 44
230 640 43
230 2120 96
1211 2534 41
2839 846 10
846 1540 59
696 3877 51
696 1684 53
3877 3151 90
1766 1841 42
4238 1780 84
1346 3157 9
4059 3237 53
4059 248 50
2455 2422 62
4135 637 2
2752 483 69
2752 3902 74
483 2 6
1678 1206 21
1678 3504 67
1125 1871 23
1871 3298 91
2581 194 15
2581 198 73
194 444 98
194 3154 90
194 3954 93
4187 4094 99
1233 4231 75
1233 3546 100
4231 1557 10
4067 3062 87
4067 4016 99
3062 3325 47
2628 2273 70
2267 3005 24
361 2789 24
2789 4237 29
506 3788 90
1688 2202 18
1688 3182 77
1494 2230 97
1494 3469 33
2230 751 57
644 1272 57
644 754 13
2549 747 93
56 3468 84
56 2897 10
3468 3330 78
173 340 12
1068 1498 11
1498 3812 18
3369 3650 65
3650 1003 28
3650 965 89
3123 1367 3
3123 3809 19
1909 1796 2
706 3450 16
706 758 4
706 3105 19
1372 2810 90
1996 2829 21
2145 828 87
1070 1570 52
3728 2449 99
2449 1296 27
3549 2164 49
3549 1939 67
182 909 20
182 2280 60
182 3615 52
4138 1467 58
4138 2128 46
1967 1727 40
1077 2246 76
1077 3232 23
2819 270 24
2513 3630 98
272 1572 57
2863 3284 37
2863 3192 87
753 1351 9
3740 3725 16
1258 2817 71
2817 1831 2
1232 3703 54
888 2438 59
4120 2360 73
1665 2995 46
1665 2902 48
1665 658 63
4252 3321 29
4252 923 95
2280 3657 63
134 302 15
3835 3585 94
1153 2001 27
2001 191 62
417 45 35
82 1505 75
1291 2614 43
2614 3373 79
3868 1426 33
3868 499 80
3868 2485 29
3534 1683 86
3534 3217 81
3534 2165 13
433 587 2
587 3562 19
2091 3288 95
3288 997 9
3857 2733 44
3857 446 69
3567 1454 5
693 2856 34
2856 3107 4
314 3985 43
314 1257 25
386 3066 4
386 1898 87
3066 616 66
2721 2677 55
1289 41 19
1289 217 78
3425 3693 1
3693 3590 83
1857 720 60
720 1362 62
1887 3273 65
3273 1558 22
3273 1560 61
281 3787 82
281 744 4
281 346 10
281 657 9
3787 1298 14
947 1238 99
543 1845 76
543 3698 65
3170 3807 98
3170 3599 89
349 959 29
349 1374 16
2186 3654 42
2186 2006 56
3654 1518 65
3827 3020 11
3479 957 63
4233 4251 32
4233 1737 45
4233 3442 22
3176 1315 41
3176 900 66
1315 571 19
2036 1191 22
2036 843 68
2036 200 21
1191 527 53
1280 1834 64
2540 2251 95
608 3429 73
249 1930 89
4000 247 72
4000 213 46
4000 1231 28
4000 3250 90
3507 3625 41
3507 3563 24
1963 674 25
1988 1209 74
1705 3307 76
3307 1745 43
3307 3584 31
533 850 20
2887 709 41
709 3094 56
709 3649 90
3800 1030 74
2281 1169 22
1169 2005 74
1169 1833 69
170 1893 1
887 2169 7
730 259 46
730 242 91
1805 1916 9
2659 2216 69
2216 3621 88
2902 3993 85
1422 508 29
1422 2678 24
388 3637 60
388 3941 72
209 1552 26
3842 3821 81
3821 866 72
1733 2194 4
1733 3330 69
3901 1790 45
1790 2503 37
3459 656 34
3459 3466 30
3402 1793 57
1793 1166 21
3432 3841 40
3432 2699 73
3841 3938 34
899 2788 52
817 3434 83
2027 3348 74
2027 923 7
1732 1044 16
1732 577 89
3700 666 4
666 2015 93
3535 3122 19
2479 1017 4
2479 1294 40
1017 3401 5
2149 1231 41
2149 1087 77
2149 3767 36
2996 1401 61
2996 2699 75
2905 847 37
308 3685 43
308 1055 18
3685 2040 78
2388 2913 63
2388 3661 3
805 3341 67
805 1605 55
3435 289 13
3435 2092 7
355 3751 69
355 190 19
1245 803 94
1936 705 90
1610 1314 85
1314 2025 71
1941 298 94
1941 3168 46
3594 776 99
776 3805 62
1204 2834 79
3631 257 73
3631 2193 43
213 2928 75
213 2924 50
165 3142 38
3957 1907 39
3193 852 98
78 2373 79
2373 1476 96
1971 3295 68
2006 2040 67
1736 4071 4
4071 3864 26
4237 1266 19
4237 3385 87
875 253 3
758 1223 18
758 2206 12
2770 590 39
2770 1786 45
2770 1320 25
1760 853 23
1749 1585 16
1585 2016 34
1585 4002 87
1938 2771 98
1293 3391 93
3486 446 87
446 2253 50
2343 3886 91
3590 105 86
648 3256 77
3438 60 37
2061 2305 41
2305 87 86
2568 126 41
229 1458 66
1458 1438 60
1458 2128 30
302 956 72
302 4097 94
1920 573 74
1920 3418 63
613 1437 85
912 2951 12
4137 2660 80
2660 1221 13
2809 2807 97
2807 2699 17
4234 715 34
2919 4152 96
3826 1745 85
3258 2503 99
2266 4244 34
2266 3806 94
4244 690 3
3169 3082 65
1115 2977 88
1115 1000 100
1115 1768 12
2977 1023 99
2977 3476 31
1197 1457 96
1457 143 13
1047 3632 5
3587 834 13
2893 2101 63
2101 2290 63
3825 1830 35
3825 2899 4
1752 2797 36
3182 1513 100
1513 1602 87
1916 3349 42
3349 4125 19
3570 1994 94
358 922 43
358 2790 46
358 192 49
922 3242 53
1817 519 91
1817 341 74
519 3475 27
519 3558 71
2345 3393 73
1774 346 77
1774 1893 8
21 2757 95
21 3061 92
3379 2448 86
1730 749 21
3737 3799 56
1321 3144 71
3144 1950 13
86 1762 81
1762 3812 52
1762 1362 51
1762 2108 77
2207 4034 26
4034 3132 89
1642 1748 23
1748 3911 4
4226 4257 80
637 759 57
637 3732 42
759 997 28
347 2910 53
347 3954 78
620 3525 94
2792 100 85
3039 2693 91
3039 1613 63
3708 1290 93
3708 2346 84
1735 3451 7
3451 1140 33
1111 3890 90
1111 4147 22
1111 2685 40
3130 2284 78
3517 3565 23
3565 1333 67
2821 3546 4
3546 3597 41
1252 2484 90
2412 2967 72
1808 4080 28
2961 4164 22
2961 1608 81
2961 1722 41
4164 143 23
4164 3990 6
2474 4190 35
2474 2464 49
4190 2395 25
3284 558 83
1423 530 49
1509 3852 31
1485 1230 34
3476 1548 37
2654 2436 100
3971 4098 80
4098 3079 65
4168 1459 55
1459 1635 88
1459 30 87
3542 1492 6
3542 3138 1
3361 2734 72
3361 1791 53
522 2117 49
2117 3649 24
1883 2804 63
1326 585 11
1326 2847 93
1194 181 48
1194 2161 88
413 475 70
1011 1173 40
550 2749 25
2404 221 25
1015 3378 52
1958 2629 67
1131 1650 27
1650 2764 40
645 4214 49
2310 3746 52
3746 3003 68
3746 3514 72
3962 192 68
192 193 77
1731 482 38
482 1085 76
2927 810 42
2927 1703 53
2420 4064 68
2420 2041 41
4064 1335 87
3923 3475 21
3475 3903 94
260 988 55
260 132 81
1181 941 62
1114 2676 39
2676 2527 7
2074 3004 35
3004 2135 82
1991 3642 42
3584 3769 58
914 2853 59
914 3987 52
2067 3613 96
2650 740 7
1595 1809 25
1595 3023 90
1809 485 28
1809 3999 4
4070 1437 83
1437 2962 5
1155 1527 15
1155 4149 92
2302 2146 7
2302 2453 16
2098 691 59
2276 2385 29
2015 3559 72
788 1225 27
518 2901 60
4026 3045 10
2671 2876 97
2120 3366 29
3366 4037 45
1820 2641 18
1484 686 58
2405 4145 3
2708 144 43
2730 554 11
3431 471 85
781 410 10
410 3690 29
3512 1514 88
3512 1007 78
3512 649 66
918 3623 73
918 1340 6
918 3837 67
3623 2136 40
4189 171 70
171 958 39
1000 3684 67
2122 2704 88
3660 870 17
870 4139 11
870 2187 14
3977 2685 18
2685 1382 34
2167 1184 10
2167 500 67
2167 1962 73
1786 1033 81
3820 235 75
581 1305 37
3466 4009 97
2722 1773 37
2206 3556 16
2206 3249 86
3452 1189 75
2954 3803 4
2695 484 67
1183 2511 62
2511 1450 14
2511 2197 35
2199 189 8
485 1388 53
2964 3862 33
2964 1864 98
577 2379 99
2379 643 26
1414 2200 90
3602 3940 20
1865 419 61
143 3422 25
3791 3888 87
3888 50 23
4139 3313 61
952 634 22
634 547 3
332 1265 84
1265 3419 40
1643 2399 49
1410 1537 17
1537 2177 6
217 707 86
1558 2498 92
1335 4108 17
1335 3551 97
2319 1018 34
3818 1100 97
3818 2714 41
897 3057 41
141 815 4
3405 4150 6
4150 113 62
807 1584 3
1584 4036 99
2090 3294 59
4085 2401 58
2615 2362 100
528 787 54
787 1352 23
2803 3234 13
2803 3871 41
2803 1861 31
3043 1538 97
3990 4097 14
1634 1421 39
1634 1112 38
1634 1523 69
1634 1899 93
3638 795 44
1049 2759 49
740 3547 16
3980 1545 61
2823 3609 17
1993 770 36
2029 3577 1
2029 3674 53
1500 2234 8
3175 1690 80
901 2687 55
1317 3412 40
2825 1995 39
55 688 28
3937 3290 91
1710 1884 100
1710 251 78
3705 3342 31
3342 3388 96
3049 3564 43
3049 3669 17
3215 1158 95
1158 3643 32
4228 3229 93
3229 435 71
1557 3139 4
1087 2111 74
2852 2475 75
2852 127 12
2475 2313 73
3419 459 46
1695 1979 42
1979 3949 37
3033 1985 53
3061 925 57
3061 3521 74
3061 2694 5
3383 4203 42
113 2477 42
1542 707 29
1012 4197 46
1016 240 85
4170 2240 72
4170 1981 22
3749 626 81
3054 3823 78
3823 2443 74
2008 396 23
2008 3953 70
3967 1212 46
3967 2378 92
1212 1823 8
348 1743 47
2903 2666 12
2903 2408 19
2788 2878 92
3246 2589 85
2038 2597 55
2494 392 51
3810 1754 25
1754 2771 75
2930 536 9
1536 3853 42
571 1896 47
717 3472 46
569 1768 32
1571 1055 48
1571 4084 100
1571 4 17
2528 3191 12
2264 1134 87
3538 929 48
3538 1819 17
2931 2151 97
2151 124 26
542 2289 32
3657 338 21
2156 685 18
760 893 100
1408 4215 53
1408 3663 97
2293 3774 57
2293 3257 75
3774 1101 36
4235 2084 76
3796 3222 40
4104 4130 50
2714 3204 17
1725 2769 41
3160 4003 44
2517 2760 16
3714 324 59
3586 356 2
1856 1831 28
664 1776 3
2406 1806 41
865 1697 88
692 2640 27
2331 2435 7
487 462 70
1152 424 43
1152 2208 50
1278 3202 61
683 3919 64
556 391 26
3731 2907 37
3750 4018 32
954 1775 78
2984 3343 65
2035 4239 1
1870 3914 80
1099 1811 64
2632 529 76
529 2843 18
529 2047 77
3164 614 37
1406 1284 98
2542 2849 75
2849 3645 30
4155 1959 45
1959 402 79
3518 1093 35
3162 742 64
1029 861 83
1676 3293 5
477 2573 39
1221 3358 76
3552 1992 31
122 849 2
557 2618 74
557 762 61
2618 183 68
680 241 56
2238 70 48
90 3135 49
1323 1944 10
3101 2215 12
1769 1475 14
2929 765 97
312 1601 72
2791 1554 36
2490 950 15
2539 3795 32
1006 4066 24
2820 3867 5
3863 3694 96
3694 3471 84
630 2563 84
2563 3833 17
3100 2860 29
1319 881 91
993 3396 92
993 2550 60
3396 4257 78
4039 1691 22
3277 313 9
3364 110 53
3248 4007 50
3248 80 46
3914 3956 35
3641 1761 98
786 3824 77
1363 3730 78
2550 4166 46
4093 3832 80
3960 1176 97
4042 3463 67
1763 2308 91
2308 3635 100
4254 725 42
2495 1243 38
2495 264 26
1243 1089 25
36 1986 26
3239 603 57
603 3143 40
848 2168 20
2527 3316 93
2583 1715 1
3936 830 79
1467 1088 74
354 3255 46
2306 1659 88
2440 3309 69
1034 659 94
1218 366 97
1499 738 43
3003 3220 42
3422 3087 57
4157 2587 14
465 1783 99
3069 251 39
1121 3521 15
3231 3236 72
3236 1350 64
1564 3691 93
1476 689 55
2493 1533 95
3788 421 61
2324 1812 96
2535 3303 99
1400 586 8
1392 3906 91
3732 2087 11
370 3997 93
4043 3955 82
1122 1606 65
1122 1615 59
1905 652 55
652 447 37
3171 1094 65
99 2826 45
23 275 36
3377 839 80
4004 455 71
4004 774 92
455 1661 32
636 981 9
124 3523 77
1033 965 22
3817 3929 90
2501 1622 57
2501 1344 55
1450 357 38
3037 1891 64
3781 3709 60
3781 491 37
2988 564 80
4249 1569 97
4131 3356 64
3523 2507 36
3639 3627 62
3627 1120 48
187 890 97
2376 1592 83
3118 3553 22
2866 1672 60
3499 2911 6
675 4116 50
905 3601 66
4243 2382 94
2806 1860 38
1549 4219 73
1138 220 35
2367 3216 85
960 4201 99
4201 701 44
3455 3266 2
840 109 22
3562 2113 72
2000 1655 62
1973 3210 61
2170 3133 88
3703 2567 56
3473 2985 43
2390 917 30
4032 1800 12
3104 1244 21
3104 2272 39
501 3296 40
513 2384 92
3935 3765 50
3149 2999 34
1117 1698 54
2229 2546 69
3461 3569 79
985 1433 99
3365 924 65
2980 8 8
2980 325 9
1157 271 62
2414 1832 21
2414 2604 65
1832 1658 90
3545 4075 37
3545 1961 67
1056 4082 94
3018 3668 8
3591 2471 86
3895 2313 51
3739 1383 20
2424 3071 20
1913 3687 59
2698 877 97
4167 2850 91
3889 2365 60
3843 3007 91
3843 601 43
3384 833 63
255 2294 22
2867 2134 47
352 2014 37
3357 2799 50
4037 559 39
3261 2272 83
723 2205 61
723 3306 65
2115 3114 58
3189 1237 94
3041 1493 68
3041 2646 42
1579 898 88
4022 3801 41
3801 54 97
1331 4076 21
722 2237 85
991 486 10
4169 1746 15
4017 1960 15
2045 2314 30
2389 1824 39
1501 2941 82
559 2639 34
4106 196 68
2646 3494 46
2355 2739 6
2210 2254 76
1403 3991 63
4056 1465 99
3056 2846 36
1203 655 64
4031 3856 28
2541 702 52
3756 549 44
2052 908 13
74 1336 56
2869 2126 6
286 1086 90
1974 1461 92
2626 2158 65
1616 3367 80
1674 1686 5
3838 1242 97
3199 602 35
546 3146 49
3798 1262 78
4062 3292 51
2485 1789 71
3757 1578 75
1719 1922 90
2352 274 36
1146 978 3
2894 24 82
3920 1234 84
2183 3299 20
4077 3778 65
1460 128 69
3140 627 68
3495 3540 98
1822 1240 90
3747 3415 59
575 2994 91
2393 2801 6
1702 267 76
1273 1090 91
2696 33 75
1535 3354 92
359 3816 78
2703 3576 15
3038 1236 66
1462 621 11
1311 67 43
4176 3184 44
2460 596 62
1770 393 50
2945 1076 11
3658 2338 12
3904 1150 29
