552 2827 14
552 2882 80
552 578 22
2827 1061 99
2827 1187 93
2827 890 11
2108 2654 72
2108 1147 39
2108 575 23
2654 1254 61
2654 1712 94
2654 1670 1
2654 2869 54
150 2466 22
150 2566 8
150 727 20
150 1218 65
150 2642 44
150 2605 84
150 322 58
894 359 12
894 962 76
894 2433 74
894 897 20
894 1313 66
359 1138 92
359 1196 89
359 245 36
359 398 43
1462 1524 36
1462 1716 60
1462 1215 11
1462 21 91
1462 293 65
1524 573 12
1524 2399 79
1524 444 52
2214 1962 33
2214 2210 92
2214 2038 73
2214 2792 43
1962 2879 77
1962 2764 24
1962 1132 11
1962 849 30
1962 2832 17
2655 38 4
2655 2384 42
2655 1383 93
2655 2311 7
2655 2049 86
2655 1912 96
38 634 32
38 791 96
38 2119 35
38 1794 58
38 1577 60
706 889 80
706 1308 81
706 2478 38
706 2041 55
889 1850 14
889 2179 12
2378 1369 95
2378 1529 59
2378 2153 79
2378 749 74
1369 2822 1
1369 2872 71
1369 708 99
1915 2637 98
1915 2831 96
1915 1471 52
1915 2039 63
2637 520 86
2637 56 39
2637 523 95
2637 1291 96
2637 937 79
2637 819 38
847 169 8
847 464 58
847 242 76
847 2846 62
847 2528 65
847 278 78
169 410 36
169 146 48
169 603 21
169 2018 88
1979 1397 73
1979 2396 86
1979 796 6
1979 660 17
1979 2566 67
1979 1905 41
1979 2889 77
1979 179 35
1397 1531 7
1397 408 81
1397 2388 35
1397 2042 9
1910 1001 45
1910 2630 49
1910 1973 91
1910 780 78
1910 2 84
1910 1939 86
1910 232 59
1910 1149 28
1910 324 17
1001 1851 100
1001 2064 97
1001 2778 48
1001 1785 50
1001 365 10
1001 2511 3
764 688 51
764 1714 50
764 2129 42
764 2851 88
688 503 51
688 708 57
688 1504 38
471 1966 92
471 2029 92
471 1108 83
471 1802 36
1966 2079 85
1966 1125 100
1966 488 18
1966 864 43
1966 2703 32
1966 1682 25
1966 1206 83
1966 2746 29
1966 1606 32
1729 888 75
888 1077 70
888 467 64
888 1365 50
888 1482 85
888 635 34
888 1152 25
1304 1171 90
1304 576 75
1304 2018 4
1304 639 19
1171 419 64
1171 2084 34
1171 2748 33
1171 1298 99
1171 2476 61
1171 1773 91
2307 35 69
2307 2386 45
2307 1161 86
2307 17 87
2307 1361 32
35 2670 56
35 1529 82
35 1016 82
35 2764 31
2286 1745 24
2286 2541 14
2286 1574 94
2286 475 69
2286 2387 10
2286 2576 10
2286 1854 34
1745 2465 53
1745 1638 52
1745 1068 87
1279 2289 17
1279 1241 27
1279 1614 28
1279 2203 6
1279 2855 94
1279 2490 25
1279 1360 13
1279 2919 100
1279 1436 35
2289 23 88
2289 2174 57
1592 2223 91
1592 1635 39
1592 391 81
2223 543 80
2223 1117 82
2223 2857 58
2223 1130 44
2223 940 54
2223 2332 100
2223 2509 49
2223 2757 8
2223 2179 61
2223 64 61
2223 2494 40
46 1537 66
46 833 100
46 1069 92
46 583 23
1537 1813 69
2448 411 33
2448 2116 73
2448 264 73
2448 1113 97
2448 196 54
411 1132 97
411 1600 21
411 1284 91
411 2863 81
2696 1848 2
2696 193 3
2696 628 15
2696 1575 14
2696 2338 61
1848 1154 4
1848 1178 84
1848 2262 60
1848 694 57
1848 1363 36
1848 1273 37
1848 2402 6
1848 918 40
1848 1021 26
1041 991 18
1041 631 90
1041 1341 82
1041 1824 42
1041 2410 20
1041 1081 36
991 1976 35
991 1688 30
991 1669 10
991 638 72
991 209 3
2314 876 61
2314 2345 20
2314 1568 1
2314 257 92
2314 1128 22
2314 599 88
2314 133 46
876 1312 6
876 1852 80
876 584 74
876 2093 78
876 2579 80
629 1019 73
629 430 55
629 266 31
629 2172 14
629 2695 3
1019 2751 83
1019 2596 97
1019 2798 100
1019 2312 12
1019 2355 13
1019 1601 67
1019 1343 41
146 2662 60
146 320 54
146 744 29
146 1395 47
146 2785 6
146 806 52
146 1766 40
146 936 10
2662 840 36
2662 1204 12
2662 2435 37
2662 2137 75
885 2138 79
885 2684 66
885 566 98
2138 630 50
2138 1133 92
2138 2412 60
2138 833 55
2138 422 31
2138 153 98
1350 2400 89
1350 762 37
1350 2704 71
1350 416 91
1350 2491 7
1350 86 19
2400 818 1
2400 3 45
2400 69 71
2400 185 62
1808 1085 100
1808 2562 8
1808 2623 33
1808 1759 94
1085 2592 57
1085 1684 99
1085 985 2
1501 1646 54
1501 1875 35
1501 1059 64
1501 2151 55
1501 1620 46
1501 223 29
1501 2568 61
1501 2531 65
1646 1799 78
1646 703 65
1646 1289 45
2761 2526 96
2761 214 81
2761 264 76
2761 2476 87
2761 1031 13
2526 1150 13
2526 107 20
2526 2714 14
2497 2371 10
2497 943 27
2497 1500 56
2497 577 94
2371 1559 13
2371 394 75
2371 170 93
2371 1311 34
2371 1207 23
2371 2125 76
2522 2641 74
2522 2392 93
2522 330 84
2522 1671 42
2641 2118 56
2641 828 57
2641 1792 16
616 992 67
616 173 24
616 2151 65
992 2146 69
992 92 56
992 1833 84
992 839 31
992 993 48
992 2079 89
525 611 10
525 52 1
611 2208 5
611 2463 7
611 1834 96
611 456 59
611 1946 41
374 2895 96
374 463 72
374 1835 12
374 2308 50
374 2825 9
2895 705 49
2895 67 9
2895 333 74
2895 978 90
2895 364 75
2895 2478 10
2895 2884 9
2895 2222 17
2436 1795 77
2436 584 65
2436 2321 14
2436 1128 84
2436 1723 13
1795 2808 9
1795 387 2
1795 211 84
1795 2267 13
1795 2454 80
1795 2336 37
2803 1792 35
2803 1219 50
1792 2566 72
1792 317 15
1792 2273 5
1792 1958 10
1736 474 18
1736 1833 61
474 2227 65
474 2795 46
474 1671 44
1339 1255 61
1339 75 88
1339 834 74
1339 540 20
1339 1903 12
1339 1937 68
1339 668 97
1339 1249 26
1339 2135 10
1339 2338 2
1255 2001 35
1255 1546 15
1255 2068 19
1255 905 3
2621 2366 26
2621 594 30
2621 2094 99
2366 1595 73
2366 786 82
2366 519 87
426 1786 75
426 1244 96
426 2363 19
426 1425 56
426 1960 25
426 2519 72
426 2912 2
1786 204 81
1786 734 34
1786 1958 28
1786 363 97
2080 2344 39
2080 2539 41
2080 2785 82
2080 635 54
2080 1802 97
2080 1027 73
2080 1901 15
2344 2428 12
2344 379 31
2344 2179 46
1743 493 6
1743 1964 42
493 2309 65
493 2089 90
493 1715 61
493 1794 42
493 509 31
2832 1211 58
2832 1875 55
2832 420 67
2832 1328 24
2832 666 58
2832 2484 19
2832 1890 46
1211 810 8
1211 117 20
1211 1556 71
1211 2651 48
1211 1954 60
1211 2542 3
1211 2920 18
631 1284 54
631 2204 61
631 2385 94
631 2762 85
1318 322 34
1318 1941 47
1318 2850 79
1318 1276 83
1318 2582 79
322 1461 12
322 26 81
283 730 34
283 1691 40
283 758 27
283 486 83
730 148 1
730 301 86
730 857 68
730 808 91
730 1196 52
730 1837 34
730 2900 95
1395 2609 70
1395 2054 5
1395 278 91
1395 1748 11
1395 940 92
1395 2153 75
2609 2883 49
2609 2529 86
2609 1601 55
2609 2650 52
2609 1891 92
2609 2601 93
2609 2388 100
1666 80 84
1666 1958 39
1666 290 44
1666 1595 52
80 1944 57
80 679 26
80 1567 62
80 1026 65
80 720 98
502 868 78
502 1319 32
502 773 31
502 1102 9
502 2188 64
502 2690 40
502 2562 69
868 1874 40
868 521 19
2535 2561 36
2535 1511 46
2535 2216 2
2535 1054 34
2535 959 92
2535 2063 91
2535 1894 86
2561 983 45
2561 2789 45
2561 1645 58
1247 2873 2
1247 2608 29
1247 2705 7
1247 2373 7
1247 1157 80
1247 2614 65
2873 2585 34
2873 2584 39
2873 1514 47
2873 2152 45
2873 865 57
101 165 26
101 2720 11
101 321 48
101 1919 86
101 2579 36
101 168 48
101 1421 86
165 2325 26
165 41 10
2791 723 63
2791 2607 28
2791 470 58
723 1591 32
723 2820 89
723 1021 21
723 9 42
1269 253 12
1269 2750 69
1269 268 94
1269 469 69
253 2310 86
253 1405 48
253 974 89
253 2831 18
2389 2600 56
2389 113 31
2389 2688 11
2389 1660 2
2600 1160 30
2600 164 30
2600 1292 5
209 2801 87
209 615 14
209 1992 70
209 1136 70
209 662 42
209 1014 23
209 124 82
2801 2807 69
2801 2044 9
2801 2435 33
1625 1983 79
1625 1950 87
1625 2750 40
1625 1973 25
1625 752 39
1983 331 74
772 1862 32
772 2916 33
772 1648 3
772 1252 67
772 918 100
772 1285 34
772 92 53
772 2918 17
1862 1594 24
1862 857 46
1862 637 14
1862 2743 21
1862 55 31
1862 1104 31
1862 1050 5
1862 284 43
2909 1361 61
2909 538 100
2909 1329 4
2909 2622 28
2909 654 2
2909 254 46
1361 2335 50
1361 2659 50
1361 2423 91
1361 2548 15
1361 1768 15
1361 13 36
1361 2533 67
1825 274 72
1825 2875 35
1825 2577 64
1825 1428 33
1825 2005 93
1825 2606 81
1825 2531 61
274 2423 36
274 2499 91
274 2869 3
678 2386 27
678 166 32
678 435 63
678 1214 97
678 463 81
2386 2481 13
464 1530 60
464 573 11
464 2784 78
464 1314 43
464 1453 41
1530 811 68
1530 1717 5
1530 1468 71
1530 68 37
1530 1656 62
1530 2427 94
2816 1146 94
2816 2253 69
2816 279 74
2816 1357 17
2816 2656 93
2816 2571 56
1146 1103 61
1146 2534 53
1146 646 96
1146 2017 61
1146 2717 78
1146 2220 67
1146 554 72
1557 748 43
1557 2149 7
1557 292 81
1557 1713 22
748 344 100
748 181 78
748 2106 10
748 2183 4
2421 1654 69
2421 2539 77
2421 2915 39
2421 2605 99
2421 2753 20
2421 286 76
2421 18 57
1654 1490 55
1654 1942 6
1654 2563 20
1654 14 50
1654 1610 46
1873 281 55
1873 308 9
1873 108 87
281 776 95
281 715 77
594 1992 58
594 475 82
594 2094 98
1992 1108 79
1992 2651 9
1710 1083 26
1710 998 59
1710 1035 11
1710 1430 40
1710 135 96
1083 1203 1
1083 124 88
1083 686 91
1083 2833 74
1083 342 77
1083 553 24
1083 2184 40
1083 1129 50
1083 2279 92
538 2015 59
538 99 44
538 2914 51
538 2361 56
538 2196 21
538 1464 60
538 928 100
2235 1098 29
2235 825 22
2235 1216 37
2235 260 33
2235 313 76
2235 1198 80
1098 2854 11
2626 2786 45
2626 536 22
2626 1737 16
2626 684 77
2626 76 45
2626 1498 70
2626 1896 31
2786 223 18
2786 1359 27
2786 776 53
2786 132 80
2786 2636 31
2786 1440 59
487 2224 29
487 1420 65
487 1980 14
487 1787 7
487 1464 21
487 767 91
487 463 65
2224 2363 3
2224 2241 15
2224 2203 14
2224 2150 11
2224 550 10
2224 2349 45
2224 1138 100
1469 701 19
1469 1757 9
1469 787 27
1469 1429 76
1469 2756 60
1469 1174 89
1469 311 88
701 2340 43
701 116 95
701 739 52
701 857 6
701 1685 88
585 2287 31
585 2745 14
585 1382 96
585 2028 81
585 757 87
585 501 3
585 2339 74
2287 2306 3
2287 905 29
2287 648 55
2287 112 37
2287 2385 27
2860 1370 35
2860 297 52
2860 282 58
2860 2691 10
2860 1396 21
2860 1334 45
2860 2375 4
2860 1192 74
2860 2347 28
2860 2068 80
2860 1135 52
1370 34 46
1370 2098 24
1370 2664 43
1370 1787 15
1370 584 90
1370 1272 61
1370 2902 79
191 770 28
191 2173 83
191 1404 40
191 2660 6
191 1186 44
191 2449 53
770 1061 92
770 1301 62
770 2854 61
770 2372 98
770 1826 85
770 560 46
770 2432 36
770 1179 68
2265 1955 90
2265 2508 2
2265 628 24
1955 2675 43
1955 141 87
1955 1351 100
1955 955 12
1955 694 28
2875 1753 74
2875 1357 7
2875 1614 95
2875 1723 3
2875 1971 71
1753 2800 1
2693 470 88
2693 578 81
2693 2528 72
2693 2259 23
2693 711 27
2693 1250 79
2693 544 30
2693 777 25
2693 257 49
2693 1504 63
2693 875 40
470 2899 67
470 2893 43
470 665 19
470 1204 31
11 120 40
11 221 65
11 575 80
11 192 23
11 1385 75
11 860 22
120 2452 22
120 1340 28
120 2465 93
120 2727 11
2335 1643 40
2335 2272 48
2335 1354 18
2335 944 61
2335 791 76
2335 689 41
320 270 83
320 1720 65
320 2178 29
320 299 27
320 694 88
320 2912 98
320 2679 59
320 2195 61
270 2674 54
270 2747 48
270 1068 89
270 286 93
270 1527 12
270 1866 25
270 2147 45
2672 617 67
2672 72 52
617 750 47
617 1886 67
617 390 73
617 2191 99
617 2586 100
617 1908 26
2658 988 23
2658 1583 32
2658 2798 51
988 2012 89
988 1596 61
988 725 27
814 1895 25
814 2842 51
814 1555 38
1895 1137 28
1895 111 81
1895 521 9
1895 1563 51
2883 491 21
2883 1068 2
2883 778 35
1593 891 54
1593 1597 85
1593 2072 2
1593 1672 59
1593 2888 18
1593 1507 13
1593 2917 68
1593 1337 66
1593 1574 23
891 882 80
891 763 71
891 2923 99
891 383 61
891 1209 36
771 267 20
771 1441 72
771 118 1
267 1579 96
267 2 97
267 476 77
2904 1290 24
2904 2627 60
2904 751 78
2904 2821 94
2904 1936 84
2904 626 72
2904 2889 5
1290 1206 67
1290 45 97
1290 2645 8
1290 574 7
1290 1253 46
2749 157 94
2749 1673 73
2749 398 14
2749 1514 97
2749 2486 44
2749 2189 20
157 2892 68
157 1999 55
157 963 70
157 2525 96
157 2634 10
157 230 55
157 1510 56
1982 91 66
1982 2470 60
1982 625 58
1982 1627 51
1982 2230 72
1982 754 84
1982 1788 47
1982 204 52
91 2511 82
91 544 59
91 936 21
91 354 33
2383 1659 31
2383 482 52
2383 2194 57
1659 325 70
1659 1837 42
1659 1577 26
1659 177 83
1659 220 11
1659 1022 85
1311 319 75
1311 1513 85
1311 1573 52
1311 826 80
1311 2555 35
319 314 11
319 2864 13
319 1249 100
319 2159 47
796 293 90
796 2606 84
293 800 10
1037 2678 79
1037 2395 59
1037 1051 34
1037 883 50
1037 2430 84
2678 2705 88
2678 2131 91
2678 2333 46
2678 2634 45
2678 1942 14
2678 1989 30
2678 2060 33
1604 2896 11
1604 1240 42
1604 1620 70
2896 148 82
2896 1433 93
2896 2505 57
1109 1888 88
1109 2256 51
1109 1791 9
1109 2723 3
1109 2488 11
1109 1356 100
1109 588 33
1109 2373 18
1109 539 54
1109 2172 26
1888 496 36
1888 333 92
1888 597 24
1888 466 58
1888 1250 47
2763 1064 16
2763 176 93
2763 757 22
2763 1520 55
2763 372 6
2763 2315 21
2763 205 61
2763 727 31
1064 1796 74
1064 364 55
1064 1665 24
1064 1807 52
1064 475 36
430 300 33
430 2087 38
430 577 92
430 2298 19
430 2144 19
430 1549 53
430 1199 42
2463 1145 82
2463 1968 72
2463 1641 15
1145 2427 25
2178 2346 77
2178 2610 39
2178 2365 50
2178 1162 55
2178 2669 24
2178 51 34
2178 958 71
2178 1441 33
2178 862 27
2346 641 82
2346 1997 91
2346 724 1
2346 224 66
2346 2575 52
2346 1989 44
2346 1513 32
1095 1692 11
1095 461 13
1095 2233 57
1692 145 57
1692 605 46
1692 641 51
1692 794 12
1692 2456 85
1692 1599 65
1692 1288 32
1692 1996 1
1205 37 58
1205 1956 97
1205 199 16
1205 1274 36
1205 2145 26
1205 1111 41
1205 195 39
37 2615 57
37 942 74
37 1261 62
1006 2153 93
1006 1184 81
1006 660 51
2153 2349 44
2153 112 52
2153 1548 72
2153 1418 5
2153 1695 62
2153 2720 83
2153 2415 64
2153 1143 66
2153 2845 84
950 2039 15
950 296 47
950 363 20
950 111 7
950 1120 20
2039 2309 92
2039 1956 79
2039 2005 49
2039 935 52
2036 603 39
2036 78 69
2036 442 21
2036 875 3
2036 2914 26
2036 351 67
2036 2482 2
2036 685 28
2036 1871 75
603 1671 32
603 819 96
603 1113 91
603 2084 94
603 2034 66
2139 2131 57
2139 1113 16
2139 2540 97
2131 2019 13
2131 569 90
2131 1352 98
2131 2503 28
2131 1063 25
2131 2053 60
167 2913 91
167 2808 71
167 2081 91
167 419 69
167 200 81
2913 2887 38
2913 696 14
2913 285 46
2913 183 6
1965 2192 13
1965 1635 73
2192 1842 34
2192 1676 15
2192 2810 49
2192 866 14
2812 1471 82
2812 751 14
2812 757 90
2812 2492 85
2812 1640 9
2812 750 39
2812 2442 67
1471 2479 1
1471 2520 69
1471 1129 96
1471 654 93
1471 427 90
1471 2474 34
1471 2420 54
2914 2730 96
2914 2221 92
2914 1503 27
2914 139 38
2914 509 15
2730 2433 74
2730 383 25
2730 2602 90
2730 2684 29
2730 1934 78
716 1823 19
716 2271 90
716 2155 84
716 323 71
716 614 39
1823 386 33
1823 523 100
1823 1521 93
1823 1439 27
2227 2906 23
2227 1941 95
2227 1699 69
2227 734 25
2906 800 46
2906 783 87
2906 915 37
2906 235 67
2906 395 38
1442 1696 49
1696 2780 93
1696 1845 98
1696 2318 27
1696 1714 23
1586 100 13
1586 672 11
1586 2077 56
1586 2005 79
100 292 61
100 172 65
100 613 44
100 52 93
382 336 37
382 2708 75
382 1105 95
336 2410 61
336 273 23
336 6 8
336 1917 7
336 218 66
336 1032 84
1386 2859 8
1386 531 62
1386 1780 3
1386 719 18
1386 1245 17
1386 884 54
2859 1610 67
2859 2502 44
2859 1088 84
2509 308 18
2509 807 93
2509 2760 46
2509 670 96
2509 1558 100
2509 2841 27
2509 2898 18
308 1456 51
308 2835 20
726 397 48
726 2076 43
726 935 24
726 2401 56
726 1735 21
397 1800 96
397 1485 6
397 2916 15
397 1511 19
397 1334 59
397 116 12
1341 2312 4
1341 2886 36
1341 1428 96
1341 2295 17
1341 531 87
1341 387 81
1341 2215 84
2312 2255 45
2312 2568 89
1725 2000 34
1725 2254 20
1725 1481 79
1725 1405 1
1725 1210 13
2000 369 21
2000 1107 2
2000 461 84
2000 2712 19
2000 574 36
2000 808 26
2000 2064 76
28 2442 18
28 2086 44
28 2097 46
28 1988 70
2442 2636 63
2442 218 32
2442 2440 24
2442 207 76
2442 1215 43
2442 970 72
853 2481 36
853 2884 88
853 256 33
853 938 92
853 2408 14
853 1843 48
853 1496 92
2481 2349 31
2481 998 44
2481 2055 49
2481 2294 24
2481 1228 29
1490 883 64
1490 2269 60
1490 762 69
2005 210 75
210 1028 42
210 543 7
210 2217 61
1261 1855 52
1261 204 5
1261 2353 4
1261 1768 54
1261 1763 95
1261 1869 41
1855 1828 79
1855 2732 83
573 2451 46
573 1685 75
573 940 26
573 2252 51
901 798 80
901 1130 81
901 2810 18
901 1382 12
901 1976 84
901 1014 24
798 2579 28
2395 24 25
2395 2088 93
2395 609 67
2395 1953 33
2395 2520 67
2395 2546 27
2395 1612 100
2395 1437 91
24 595 24
145 1474 76
145 2656 62
145 33 95
145 1125 2
145 199 72
1643 2185 79
1643 1009 75
1643 2552 25
1728 2907 75
1728 2199 36
1728 2683 2
1728 189 74
1728 2542 49
2907 2690 56
2907 681 47
2907 899 43
2907 2317 1
2333 693 57
2333 178 93
2333 455 59
2333 1770 32
2333 1112 80
693 2796 46
693 921 3
693 843 10
693 2185 80
693 1023 44
693 106 94
693 2850 19
693 1838 75
1219 1582 88
1068 2396 96
1068 2363 29
1068 1360 50
1068 2545 80
2396 1056 91
2396 1946 87
2396 851 80
2396 2412 35
1904 504 31
1904 1009 73
1904 2892 33
1904 2627 20
1904 2668 7
1904 1246 91
1904 207 35
504 564 52
504 2353 28
504 2163 5
554 2592 86
554 1232 6
554 1528 77
2592 2155 1
2592 403 76
2592 1075 59
2592 1475 18
1813 2732 38
760 1088 33
760 2607 88
760 1663 27
760 636 7
1088 1990 31
1088 2664 48
1088 636 77
1088 1845 92
1088 2110 36
705 1487 23
705 1999 47
705 184 72
705 930 87
1418 262 69
1418 2527 5
1418 2574 4
1418 2745 62
262 1218 85
262 2880 67
262 1478 33
262 651 37
1928 620 82
1928 2690 39
1928 1926 43
1928 539 48
1928 2478 100
1928 928 95
1928 691 55
1928 601 3
1928 1834 90
1928 1392 50
620 1768 61
620 444 98
620 348 60
620 2475 89
620 1426 93
2057 2009 13
2057 2320 18
2057 707 49
2057 1436 61
2057 2886 73
2057 356 10
2009 2072 59
2009 1640 50
2009 2415 46
2009 1354 47
2009 1353 39
2009 1738 3
2009 1045 20
2009 2735 18
1797 1977 43
1797 1843 83
1797 897 45
1797 636 41
1797 2054 56
1797 651 58
1977 1544 17
1977 1287 63
1977 2337 99
1977 2467 8
1977 562 35
1264 164 82
1264 1630 74
1264 1787 75
1264 2706 88
1264 943 26
164 1852 20
1990 1931 51
1990 919 43
1990 442 29
1990 2158 64
1990 2126 21
1206 2260 9
1206 79 4
1206 1272 92
1206 32 5
1206 1841 52
1206 569 78
1206 2440 22
1206 2482 2
2703 2606 27
2703 182 15
2703 2793 66
2703 1374 86
2703 1946 35
2703 759 41
2703 1306 58
2606 9 46
2606 1851 83
2606 1483 48
2606 1579 63
2606 494 47
2844 1923 89
2844 1444 21
2844 1872 66
2844 276 66
2844 618 48
1923 919 80
1923 2530 84
1923 1678 29
1134 1715 61
1134 1788 86
1134 2487 34
1134 1775 63
1715 793 84
1429 1314 55
1429 1835 64
1429 2387 25
1429 2171 6
1429 1953 19
1314 1610 51
1314 2257 75
1314 2553 43
1314 2558 81
2911 645 70
2911 2820 78
2911 578 85
2911 1574 34
2911 2781 39
2911 534 60
2911 1573 27
2911 2474 94
645 116 20
645 862 38
645 769 93
645 2893 73
645 383 69
645 1392 28
645 1459 35
436 1236 35
436 1538 64
436 2593 6
436 833 59
436 1477 24
436 1407 54
1236 2716 36
1236 1897 29
2348 2406 21
2348 2529 77
2348 137 42
2348 2203 44
2348 1270 81
2406 731 81
2406 2229 13
1015 492 84
1015 2636 85
1015 1230 95
1015 2548 47
1015 1791 5
1015 1730 28
1015 2399 47
1015 583 13
1015 1103 62
492 740 98
492 711 64
492 2243 57
492 2910 92
492 363 42
492 2604 93
492 1335 26
427 1302 35
427 2531 62
427 2724 70
427 2890 7
427 154 62
1302 2245 45
1302 1699 73
461 2743 64
461 879 68
461 2095 37
461 2037 86
461 2279 63
2743 162 43
2743 881 99
2743 1552 5
2743 256 78
1989 791 89
1989 1406 62
1989 226 24
1989 1636 34
1989 2706 38
1989 954 29
791 1151 26
791 1549 66
791 2169 33
791 963 53
791 2154 40
791 2888 96
1359 2193 23
1359 887 15
1359 12 63
1359 2092 78
1359 1248 49
2193 2701 33
2193 2449 20
2193 2560 48
2193 27 14
578 2888 89
578 2800 68
578 467 71
578 1324 3
578 797 40
578 1663 12
17 279 13
17 1671 67
17 1396 33
17 1357 28
17 1187 95
17 2814 33
17 2627 32
17 1948 31
17 1217 61
279 1 32
279 2317 99
279 2190 48
279 2199 78
162 1014 13
162 234 98
162 2769 89
162 2099 78
162 112 46
162 1591 44
1144 575 49
1144 132 5
1144 1180 52
1144 1421 3
575 832 94
575 1577 44
2088 284 91
2088 788 17
2088 2607 55
1436 159 47
1436 593 48
1436 972 52
1436 47 74
1436 1937 4
159 156 37
159 70 75
383 2731 53
383 839 43
383 934 84
383 276 51
383 2590 8
2731 331 16
2731 715 85
2808 1536 13
2808 2347 45
2808 2270 78
2808 2653 46
2808 147 1
2808 1599 76
423 1796 66
423 447 42
423 2020 89
423 410 41
423 2515 8
423 1994 80
1796 2853 53
1796 1764 96
1796 1935 37
1796 221 86
1796 2025 69
503 151 75
503 74 37
503 2321 17
503 2888 63
2872 1022 54
2872 1189 58
2872 638 19
2872 2397 51
2872 1714 47
2872 1647 77
2872 2633 86
1022 2031 13
1022 2003 67
1022 1686 82
1747 2210 11
1747 1887 64
1747 2264 76
1747 2651 80
2210 1867 11
2210 1899 73
2210 2405 45
2210 980 77
2210 535 36
2210 2745 77
751 567 89
751 2725 37
751 1410 46
751 969 24
751 639 23
567 1518 1
567 1661 90
567 712 2
173 589 40
173 714 94
173 1831 3
173 1116 51
173 721 45
589 2547 29
589 242 97
589 2574 35
589 1061 82
589 1271 61
589 1011 19
2432 1809 44
2432 1698 30
2432 1198 7
2432 1389 53
2432 1685 47
2432 1684 76
2432 1187 51
1809 1227 40
1809 821 63
1995 2067 19
1995 775 57
1995 2242 7
1995 1392 40
1995 941 55
1995 1323 6
1995 2330 10
1995 750 90
2067 2516 7
2067 2110 85
2067 1239 1
2067 198 77
2150 920 18
2150 2470 5
920 1606 24
920 2329 10
920 183 53
920 521 85
920 2636 81
920 2019 40
920 1329 53
920 1493 32
750 2121 13
750 1884 93
750 1002 63
750 2308 34
750 2564 29
750 1905 8
750 152 11
750 1948 15
1406 1526 30
1406 468 90
1406 882 32
1406 2706 11
378 431 28
378 449 26
378 956 95
378 110 85
378 1241 51
431 305 11
431 2381 21
431 562 34
969 2754 30
969 2523 17
969 1491 44
969 2206 70
969 1162 47
2754 833 1
2754 2134 78
1641 125 19
1641 805 30
1641 94 12
1641 1422 19
1641 2398 96
125 2753 63
125 2440 22
125 2853 38
2451 233 40
2451 1642 61
233 557 69
233 2698 42
233 1077 48
233 1476 99
2771 1548 76
2771 375 9
2771 975 11
2771 2717 58
2771 1572 78
2771 400 80
2771 2581 8
1548 287 64
1548 684 100
1548 2708 39
1507 2090 28
1507 2398 39
1507 1697 64
1507 1126 26
2090 366 53
2090 623 99
2090 2268 82
2090 2336 88
475 2620 48
475 373 26
475 4 14
475 2477 22
475 699 100
2620 1655 67
2620 2264 88
2620 1879 8
2620 1571 8
2620 1812 23
2620 1964 30
2620 1647 16
1886 1023 96
1886 1135 80
1886 2358 46
1886 2215 4
1886 2670 29
1886 1391 62
2253 527 25
2253 364 67
2253 1850 74
175 2614 34
175 1515 74
175 2295 34
175 1849 9
175 1383 87
2614 2326 68
2614 909 92
2614 1017 94
2614 860 92
1926 2157 42
1926 1803 97
1926 729 88
1926 2573 27
1926 16 90
1926 1561 36
2157 1945 50
373 1673 66
373 1459 48
373 1313 56
90 2543 75
90 961 63
90 2640 13
90 534 59
90 807 52
90 1437 33
90 207 59
90 973 99
90 1203 9
90 2220 58
2543 2148 83
2543 507 19
2543 1174 9
2543 2530 18
2543 1427 90
1905 1383 54
1905 1295 29
1905 1143 94
1905 2649 34
1905 2302 60
1383 1774 68
1383 2072 28
1383 1224 9
1383 1235 74
1383 1200 20
2799 2065 73
2799 85 68
2799 671 97
2799 2181 28
2799 1750 90
2065 1477 97
2065 234 95
721 2271 33
721 1560 71
721 2332 36
721 2126 69
2271 1513 37
1698 1637 27
1698 789 27
1698 2644 73
1698 2242 33
1698 2646 2
1698 2427 47
1698 184 54
1843 2215 59
1843 661 94
1843 1877 23
1843 520 54
1843 1424 51
1511 2635 81
684 2262 72
684 2044 100
684 1123 35
2262 1754 95
2262 1529 60
31 1147 55
31 266 2
31 1409 87
31 151 22
31 455 4
31 2798 63
31 1447 69
31 1277 59
1147 1423 84
1147 223 16
1147 1402 22
1147 1131 37
1147 659 65
419 2196 79
419 966 1
419 1730 100
419 2302 62
419 522 93
2549 1196 7
2549 2716 96
1196 2644 39
1196 2443 62
1423 1758 84
1423 2833 78
1423 1860 76
1423 1014 28
1423 534 79
1423 362 73
1423 2059 53
1423 1602 18
2547 1061 66
2547 2905 62
2547 1286 51
152 2374 34
152 1744 52
152 1929 89
152 439 65
152 1367 60
152 975 25
152 2530 97
2374 514 56
2374 1541 3
2374 1735 87
1000 170 26
1000 672 23
1000 2457 35
1000 1365 80
1000 2381 9
170 1115 91
1277 7 98
1277 1819 29
1277 998 19
1277 2416 70
1277 1042 86
1277 2821 91
7 1322 39
7 829 81
7 2811 95
7 468 38
7 2726 42
7 1872 66
2015 528 26
2015 699 69
2015 2025 50
2015 874 72
2015 2375 14
1077 2465 15
1077 676 21
1077 1822 51
2845 2116 32
2845 433 22
2845 2177 58
2845 286 89
2845 1847 50
2845 1354 78
2116 2854 93
2116 1967 28
2116 1425 40
2116 1142 75
2116 2686 1
2116 1879 44
2633 1398 20
2633 1286 83
2633 2587 41
2633 2195 1
2633 983 55
1398 2628 31
1398 354 80
1398 1301 90
1398 2709 13
1199 2283 79
1199 149 76
1199 1682 25
1199 1815 85
1199 666 5
1199 1754 71
2283 2418 64
2283 1774 8
2283 1465 48
242 1009 94
242 2047 7
242 2793 89
1009 781 61
1009 2391 36
1009 95 62
1009 1487 96
1154 1890 2
1154 1244 86
1890 63 61
1890 785 46
1890 732 14
2282 231 42
2282 2722 4
2282 442 54
2282 2309 71
2282 2492 95
2282 2066 68
231 2023 6
231 258 87
231 2203 21
231 1256 27
231 2663 1
231 2382 61
231 2458 54
231 386 19
231 2651 69
33 948 60
33 367 27
33 1623 27
33 1885 11
33 2391 69
948 2721 22
948 1931 64
948 1565 5
948 264 57
948 192 58
119 349 98
119 2167 7
119 700 99
119 1148 39
119 1400 83
349 2908 72
349 384 16
349 2501 76
349 766 64
349 1081 95
349 509 80
1806 824 83
1806 2191 6
1806 1291 6
824 1456 93
824 733 1
824 2839 55
2707 1902 78
2707 187 43
2707 2807 45
2707 2882 23
2707 2124 6
1902 2648 76
1902 1494 88
1902 2603 81
304 1073 25
304 2849 43
304 2239 37
304 2836 31
304 2823 81
304 2182 76
1073 2849 14
1073 747 50
1073 919 61
1073 2865 96
1073 2784 69
1073 484 17
1073 1807 6
1656 1832 80
1656 804 100
1832 2328 45
1832 923 92
1832 2836 68
2423 425 1
2423 76 91
2423 1986 91
425 2554 3
1782 2660 10
1782 1332 54
1782 2434 44
1782 1249 69
1782 2495 93
2660 529 36
2660 2480 14
2660 1516 18
2660 453 61
605 768 67
605 1309 34
605 2617 57
605 2894 30
605 1498 21
1591 602 69
1591 334 59
1591 933 64
1591 2024 36
1591 1901 23
1591 2444 27
1591 1441 71
1591 477 100
1591 1975 40
1591 586 72
602 1265 36
602 2370 99
602 2124 63
602 2544 57
602 2475 14
527 1336 67
527 98 43
527 634 1
527 2092 72
527 2043 74
527 318 73
527 2793 8
1336 1376 2
1336 2169 66
314 628 49
314 584 6
314 1110 28
314 789 91
314 2639 30
314 1362 15
314 859 57
314 1253 62
628 1377 31
628 1510 28
628 153 32
628 1676 64
802 2449 65
802 952 32
2449 1237 94
2449 2359 22
2675 1549 85
2675 2523 45
2675 954 63
2675 1909 17
2675 2797 55
1549 1822 2
1549 981 55
1549 2583 53
1549 842 80
1549 2507 98
1549 1081 47
1193 6 5
1193 381 34
6 2784 92
6 2769 19
6 2158 44
6 2133 78
526 2727 61
526 1390 96
526 215 67
526 227 8
526 132 23
526 1624 63
526 1779 56
526 2546 65
526 2151 26
2727 570 81
714 2792 26
714 1394 58
714 668 72
536 2692 3
1131 2037 80
1131 2029 89
2037 744 18
2037 2521 89
128 2785 48
128 507 21
128 595 55
128 2249 57
128 166 7
128 1044 45
2785 1280 55
2785 1031 45
2785 2102 42
2785 39 58
2785 1040 51
1242 405 3
1242 1997 9
1242 106 81
405 2002 38
2140 2082 15
2140 1441 85
2140 271 8
2140 2864 25
2140 697 28
2082 1161 5
2082 2841 6
2082 2274 40
2082 1601 82
2082 2474 43
822 2622 98
822 1118 44
822 1478 15
822 40 78
822 1918 84
822 1947 41
822 2373 40
822 788 80
2622 284 71
2622 1647 1
2622 2190 46
2622 2243 74
2622 576 43
2163 633 64
2163 1492 48
633 50 21
633 2117 54
633 2792 35
633 887 59
633 1961 17
1143 810 87
1143 148 77
1143 2774 32
1143 2212 83
1143 2169 28
810 2610 11
810 719 15
810 960 56
810 243 95
810 2823 33
810 1708 43
810 141 20
810 156 89
867 2231 71
867 2298 30
2231 1635 76
2231 2016 5
2231 1891 18
1720 2900 8
1720 1752 62
1720 1338 90
220 389 91
220 667 19
389 681 54
389 1307 1
389 331 98
389 2064 50
187 2839 66
187 2562 52
187 2676 37
781 2735 2
781 1500 8
2495 1052 63
2495 2691 28
2495 1415 96
2495 927 32
2495 899 11
2495 1254 68
2495 185 5
2495 834 12
2495 317 26
2495 1963 74
2495 1572 36
2495 999 6
1052 1518 69
1052 225 78
1052 820 88
1052 2713 27
248 114 40
248 2328 55
248 815 38
248 614 71
248 1151 1
248 2483 47
248 346 45
248 1382 93
114 1425 16
114 89 35
114 1618 27
114 1916 12
864 2089 98
864 624 91
2089 2012 25
2089 2485 3
558 129 28
558 1308 52
558 195 99
558 194 16
558 553 26
558 2854 39
129 823 30
129 155 70
2793 2083 60
2793 1110 57
2793 29 66
2793 1408 17
2793 851 47
2083 1984 86
2083 2161 24
2083 2399 20
2083 2541 22
2083 2107 88
2465 1262 80
2465 1225 53
2465 2513 21
2465 1916 98
1262 1769 27
198 1751 53
198 1789 72
198 2351 15
198 779 60
198 2045 16
198 1584 7
198 697 62
198 830 64
1751 1140 26
1751 1774 22
2401 2651 43
2401 1793 73
2401 831 3
2401 351 23
2401 1999 23
2401 297 43
2651 1184 32
2651 1337 36
742 2868 43
742 116 18
742 2390 53
742 238 43
742 228 90
742 2384 31
742 932 30
742 1385 1
2868 698 84
2868 261 83
2868 437 74
2868 757 10
1820 1276 92
1820 1933 29
1820 1296 14
1820 442 84
1820 1371 94
1276 2588 90
1276 2648 40
1276 2706 79
1276 2885 45
1276 1914 48
1276 1238 39
935 1223 5
935 2128 5
935 290 68
2317 1316 11
2317 1506 65
2317 78 1
2317 1385 81
1316 735 29
1316 2219 2
1316 1948 60
1316 1963 26
2145 1273 71
2145 2279 88
2145 377 31
2145 302 29
2145 560 28
1273 143 97
1273 1354 57
1226 2220 21
1226 1128 46
1226 1087 35
2220 2243 25
2220 2831 15
2220 1878 35
2220 44 36
2220 2691 80
2220 2156 94
2220 1781 94
2440 2211 90
2440 1864 97
2440 275 99
2440 2520 42
2440 646 47
2440 2351 65
2440 1389 52
2440 2686 53
2440 2758 91
2440 679 39
2211 466 34
2211 1433 6
2211 949 11
2211 855 24
2211 530 41
2211 1756 42
2527 509 74
2527 2689 76
1744 2512 28
1744 1721 96
1744 2087 26
1744 1791 95
1744 1555 36
1744 2528 26
967 2858 62
967 2405 87
967 1111 47
967 2301 82
967 2016 8
2858 1355 2
2858 1079 20
2858 591 18
2858 104 43
2858 2144 37
2858 857 74
2858 2809 78
229 1793 32
229 667 29
229 738 22
229 417 8
1793 99 50
1793 2359 53
1793 1690 9
1793 55 67
1793 1434 90
1793 2325 4
1793 409 96
1793 784 79
1793 1048 78
418 1772 93
418 1175 67
418 658 55
1772 933 12
1772 1012 22
1772 1573 31
2182 111 21
2182 2502 14
2182 106 47
2182 1307 44
2182 1451 21
2182 2523 65
111 1968 89
939 182 10
939 417 88
939 812 79
939 1198 69
182 2350 5
182 833 53
182 758 58
182 332 59
182 2349 60
182 745 94
800 2177 66
800 2502 79
800 1188 32
800 1774 25
800 2420 64
800 326 22
800 26 94
99 1286 62
99 2238 50
99 2782 24
99 1120 54
1286 264 8
1286 1969 20
1286 176 42
1286 2112 90
818 2613 10
1419 1953 25
1419 1444 47
1953 1535 34
1953 499 42
448 1092 25
448 2902 15
448 574 18
448 116 21
448 1315 22
448 2168 13
1092 2113 25
1092 954 8
1092 59 1
1092 1596 13
12 2617 39
12 1390 81
12 1553 7
12 2117 75
2617 1045 98
2617 23 28
2617 2541 47
2617 2115 10
2617 489 28
541 1381 48
541 81 98
1381 1482 61
1381 507 60
1381 2594 48
1534 1089 51
1534 63 65
1534 106 56
1534 1192 65
1534 2681 31
1534 1642 92
1534 2101 24
1089 1602 86
1089 1856 23
1089 1053 73
1089 1191 22
2694 1186 30
2694 1722 13
2694 2061 56
2694 1671 57
2694 519 25
2694 566 62
1186 2033 7
1186 1555 2
1186 2887 7
1186 2810 33
1186 2123 37
1186 2484 81
366 1685 8
366 2411 10
329 653 97
329 1621 35
329 2297 9
329 2393 9
653 529 66
653 385 82
653 1628 1
653 553 77
653 909 11
1056 961 98
1056 1130 94
2593 2101 56
2593 147 62
2593 1991 25
2593 1521 83
2593 13 14
2593 2425 42
2593 399 58
2593 2268 62
2101 648 89
2101 1509 34
2101 2066 89
703 2071 50
703 2357 70
703 2020 74
703 1761 34
703 438 13
703 203 25
703 286 13
703 1937 6
2071 1117 18
2071 2815 49
2071 97 50
2071 1151 42
2071 2685 16
2071 1603 91
2071 549 36
2071 1854 54
1746 1480 77
1746 337 74
1746 1438 60
1746 2127 80
1746 2061 65
1746 2765 52
1746 664 54
1746 782 35
1480 970 8
1480 1675 17
1480 2165 31
1111 2869 54
1111 1209 99
2869 811 90
2869 2215 20
2869 1925 49
2038 499 22
2038 1791 51
2038 530 44
2038 1750 83
2038 301 62
499 2738 52
499 983 53
499 1660 24
499 302 16
1218 347 19
1218 356 38
1218 1011 35
1218 507 54
1218 1038 11
1218 1875 54
2310 2308 48
608 1921 4
608 945 63
608 1266 6
1921 1400 63
1921 1655 15
1921 1663 40
1358 883 100
1358 2233 56
1358 2500 48
1358 2824 24
1358 2766 69
883 845 88
883 2168 70
1976 1245 49
1976 1198 48
1976 1308 15
2340 1724 87
2340 1768 72
2340 1961 46
2340 2030 86
2340 792 1
1343 1636 30
1343 2134 85
1636 2415 69
1636 143 52
1636 1312 27
1636 2764 70
1587 650 69
1587 1719 23
1587 903 19
650 1170 36
650 1755 58
429 1512 43
429 1575 59
429 2721 80
429 2237 56
429 1619 16
429 1212 56
429 300 15
1512 1590 62
1512 1031 83
1237 654 23
1237 2772 54
654 1849 1
654 1126 93
654 2546 60
654 137 95
654 2127 88
178 26 6
178 297 56
2419 284 9
2419 2113 12
2419 1577 12
2419 2275 78
2419 1197 58
284 447 15
284 528 68
284 1799 87
284 2673 7
284 2892 15
369 1981 28
2468 2618 18
2468 1892 49
2468 846 57
2468 1498 90
2468 2510 6
2618 2297 12
2618 484 39
2618 2519 49
1514 553 4
1514 1673 51
1514 2353 19
553 202 51
553 2824 16
553 672 9
1948 1867 25
1948 1340 3
1948 1420 13
1948 1299 46
1867 838 11
1867 1487 22
1867 1070 73
1867 612 17
1867 298 67
1867 1335 66
700 844 4
700 1712 47
700 2894 70
700 840 81
844 1313 93
2878 2692 72
2878 481 74
2878 466 81
2692 776 64
2692 2228 54
2692 1249 11
2692 1539 70
2692 2111 10
2692 933 40
2692 2837 40
2692 489 82
2575 2215 43
2575 953 52
2575 2068 91
2215 767 20
2215 172 61
2215 1762 16
2215 358 58
2215 1572 28
1585 702 39
1585 1707 23
1585 2016 76
702 2375 49
702 1663 99
702 1938 5
1707 507 76
1707 2819 44
1707 1866 70
507 960 65
507 850 22
1606 1292 78
952 21 8
952 858 80
952 1521 69
2254 2646 84
2254 2349 8
2254 960 32
2646 1650 21
2646 646 71
390 1426 29
390 2221 80
390 2638 32
390 1869 80
390 1927 7
1222 1581 43
1222 143 58
1222 2688 12
1222 1246 72
1222 719 43
1222 1230 16
1222 2624 57
1222 2155 84
1581 340 49
1581 1414 91
2093 874 23
2093 2127 54
2093 2174 72
2093 2567 35
2093 903 5
2093 1600 37
2093 2882 3
874 2773 71
874 2121 49
874 972 91
907 62 83
907 316 75
907 674 31
907 869 75
907 1869 30
907 724 24
907 1450 92
62 1439 41
62 1195 3
62 2718 31
62 521 40
62 1326 87
62 1024 70
2546 717 20
2546 1932 26
2546 2698 12
2546 1481 67
717 2369 41
1803 1352 16
1803 2489 43
1803 2836 2
1803 333 19
1803 385 98
1803 733 48
1474 1816 94
1474 1763 36
1474 1201 37
1474 2863 56
1474 1158 96
1816 1555 15
1816 1800 57
1816 736 55
1816 1312 20
1816 625 77
1816 384 66
2076 817 34
2076 78 5
2076 2553 74
2076 1523 76
2076 1874 34
2076 309 2
1444 1946 92
1444 2524 20
1444 1280 84
1444 1850 65
1444 679 36
1444 2817 4
1456 614 22
1456 2416 78
1456 110 87
1456 765 88
1456 255 60
1456 1142 46
1456 1018 42
1420 2023 56
1420 1680 97
1420 1767 7
1420 2789 16
1420 261 45
1420 597 88
67 1877 60
67 2047 79
1308 2489 17
1308 70 30
1308 306 31
1308 1084 55
1308 2881 42
483 1035 22
483 2677 78
483 2141 36
483 2899 38
483 1506 33
483 540 3
483 776 23
483 1579 62
483 692 83
483 2604 77
483 1284 28
1035 2078 66
1035 1733 60
1035 2364 81
252 1075 83
252 1583 58
252 2513 19
252 441 2
252 1844 33
252 659 83
1075 2410 85
1075 1234 89
1075 205 2
1075 1161 83
1075 656 52
1075 530 46
1075 1367 17
953 2255 24
953 2198 29
2255 551 82
2255 815 70
2255 1090 43
2277 2818 25
2277 2368 72
2277 387 96
2277 1047 98
2277 1203 94
2277 1556 86
2818 263 86
2818 1090 24
2818 1967 21
2818 206 29
2818 1405 45
1842 2185 1
1842 2050 77
1842 249 38
1842 2668 81
433 1879 68
433 2410 4
433 2455 35
433 235 17
433 1669 82
2279 1639 20
2279 2762 32
2279 938 29
1789 2888 50
1789 2619 15
1699 2834 84
1699 61 45
1699 275 30
1699 2473 97
1699 2887 35
1699 249 14
2834 2354 88
2834 1779 32
2834 615 83
2834 8 36
2834 1544 62
2834 1127 14
2834 2753 52
1538 1486 30
1538 757 43
1538 2529 14
1538 514 35
1538 2250 22
1283 593 78
1283 1274 52
1283 1210 71
593 2591 41
593 516 7
593 2326 78
593 402 95
593 1489 41
593 313 17
27 2548 11
27 1432 97
27 1920 75
27 1139 87
27 348 96
27 2482 41
27 189 9
27 908 85
2548 848 73
2548 1852 89
2548 2769 87
2548 941 67
2548 1430 19
228 2441 51
228 2629 21
228 519 25
228 199 82
228 1421 90
228 965 85
2441 2054 29
2441 1241 91
2441 1069 91
1159 2450 50
1159 174 58
1159 972 91
1159 1540 85
2450 865 58
2450 2737 46
2450 1233 23
2450 361 86
2450 1384 87
2450 2725 40
143 2030 52
143 1319 30
143 2831 50
143 444 3
2629 1678 52
2629 2322 86
2629 1282 51
1528 2054 63
1528 1105 49
1528 2106 9
1528 1846 8
1528 1351 25
1528 1067 86
2054 2295 65
2054 550 62
2054 898 17
2054 1768 27
2054 22 10
2054 707 6
1150 1169 29
2239 348 73
2239 2642 59
2239 1533 8
2239 1694 56
348 104 38
348 1325 90
348 1390 82
937 761 9
937 2643 60
937 568 26
937 1840 61
761 1084 95
761 2590 76
761 1288 45
2681 2472 31
2472 1576 60
2472 1885 62
2523 25 55
2523 1293 97
2523 1065 62
2523 1733 81
2523 1120 39
2523 2142 94
2523 2213 26
2523 214 17
25 1620 9
557 13 68
1232 1761 60
1232 1986 80
1232 458 95
1232 735 65
1232 576 95
176 986 3
176 205 5
176 2454 87
999 1122 52
999 219 47
999 207 57
999 1716 23
1122 1457 76
1122 399 67
1122 2353 96
1122 484 46
1122 2064 30
1122 185 25
1122 584 78
1580 543 54
1580 621 92
1580 2772 90
1580 2889 83
1580 2501 29
1580 562 68
1580 1257 55
543 1257 52
543 634 18
1411 199 64
1411 2256 46
1411 2425 84
1411 896 6
1411 1946 36
199 488 56
199 1435 30
2902 1201 95
2902 2634 38
2325 2552 28
2325 2172 71
2325 908 43
2325 535 51
2325 1021 91
2325 686 7
2357 360 19
2357 446 74
2357 1798 64
2357 837 94
2357 2755 19
2357 2142 24
360 1117 52
360 2665 34
360 790 26
360 2252 89
2345 404 86
2345 1026 69
2226 1561 58
2226 755 22
2226 1113 96
996 2889 5
996 1499 23
996 2917 63
996 237 87
2889 400 86
2889 2064 16
2889 2882 39
2889 1765 10
2722 1761 43
2722 1296 45
2722 1136 63
2722 440 47
1851 898 33
1851 380 21
1851 2284 4
1851 1952 59
50 1504 21
50 227 58
50 1956 6
1516 1739 83
1739 1463 40
1739 2773 98
1739 642 25
171 2459 51
171 827 77
171 2635 11
171 412 16
171 2410 87
171 600 70
2459 121 90
2459 621 41
2459 1971 94
2459 1742 71
1640 635 70
1640 72 92
1640 877 61
1640 1727 79
635 921 75
635 1323 53
635 1503 82
555 1829 29
555 735 54
555 2671 60
555 758 15
1829 607 55
1829 1594 32
1829 1050 87
1829 2625 84
1829 401 61
1829 1679 9
1573 453 83
1573 1380 92
1573 662 17
1573 1346 9
1573 1337 65
453 1489 30
453 130 52
453 2099 68
453 933 50
78 2380 78
78 2573 69
78 1879 73
78 995 39
78 235 60
1112 547 23
1112 1791 96
1112 1967 37
1112 784 13
1112 2218 70
1112 1840 49
1112 638 83
1112 1865 62
547 1048 28
547 339 81
2336 2428 66
2336 638 52
2336 439 81
2336 358 82
2336 666 86
2336 674 4
2428 1922 25
2428 1303 18
2428 1833 86
2428 1883 27
1579 1540 46
1579 762 35
1579 852 36
1579 2409 50
1579 16 99
1579 2891 29
542 2577 96
542 1024 53
542 1570 28
542 2762 15
542 2719 74
2577 581 76
2577 388 44
898 574 6
898 832 14
898 2464 85
574 1 87
574 1322 24
574 1188 46
574 300 32
574 1521 22
2245 2161 15
246 1184 30
246 1451 72
246 5 46
246 2454 17
246 350 30
246 19 11
246 2407 80
246 983 49
1184 2329 74
1184 2670 77
1184 1024 75
1184 2921 74
1184 1712 48
1274 1870 74
1274 2248 23
1274 637 87
1274 846 78
1870 60 31
1870 51 69
1870 1773 78
1879 1284 96
1879 1999 5
1879 2147 8
1879 1849 74
1879 544 21
1284 2326 46
1284 201 100
1284 2886 21
854 2607 96
854 834 46
854 2837 25
854 1684 20
854 663 62
2607 1618 79
2607 1973 86
2607 1330 42
2392 2092 79
2392 302 73
2392 338 100
2092 1543 36
2092 2835 47
2092 1997 39
166 817 6
166 2921 53
166 568 52
166 521 90
1791 2177 21
1791 365 34
1791 990 36
1791 1790 98
1791 1342 78
1791 2684 37
848 625 48
848 370 51
848 2379 45
848 2789 36
848 2194 96
848 2566 95
625 2435 9
625 2559 40
625 979 44
625 2184 95
625 1194 65
367 1542 86
367 2010 35
367 1737 28
1875 734 88
1875 1764 71
1875 1678 71
825 2121 94
825 2454 10
825 1916 99
2121 2876 7
2121 1766 100
2121 630 69
2341 2250 42
2341 1487 39
2341 124 47
2341 2075 63
2250 1309 43
2250 515 36
2250 1327 18
2250 2815 71
2250 2354 84
2250 2847 2
2922 1413 19
2922 1278 3
2922 1657 16
2922 2884 26
2922 1435 92
1413 1567 13
1413 651 61
1413 2601 9
1413 154 67
1413 560 20
598 402 40
598 1303 35
598 318 31
598 1267 47
598 2303 24
402 905 38
402 1312 36
402 2444 10
402 72 50
402 1909 55
2573 2176 46
2573 606 70
2573 2851 70
2573 203 71
2573 1086 50
2573 2603 20
2573 113 87
2176 455 29
2176 2508 20
2176 1838 33
2176 2596 79
2122 1428 32
2122 563 57
1428 2538 91
1428 489 31
1428 1050 68
1428 2292 65
2529 1054 81
2529 1603 32
2529 2850 93
2529 2431 7
2529 311 11
2705 1188 40
2705 1519 79
2705 1299 58
2705 2205 18
2705 1324 68
551 652 73
551 1450 66
551 1351 15
551 478 45
652 2291 17
652 2443 91
652 2746 92
652 303 73
652 20 1
1595 103 34
1595 335 11
1595 2551 79
1595 1158 97
921 765 42
921 1854 63
921 973 91
921 1704 23
921 2804 94
921 1757 92
921 1871 44
921 1845 30
2022 2030 34
2022 2747 36
2022 1027 63
2022 926 72
2022 656 88
2022 2219 76
2030 1682 84
2030 2806 13
2030 415 61
2030 2715 50
890 2714 85
890 1631 77
890 1344 96
890 1187 13
890 2099 90
2714 1644 89
2714 1568 91
2714 910 17
1110 1734 63
1110 1616 17
415 2024 52
415 1409 32
415 1748 97
415 2683 24
2024 2202 60
2024 105 86
2024 1047 94
13 833 91
13 1769 4
13 1897 27
13 285 40
833 2413 62
833 2807 75
740 2130 51
740 2321 97
740 1998 100
740 1999 69
2433 1906 30
2433 93 51
2433 2810 3
2433 941 31
1818 2823 97
1818 2240 28
1818 2135 79
1818 1042 37
1818 2204 81
1818 2014 52
2823 82 91
462 1761 76
462 514 20
462 1631 31
462 130 83
462 614 55
462 1328 12
462 1175 7
462 2484 51
462 2399 85
462 2851 38
462 2405 6
462 1461 69
1761 265 94
1761 2490 3
1761 1838 34
2610 2603 12
2610 1172 6
2610 2144 2
823 2055 46
823 1510 3
823 924 10
823 2256 65
823 776 36
823 98 2
2055 1677 23
2055 2050 2
2055 1461 89
2055 1387 34
2055 2557 36
2055 2323 49
2055 909 7
1280 930 95
1280 2203 51
1280 649 40
930 224 58
930 2508 40
1216 1003 29
1216 2689 29
1216 467 63
1216 2479 37
1216 1913 31
1216 2061 100
1216 1244 11
1216 959 15
1003 467 26
1003 496 48
1003 2512 9
1774 2306 40
1774 984 51
1774 1426 22
1774 1157 27
2510 2202 20
2510 845 29
2510 303 20
2202 1978 67
2202 132 72
2202 1762 96
2202 835 86
204 1798 3
204 122 54
1798 2735 47
43 990 49
43 2072 30
43 118 26
43 1854 68
990 1959 95
990 48 94
990 588 95
865 161 77
865 517 23
962 1282 89
962 1752 89
962 819 81
962 1485 54
1282 2115 19
1282 395 36
1282 2713 16
1282 1896 27
1118 1642 16
2916 1476 68
2916 515 24
2916 1778 24
2916 843 90
2916 2684 54
929 1978 35
929 40 83
929 1107 34
929 2431 24
929 2733 60
1978 1920 42
1978 1180 50
2111 1023 49
2111 2863 39
2111 1060 6
2111 1327 88
2111 337 61
2111 2514 22
1023 623 86
1023 404 97
1023 2446 76
1023 1626 16
1023 1148 37
1023 1173 10
1023 1861 4
2774 2203 55
2203 344 98
2203 1881 64
1047 1352 69
1047 910 7
1352 1278 66
1352 2268 9
1352 2175 58
1153 2512 9
1153 1821 34
1153 1161 55
1153 762 31
1153 109 59
1153 287 77
1153 915 60
2512 2166 82
2512 1913 98
2512 2744 64
2512 330 77
2512 2444 95
1882 1470 46
1470 2384 76
1470 725 54
1470 1801 49
2625 2478 86
2625 2830 93
2625 2429 91
2625 1752 56
2625 1166 27
2625 918 48
2478 124 19
2478 581 96
2478 812 75
2478 2611 13
2478 2840 74
1355 2894 60
1355 956 77
2306 2552 93
2306 2597 62
2306 1575 95
1872 1570 70
1872 2800 84
1872 1826 9
1872 1317 93
1409 2638 88
1409 323 23
1409 664 56
1409 570 11
271 251 63
271 747 19
271 1911 37
271 938 11
271 2775 41
251 2241 1
330 2382 57
330 2125 71
330 2776 74
2221 1189 35
2221 1741 32
2221 2613 97
2221 2501 53
2657 786 23
2657 2687 71
2657 1195 95
2657 2797 54
2657 2719 20
2657 539 80
2657 1500 50
2657 1296 39
786 914 73
786 2209 80
786 1812 42
786 1927 55
786 1723 93
666 2069 48
666 2623 71
666 496 18
666 1515 69
666 2143 71
2069 966 69
2069 2313 82
2069 596 22
2069 732 37
2069 1228 25
1555 1759 89
1555 2871 53
1555 2299 10
1555 1040 81
342 1670 87
342 2659 62
1670 1149 82
1670 1246 58
1163 1234 4
1163 2647 31
1163 895 98
1163 1271 16
1163 32 6
1163 2701 46
1163 572 1
1234 1730 44
1234 2836 29
1234 1547 12
1234 2021 54
1234 664 33
1234 1780 62
1234 2284 15
2006 1858 59
2006 1629 21
2006 2052 20
1858 756 83
1858 1620 28
48 2690 100
48 1714 43
48 2064 2
2690 829 40
2690 662 88
2690 1243 47
2690 1812 8
2690 1622 24
2635 1937 2
2635 1871 33
2635 1164 58
2635 305 52
1937 2817 55
1937 2519 5
1937 54 95
1546 1432 14
1546 1297 58
1546 147 77
1546 113 48
1432 2004 6
1432 1933 44
1432 2877 90
1432 357 59
1432 136 64
1432 2205 15
634 2417 91
634 501 26
634 45 86
634 1062 37
2627 1950 43
2627 481 10
2627 1213 59
2627 1773 61
2627 333 34
1950 2361 33
1950 1117 96
1950 1828 69
1950 2128 100
1950 1864 73
442 1603 10
442 974 43
442 1522 29
442 1288 3
2521 2187 76
2521 2841 28
2521 312 20
2521 414 40
2187 1584 55
2187 1933 99
2187 690 64
2187 2794 72
2187 1676 60
2187 1058 57
2677 2233 74
2677 256 87
2677 831 92
2677 1522 96
2677 537 19
1128 1987 56
1128 1287 66
2166 1438 26
2166 1127 58
2166 2184 93
2166 512 84
2166 1210 21
2177 662 68
2177 1227 92
2177 2086 37
2817 291 17
2817 965 55
2817 2667 71
291 2854 79
291 1148 1
291 295 47
291 797 26
2453 861 12
2453 2485 8
2453 914 17
861 1140 86
861 2103 57
861 959 38
1076 2072 14
1076 1533 61
1076 486 51
1076 1883 16
2072 1365 69
2072 2848 88
2072 732 27
2072 2160 76
2072 1408 49
2072 2917 76
2072 1560 1
2339 787 35
2339 2631 83
2339 2162 8
2339 1839 78
1526 2295 97
1526 609 44
1526 738 82
1526 1783 81
1526 735 97
1526 2248 34
1526 2746 56
2295 882 34
2295 2589 50
2295 85 29
2295 1748 42
2295 1288 29
2397 1838 15
2397 2528 38
2397 1330 46
2397 2132 48
2397 581 24
1838 945 77
584 506 82
584 486 92
584 2787 83
584 2540 14
2689 2770 30
2689 2524 2
2689 1716 4
2689 692 78
2689 1703 45
2689 2897 64
2689 437 67
2689 2369 20
1685 136 19
1518 1266 64
1518 641 52
1518 1510 91
1518 715 67
1518 707 99
1266 914 69
1266 1431 42
2623 2745 55
2623 949 14
2623 275 1
2623 759 68
331 2835 70
331 964 43
331 1097 72
2835 1271 12
2767 1749 4
2767 2794 81
2767 1106 68
2767 1026 10
2767 2241 77
1749 1885 78
1749 2284 73
398 1373 69
398 841 53
398 334 37
398 323 36
398 1275 86
398 408 13
1373 2457 71
1373 699 22
755 882 92
755 537 12
1241 1239 73
1241 745 80
2745 1885 74
2745 2053 86
2745 1560 94
2745 1569 19
2745 1917 34
2745 736 13
2745 807 77
1885 675 31
1885 1396 57
1885 909 80
1885 2464 6
1885 938 2
1885 1179 62
1885 1201 16
1885 1854 48
1885 832 1
481 2643 54
481 1608 87
946 1285 98
946 782 48
946 1527 93
946 2598 19
946 1822 75
946 2839 99
1285 2725 36
1285 356 96
1285 1434 68
1285 2391 35
1285 651 24
2735 2559 23
2735 2135 22
2735 1719 57
2735 1458 5
2735 724 34
2559 1090 26
2559 1315 2
2559 26 48
570 2112 72
570 2565 12
570 289 8
2112 1384 97
2112 2810 65
2112 1168 79
264 1021 13
264 537 63
264 577 66
401 1445 65
1445 1492 80
1445 993 5
1445 1804 94
1445 670 83
1768 1192 25
1664 147 2
1664 186 100
1664 1482 26
1664 1142 88
1664 2582 75
1664 2562 49
1664 1338 68
1664 1483 77
147 1030 17
147 2794 51
147 596 64
863 2247 86
863 2394 13
863 1947 23
863 266 22
863 1521 5
863 2849 41
863 2826 15
2247 2645 78
2247 2477 92
2247 1617 56
1071 804 97
1071 1061 7
1071 1655 22
1071 986 31
804 341 4
882 2608 72
882 1975 80
882 241 63
882 1127 69
2659 2470 9
2659 72 78
2470 2790 55
2470 505 38
1822 379 90
1822 1491 1
1113 924 5
1113 2372 27
1113 2589 41
391 2683 53
391 1927 78
391 2545 66
391 983 49
2683 66 48
2683 572 27
2683 1632 72
2683 2462 4
2683 22 12
2683 2260 53
2683 712 25
2683 16 71
2683 1551 38
2842 1712 53
2842 1042 29
2565 467 75
2565 110 47
2565 679 10
2565 130 75
2565 1217 76
2565 2819 33
467 1569 81
1300 2032 21
1300 2853 65
2032 778 20
2032 757 68
2032 2070 22
2032 2667 99
2032 2234 18
2032 139 24
2032 2078 46
2032 2701 91
765 758 10
765 2118 65
765 68 27
384 902 84
384 2838 17
384 591 92
384 997 60
902 2164 4
902 758 83
902 465 44
2427 1716 85
2427 1020 53
2427 301 16
1045 2585 57
1045 959 54
2738 2258 54
2738 1175 47
2738 1059 68
2738 2252 10
2738 569 23
2738 1597 19
2258 2061 54
2258 2084 1
2258 2680 52
2148 2639 83
2148 966 22
2148 2815 41
2148 2414 56
2195 1544 80
2195 906 73
2195 317 9
1544 1764 79
2796 66 37
2796 1039 94
2796 2257 99
2796 2061 19
226 1106 31
226 1357 18
226 1575 47
226 623 91
1106 2061 42
1106 455 77
1106 138 61
1106 409 50
2291 2172 60
2291 2571 30
2291 2653 1
2291 1391 83
2876 1165 74
1224 2716 89
1224 1770 38
1224 2033 73
2716 2403 84
2716 1975 5
1240 1393 32
1240 153 25
1240 1287 11
1240 2552 30
1240 2084 4
1240 1814 70
1240 1288 26
1240 2704 79
2784 1114 64
2784 2582 94
2784 877 45
2784 434 87
871 102 60
871 2915 27
871 1214 93
871 2537 76
871 624 93
871 156 30
871 1427 31
102 2026 14
102 85 11
102 2790 33
102 2652 31
102 2167 17
1519 2372 66
1519 1566 38
1519 977 89
1519 2197 15
2372 2292 55
2372 358 51
2372 215 97
2372 2311 63
2372 1178 83
776 1964 61
776 2059 47
776 131 19
2756 1181 79
1181 624 95
778 545 25
266 1827 17
266 2885 56
266 2455 91
1061 945 79
2851 1348 94
2851 2764 50
2851 2728 11
1348 1007 27
1348 2134 26
845 957 72
845 2081 28
845 2814 73
845 1005 56
2350 1517 49
2350 2319 73
2350 2061 68
2912 1454 56
2912 587 30
2912 2412 84
2912 273 58
2912 2758 45
1454 1104 78
2141 2806 54
2141 963 67
2141 1036 29
2141 1335 58
410 1596 83
966 1194 100
966 2903 2
1639 1952 15
1639 2062 93
1639 1763 62
1639 286 29
1639 1167 4
1639 421 62
1952 316 31
1952 597 82
2558 1660 87
2558 1010 84
2558 2042 36
2558 632 35
1660 819 41
1660 582 9
1660 69 94
1660 1467 56
2173 2313 35
2173 76 30
1927 2160 21
1927 1125 14
1927 2650 19
1927 321 55
1927 1338 99
1927 774 29
506 243 97
506 3 47
506 8 23
506 1156 10
506 316 34
506 350 48
506 1292 47
243 1272 87
243 2360 26
243 1576 68
243 1227 92
514 2379 53
2410 1478 69
2410 1968 92
2410 1342 57
2410 1463 3
1390 36 47
1390 2788 61
1390 2839 51
1390 2332 98
1390 1801 54
2854 2103 75
2854 2742 69
2854 2569 77
2103 613 14
2103 1177 83
2103 1975 22
296 107 33
296 1121 50
296 340 81
296 763 58
107 142 70
107 1235 37
1726 73 49
1726 2261 56
1726 1405 24
73 2460 81
73 1554 2
1884 2824 91
1884 1596 19
1884 1869 72
1884 265 72
2445 2437 71
2445 1032 29
2445 2581 33
2437 2901 15
2437 163 75
449 924 7
449 1275 14
449 1900 75
449 116 19
449 813 34
449 1221 29
535 1550 42
535 2563 5
535 213 72
535 2603 67
535 2819 30
1941 1523 17
149 362 55
149 1465 21
149 1344 80
149 623 31
149 96 90
149 1541 68
149 2815 21
149 437 45
149 1188 43
325 2194 74
325 519 85
2194 57 44
290 1930 66
290 1246 85
290 2760 55
290 2900 6
290 1964 95
1930 801 8
1930 459 91
1930 2871 56
1766 2296 70
1766 2144 4
1766 260 28
1766 144 79
1766 2813 80
1766 137 28
1766 434 39
2566 488 91
2566 1038 90
2566 2349 45
2566 1484 23
488 278 30
488 1598 68
841 2061 6
841 1543 70
2061 2886 12
2061 1645 66
2185 190 57
2185 1321 53
2185 908 95
2185 987 77
15 1404 68
15 1984 93
15 623 92
15 484 73
1404 422 42
1404 2729 46
1404 154 20
1404 626 34
1404 2794 74
1495 1845 10
1495 92 53
1495 735 97
1845 2708 73
1451 2388 26
1451 2663 47
1451 1156 84
1451 2764 53
1635 2264 62
607 2244 50
9 2219 78
9 1694 30
9 1375 43
9 1002 1
2219 306 28
2219 496 68
2219 2243 1
1541 523 9
1541 2624 70
1541 2634 93
1541 1364 93
1541 1065 69
1541 1431 35
83 1376 2
83 2596 31
83 1210 7
1376 2149 57
1376 2001 48
2352 154 62
2352 276 48
2352 277 18
2352 245 45
2352 356 84
154 1209 63
154 1060 41
154 2142 9
21 2717 72
21 2160 82
1380 1669 88
1380 227 20
1380 2491 17
1380 2597 4
2260 831 51
2260 2647 28
1590 1824 7
1590 610 90
1590 563 3
1590 1251 20
609 2165 9
609 2175 28
609 2587 66
2033 1204 46
2033 1709 100
2033 1724 71
2033 2811 88
1204 1846 96
347 513 20
347 263 7
347 501 40
2134 1324 39
2879 672 66
2879 1334 43
2879 153 50
775 2246 42
775 1460 70
775 1672 61
775 2905 91
775 2010 89
775 1194 89
534 820 28
534 949 77
534 1475 31
534 727 48
534 545 6
820 2315 63
2313 108 18
2313 733 81
2313 1857 46
1461 1680 29
1461 2504 80
1461 379 31
1461 622 25
1680 2351 10
1680 2217 79
1680 1687 88
1680 2773 1
1680 23 97
767 1364 71
767 1723 72
1971 1473 3
1971 1477 1
1473 2168 100
1473 1069 21
1473 1896 4
1473 134 89
2898 949 17
2898 2697 94
2898 396 81
2898 306 11
2898 1165 91
2898 497 93
2898 1853 49
949 2718 42
949 1208 53
949 2361 96
949 916 28
1437 1492 70
1437 2885 32
1437 1007 18
1492 2819 15
1492 1898 28
1492 261 90
1492 1553 61
1492 713 80
2020 1062 8
2020 2632 46
2020 380 83
2020 1195 41
1062 92 65
1062 249 54
1062 98 26
1062 1784 83
1062 1217 17
832 2709 35
832 2461 6
1671 895 45
1671 2274 35
1671 1250 82
1671 1271 48
2052 2300 56
2052 2865 33
2052 313 65
2300 362 26
2300 2511 80
2300 1568 15
2300 135 11
2300 826 13
2300 2636 14
2630 1325 91
2630 2708 45
2630 476 92
2630 2443 13
2630 2390 30
1997 2568 76
1997 109 47
1997 318 15
1997 2795 15
1997 2188 25
1997 1157 79
1997 1326 30
2326 2603 35
2326 74 41
2326 126 73
2326 225 59
56 2160 77
56 2640 62
56 1570 73
56 1078 15
56 1883 3
2160 2647 61
2160 1250 87
2160 2688 28
2160 2113 51
2160 346 99
1059 469 28
1059 1243 23
1059 2589 93
1059 873 14
1059 2106 19
299 2170 33
299 1938 69
299 463 61
299 23 19
2170 1208 6
2170 2857 62
2170 1878 95
2170 897 56
2272 139 63
2272 500 20
2272 356 9
2272 1026 26
139 958 12
139 2376 53
139 1029 30
139 899 87
2770 1020 60
931 1414 81
931 2713 17
1414 439 83
1414 941 18
2531 1464 85
2531 1246 48
2531 1714 60
2531 1914 97
2531 510 21
2168 1827 46
2168 2723 16
2168 2642 82
2168 763 6
1030 2511 56
1030 1819 9
1030 352 78
1030 918 30
1030 2616 19
1030 2885 70
905 451 73
905 2343 26
905 202 8
2840 816 84
2840 720 40
816 480 88
816 773 67
816 1925 90
816 14 77
816 839 47
1293 1883 10
1293 2204 17
1673 737 3
1673 860 13
1673 68 15
1673 2086 65
1673 2 72
1673 2216 10
468 900 46
468 305 84
900 2746 34
900 1295 13
900 372 75
900 2648 85
900 819 12
2820 2387 96
2820 2706 21
2820 2492 15
1814 72 96
1814 646 60
1814 16 89
1814 1563 19
72 1394 26
1547 1599 99
1547 1115 93
1547 1024 3
1547 734 79
1547 1399 45
1547 219 95
1599 970 9
1599 2129 38
1599 2413 12
965 1939 53
965 1913 57
1208 2464 61
215 2026 43
215 1881 15
215 2473 7
2026 490 76
672 1486 70
672 2586 23
672 277 53
672 2533 18
672 1988 29
737 942 21
737 135 68
737 1353 44
2200 533 31
2200 2365 97
2200 2066 57
2200 2164 40
2200 1036 75
2200 2115 22
533 263 17
2751 754 5
2751 2708 77
2751 1252 5
2751 273 38
2751 2719 91
613 1588 43
613 1911 44
613 925 83
860 1452 65
860 2114 23
860 380 75
860 875 76
2156 49 77
2156 1558 36
2156 75 83
2156 194 40
2156 2493 3
2156 1396 47
49 1658 26
49 2431 73
256 93 10
256 581 3
256 725 75
93 2264 5
93 2086 67
93 675 25
2130 1738 29
2130 4 79
2130 692 17
1629 1173 8
1629 2850 11
1629 2172 61
1629 1863 32
1629 2753 46
1629 2316 91
1629 673 21
1426 995 37
1426 1439 76
1426 858 13
2053 1032 91
2053 1678 14
1107 1187 33
1107 2135 64
1107 745 21
520 2857 22
520 987 41
520 2893 76
520 2034 41
520 1683 25
520 2292 79
2857 2297 85
2857 1016 52
2857 1874 4
2857 661 53
1198 2853 23
1198 2506 11
1198 124 78
1198 1032 19
1198 2275 36
1198 358 81
2853 479 7
2853 1479 90
486 994 39
486 2222 76
486 306 39
994 2305 87
1566 2483 83
1566 326 20
1566 2653 29
596 1039 97
596 1287 4
596 1861 49
596 1175 80
596 260 48
1039 52 58
1039 2398 97
1974 40 68
1974 334 62
1974 2737 26
1974 2740 96
1974 1176 72
40 1384 39
40 1558 57
377 1482 18
1482 2281 78
1724 1954 76
1724 1013 75
1724 1289 89
1724 148 58
1801 1701 91
1801 1702 72
1801 979 76
396 2404 53
396 1626 71
2404 2422 35
2615 2650 75
2615 711 61
2615 1177 10
2615 480 48
2615 2135 7
2650 392 78
2650 1011 71
2650 2241 88
339 183 51
339 2813 37
339 26 18
339 2027 89
339 2278 32
339 1847 45
339 121 19
339 168 4
183 2201 4
183 115 28
819 148 28
819 1740 63
819 1787 82
739 2197 9
2197 544 44
2197 2298 54
1612 773 53
773 960 46
773 53 81
773 1947 14
773 1139 33
116 2847 16
116 2810 29
116 2205 83
116 158 47
116 970 75
116 456 4
2847 201 23
2847 1214 5
2847 197 33
1650 873 25
1650 2356 63
1650 753 30
1650 709 29
1650 1781 68
873 803 47
873 20 56
873 214 23
1287 2144 52
1287 586 90
2647 1168 70
1168 2225 98
1168 2533 98
1168 2354 51
1168 2042 88
1168 1079 8
1168 1687 36
711 2778 70
711 1682 10
528 564 61
528 2165 54
564 153 78
564 1082 47
196 2725 93
196 1901 11
196 2670 77
2725 203 3
2725 197 53
2758 1197 49
2758 2524 90
1197 1717 55
1197 1289 89
61 2797 85
61 2661 66
61 2230 11
2773 1494 97
2773 1087 49
2773 2800 8
2773 2604 94
1494 1321 87
1494 1973 70
2794 2014 83
2794 2718 90
2794 1008 96
2794 2513 22
2794 2715 74
2794 307 34
2794 1151 12
2794 2923 70
2794 437 18
2354 556 4
2354 985 34
2354 1645 56
2354 1360 42
977 2920 98
977 498 31
2920 1996 81
1 2027 71
1 1396 52
1 2815 41
1 295 16
1103 546 81
1103 1697 12
1103 1371 1
186 1722 88
186 838 94
186 2666 96
2351 52 71
2351 294 51
153 2320 39
153 2594 35
153 1807 23
153 460 29
153 452 70
153 2562 96
1600 2002 99
1600 2538 87
1600 1553 8
834 2582 65
834 987 40
834 993 30
1244 2476 4
1244 454 72
1244 2882 16
2603 1333 4
2603 1732 3
1457 1497 5
1457 123 4
1457 1835 4
188 1357 37
188 1630 64
188 1535 13
188 1610 80
1357 2343 76
1357 1392 73
1357 2679 47
1430 2632 32
1430 1412 56
1430 1584 69
1430 1040 90
2632 2903 44
2632 1479 2
1115 1079 90
1115 2135 76
1115 2243 88
1115 1899 20
1115 302 36
1115 537 76
2687 858 25
2687 1506 53
2687 2836 64
2687 793 64
2687 632 51
2687 1392 59
858 1452 29
858 2332 70
1787 1497 58
1787 2525 92
1787 1174 63
1787 2281 44
1787 2867 65
1497 1360 49
1497 904 92
2045 927 56
2045 136 54
2045 1233 3
927 2387 32
927 1812 77
696 1529 95
696 2643 66
696 57 24
696 1082 10
696 2590 79
1529 2645 58
1529 1626 95
1529 1893 11
638 323 77
638 1755 4
729 1763 53
729 219 14
729 1723 75
729 2189 98
729 1367 47
729 1270 40
729 2802 45
621 1542 74
621 2343 56
621 857 35
1861 1690 17
1861 1043 10
1861 597 35
1861 2780 88
1690 2918 39
1690 704 67
2435 2580 20
2435 1854 61
1200 2740 14
1200 1317 96
1200 1170 76
2740 88 8
2740 1090 11
2740 2377 68
2457 1651 94
2457 548 4
2457 1322 28
697 1117 28
1117 2444 58
1117 32 43
1117 2175 11
1117 2393 47
1478 1207 11
1478 2349 59
1478 58 14
1478 155 28
1478 2831 21
1478 1353 47
1478 1741 56
1207 195 91
1207 2155 82
2225 571 67
2225 2882 71
1626 1502 47
1626 494 55
1626 932 93
1626 2480 66
1626 1330 11
1626 2415 17
1502 2634 98
1502 508 60
1981 1190 29
155 954 29
954 1452 81
954 1327 27
954 1025 66
2064 2877 100
2064 2645 7
2064 2580 4
1235 2113 16
1235 2806 32
1235 1142 4
1235 1865 22
2113 2100 10
2113 2544 19
362 1161 38
362 1568 51
362 1321 85
2508 2402 34
2508 341 61
2508 1188 33
2508 2576 87
2508 1686 47
2402 1195 93
2402 2490 3
2402 2434 1
302 1857 25
302 963 65
302 794 56
1758 2667 48
1758 1268 83
2259 669 30
2259 2375 86
2259 1569 25
2259 2582 100
2713 2702 89
2713 2524 84
2713 1443 64
2713 539 51
2713 2493 21
2702 877 36
1802 2075 64
1802 2455 75
2075 1294 80
2075 1049 24
2075 106 58
1864 341 47
2645 44 8
2645 1388 5
44 2496 67
44 694 55
44 1182 5
44 352 12
2886 2494 18
1708 1435 55
1708 2172 56
1708 1757 83
1708 715 60
1708 809 82
1708 2316 33
1708 2425 78
1435 2682 97
1435 334 24
817 66 51
817 5 42
1602 2311 58
1602 2324 67
1602 352 59
2311 466 79
2311 1340 16
2556 1158 96
2556 2715 39
2556 704 29
1158 2744 59
1158 1081 66
1158 793 43
2695 148 100
2695 395 54
148 2355 80
148 192 21
1201 54 55
1201 1431 46
54 1900 28
54 2337 16
54 2571 87
54 956 43
839 1333 9
839 512 96
1333 2098 78
1333 1947 69
1333 1294 97
1333 660 94
1891 1174 30
1891 460 42
1891 2514 64
1174 455 93
1174 2186 36
1174 2514 47
1174 2699 81
1679 42 16
1679 269 56
1679 1260 35
1679 1421 55
1679 131 40
42 970 36
1010 1844 29
1010 1449 3
1010 494 38
1010 643 71
399 2035 29
399 2462 71
2035 2537 82
2532 223 38
2532 1520 70
2532 2460 68
2532 352 41
2532 1947 6
223 769 2
223 1008 88
1439 1520 60
1439 1166 44
1439 1363 19
2901 811 86
127 2748 98
127 1013 95
127 200 14
127 508 81
2748 387 26
2748 2594 53
2748 2233 69
2748 1057 41
2748 2114 100
2012 1412 20
2012 2327 54
1412 2679 15
1412 2747 72
1412 2733 65
1412 2862 74
2688 1575 75
203 1812 38
203 1993 32
203 840 40
805 84 37
805 1321 20
805 2741 20
805 516 87
805 1172 33
805 2337 69
84 836 41
84 2836 78
84 743 99
2524 324 71
2524 636 39
2524 494 82
2524 1880 64
2766 1994 6
2766 444 99
2766 769 69
2766 1877 98
2766 227 66
1994 1946 1
1919 1459 94
1919 2628 9
1919 510 11
1459 249 84
1459 2567 35
1459 1880 80
1459 870 48
1459 1831 53
1459 586 63
68 2329 70
68 1665 46
68 576 62
897 1916 86
897 1837 91
897 340 81
1596 346 41
704 1173 68
704 1176 45
704 2709 35
1173 2119 8
1173 172 69
1754 2249 49
1754 455 26
2046 1213 94
2046 1387 39
2046 1084 13
2046 1906 12
2046 443 36
1213 1337 10
1213 2158 14
1503 1458 96
1503 712 81
1503 2822 16
2680 2564 18
2680 2824 61
2564 1152 74
1506 1443 57
1050 216 85
1050 1086 9
216 2394 77
216 2569 63
216 1960 99
1831 2760 7
1831 1778 80
1831 2205 21
1831 2305 1
1831 2588 28
2760 1907 83
2760 1784 10
2760 1324 87
2760 2091 76
2760 595 6
3 872 35
3 1049 29
3 151 42
221 561 11
221 2474 58
221 2394 31
221 2653 56
221 219 39
221 2303 36
1540 590 58
1540 2369 3
1531 485 24
1531 338 66
1531 2674 94
1531 238 66
1531 1209 5
2387 194 28
334 2040 66
334 1385 94
334 2162 1
334 835 64
334 2772 37
334 2569 58
1018 45 83
1018 1149 60
1018 1887 89
1018 2349 84
1018 1180 93
1018 2597 51
45 676 10
45 2275 51
1298 1611 77
1611 2056 9
1140 1013 79
1140 94 93
1140 417 68
1140 1841 50
1140 1046 13
1013 2132 84
1013 2216 42
1013 2281 100
1013 1119 61
1489 2504 96
1489 1709 20
2504 1630 34
2504 1124 82
2504 1178 84
2504 1718 34
2746 2105 69
2746 880 3
2746 2597 63
2746 694 6
2746 838 67
2746 2700 92
2746 327 69
2105 5 99
2105 1700 8
1545 1780 93
1545 2355 69
1545 1783 41
1545 1260 86
1545 1790 12
1780 623 35
1780 815 61
2007 1920 63
2007 1004 18
2007 2492 81
1920 174 42
1920 2303 78
1920 531 28
1130 664 92
1130 985 82
2831 1878 36
207 2146 33
2146 579 73
2146 2829 14
2146 926 97
250 441 12
250 1310 16
250 1943 28
250 500 25
441 2866 82
2598 1652 59
2598 238 86
2598 2144 15
2598 2814 96
2598 2806 3
1652 275 50
1322 995 27
1322 2025 60
1322 1968 28
1322 2552 54
1322 1366 58
1322 982 29
1322 1815 2
1322 327 48
1504 2077 3
1504 1887 28
1504 987 85
1504 1087 18
1504 75 28
1504 2874 56
1504 566 99
1504 2471 44
1504 2142 15
2077 300 22
2077 2273 25
2369 545 75
2369 759 4
2369 1799 25
2369 400 44
2369 287 78
2001 98 59
2001 2324 28
2001 1346 93
2001 2417 46
2001 2585 31
2001 1756 37
2001 1833 73
2001 710 16
98 1051 53
98 1865 1
98 743 47
2538 2663 19
2538 604 39
2538 926 53
2663 2923 43
2663 588 93
1254 1408 28
1254 409 46
1309 1135 39
1309 311 23
1553 1476 43
1553 1438 41
1553 675 26
1476 2757 95
1476 1917 26
1476 1769 31
2525 710 8
2525 1967 55
2525 1647 65
2525 353 40
710 1563 52
2903 938 59
2903 400 23
906 2048 89
906 306 33
906 1463 97
906 2661 66
446 1330 79
2863 2257 76
2863 2590 75
878 1567 76
878 2355 8
878 2921 91
1567 842 21
1567 2349 57
1567 2460 100
1567 392 80
754 1777 64
2201 588 60
2201 2084 48
2201 494 3
2201 422 30
2201 110 30
2201 1463 12
588 1347 81
2398 1067 74
2398 829 74
2398 2747 60
1067 1182 84
1067 1959 73
1067 89 64
548 2209 76
811 1898 31
1260 60 51
1260 837 57
60 2452 71
60 286 87
60 1042 64
174 2685 40
174 1210 63
174 1620 15
174 2710 27
2685 2737 43
1447 63 65
1447 627 96
63 2849 64
63 2810 22
2292 794 53
2292 1709 23
2537 1464 40
2537 2120 43
2537 1152 82
1464 1755 62
1464 1513 26
1464 352 91
803 2881 88
803 403 42
1521 2724 27
1521 2721 28
1521 278 4
2724 1840 47
2724 2 38
2724 1594 65
733 285 17
733 1021 25
733 495 37
733 1017 12
285 2155 16
285 1460 40
2212 2706 8
2212 682 63
2212 1663 70
2212 745 51
2212 849 96
2706 1716 2
2706 2321 6
2706 1250 7
1051 600 7
52 2667 80
52 1949 92
719 496 57
719 2029 83
719 1578 77
719 1984 47
719 2608 34
719 1645 79
719 630 37
829 1453 51
829 627 10
829 2234 20
1453 2360 32
1453 1704 49
1453 880 64
1453 1305 29
1453 1313 49
1898 53 8
2643 1799 62
2643 2764 25
2233 892 60
2233 2342 34
2233 1189 78
2233 2417 26
2233 2604 64
892 2010 71
892 1536 84
2467 335 65
2467 2759 19
2467 158 31
335 358 57
121 434 22
121 2322 69
121 2094 28
121 1536 73
121 400 32
121 2718 44
121 140 93
121 2298 76
434 1940 99
434 372 69
434 2232 6
434 647 61
434 2594 21
434 414 81
1320 2788 88
1320 2049 99
1320 2821 72
1320 2715 14
2788 2362 89
2788 896 27
2788 133 77
2788 286 1
2788 2712 65
1614 1377 66
1614 1925 26
1065 2196 91
1065 240 52
1065 1251 67
1065 115 67
278 2822 65
278 1889 60
278 2733 73
278 2534 26
2822 1799 37
2822 1784 38
2822 623 48
2822 1523 41
682 118 66
682 2236 91
1868 1326 82
1868 689 81
1868 214 85
1326 1259 69
1377 1697 6
1377 273 25
1377 2042 40
782 1853 15
782 2084 26
2256 1811 43
2256 1709 93
2256 1785 22
2256 104 44
2256 836 43
2256 2246 57
2256 2841 95
2256 456 92
214 1155 61
214 2048 12
1301 908 67
1301 2917 25
1301 1416 98
2797 122 96
2797 1349 90
2167 2446 3
2167 1104 3
2167 2698 37
1883 1312 19
1883 995 73
1883 1069 23
1883 2611 87
1883 2631 45
1883 341 57
1883 2028 2
1127 1319 6
1127 2062 61
1319 20 61
1319 1711 13
1958 2078 91
1958 172 57
1958 2866 42
2764 1365 13
2241 1570 2
1985 1630 68
1985 995 73
1985 2237 37
1630 407 35
1630 1021 56
1630 979 37
1630 1719 89
2086 2294 28
2086 380 27
2086 2189 58
2086 2779 93
2086 2073 98
1676 2063 7
1676 2330 79
2099 108 4
2099 2736 42
2099 789 49
108 2275 89
108 801 6
108 1251 31
108 1762 61
108 400 48
1588 2541 72
1588 2029 77
1588 2579 5
1588 1328 20
2541 363 46
2541 1691 58
2541 1256 35
2541 2498 31
2541 313 19
1833 2050 93
1833 381 67
2050 1617 8
2050 1705 62
1618 597 39
597 2159 46
2506 941 18
2506 1499 6
333 2611 34
333 1202 3
333 639 78
333 82 45
2611 1564 55
2611 1164 42
2611 340 75
2852 1499 24
2852 1634 91
2852 1520 64
2852 227 39
2502 2172 43
2502 934 82
2502 1385 26
2172 1901 89
840 208 21
840 1388 92
2004 124 60
2004 1951 37
2004 1871 69
124 1379 35
124 465 91
124 2384 2
1384 2594 9
1384 307 49
1323 2839 70
1323 1594 99
1892 529 26
1892 1513 33
529 1778 73
529 1731 31
2594 736 95
2594 1903 85
736 2881 86
736 1335 3
736 195 5
736 156 74
736 1866 98
736 1243 58
736 338 51
736 2636 88
1294 1063 92
1294 2174 96
1716 1162 46
1716 2462 97
1716 1177 38
1716 1628 63
455 2583 81
1824 79 7
1824 2779 49
1824 1854 60
1189 1246 5
513 2560 69
513 709 10
513 2726 39
513 2805 16
2114 208 99
2114 1835 10
2114 2480 14
208 2228 37
75 245 42
75 2296 61
75 2179 40
2908 1278 15
1712 306 19
1712 2208 94
545 2175 35
545 466 57
545 2576 56
641 779 30
641 1896 62
641 1007 63
1053 2539 29
1053 959 8
1053 532 80
1053 2149 8
2539 2697 57
2539 2133 39
2539 1313 47
2539 2881 2
2539 1172 79
1810 57 21
1810 2887 93
1810 1790 7
1810 2110 68
57 583 21
57 2155 85
57 734 32
614 2604 12
614 838 24
1079 2698 10
1079 286 99
2861 23 13
2861 500 100
2861 2475 63
766 2464 26
766 768 100
766 880 59
2464 1896 62
2464 562 99
2464 1564 100
757 2264 63
757 2778 30
757 925 8
757 708 92
2149 36 28
2149 1667 60
36 2704 1
36 2023 78
36 1057 82
36 130 8
36 1775 6
36 2717 56
1324 1481 69
1324 2846 86
646 2870 25
846 686 56
846 2207 29
846 2704 20
846 515 32
846 55 36
846 2003 76
686 1477 41
2342 982 96
2342 332 51
2884 1151 96
1648 1527 96
1648 1932 6
2257 2017 35
2257 1737 5
2017 826 32
2017 2042 100
1821 1005 53
18 2737 22
18 1800 68
2737 1570 96
2737 2557 38
500 940 91
2359 444 10
2328 1569 28
2328 566 12
2328 2790 77
1569 2736 30
1569 137 63
1569 2377 32
1569 2518 20
1569 2293 25
2720 2161 65
2720 806 54
2720 2814 24
79 234 46
79 2790 54
2775 2097 40
2775 417 17
2775 2273 5
2097 1167 52
1151 1137 8
1151 2586 25
2429 2230 97
2429 16 44
1655 1399 2
1486 1119 82
1486 2790 6
1486 886 26
1486 1338 16
313 2608 99
2608 2232 4
2608 2169 7
2608 65 95
1331 1328 28
1331 1972 66
1328 213 35
1328 2324 38
1328 2514 10
1328 303 31
2284 1942 34
2284 2251 1
1942 355 63
1008 2285 10
1008 2520 72
1008 2871 100
1008 2570 12
2285 1740 58
2285 1337 9
1741 1730 52
1741 2385 90
1741 1002 95
1741 727 62
1741 2261 95
1741 1799 21
1741 1961 52
1741 2159 62
2880 1475 18
2880 2236 12
2880 2811 1
2880 1078 35
2880 2356 39
2880 307 70
1188 1387 43
1188 218 20
1188 2393 71
2708 1408 2
2248 1722 29
292 498 46
292 856 65
292 1132 18
292 212 54
498 917 72
498 2639 87
1119 2297 14
1722 255 92
1722 2712 16
1722 2721 62
1722 1321 21
1722 2246 57
255 1481 87
255 222 38
1799 2493 61
2596 1865 57
407 1560 22
2899 1714 98
1360 2752 92
623 1379 44
2813 2471 82
2813 1312 26
2813 1116 12
2813 1463 89
1682 1759 100
651 2513 53
651 254 53
651 2821 56
2513 2715 97
2513 1738 43
29 1847 67
29 1084 86
1847 813 52
1847 294 37
1847 2164 58
1847 161 15
1847 70 65
2838 2144 61
2679 1484 8
2679 1854 43
1515 1653 37
1515 294 62
1515 1225 41
1515 769 71
2275 2591 30
2275 1138 71
2048 2161 68
2048 676 63
2048 1317 74
2161 2164 48
344 738 26
1312 1029 15
1312 2115 73
1312 973 37
1678 2757 74
435 353 69
435 1016 37
2384 2676 10
2384 2779 75
2384 1351 1
417 1734 99
417 53 12
1317 2841 97
1317 1097 71
53 695 27
53 282 47
53 2213 64
53 1945 29
695 540 42
695 722 72
695 2434 94
2810 758 20
2810 1270 27
758 2671 45
758 158 32
1642 275 47
275 2298 56
275 395 99
275 1570 15
275 1246 17
1560 393 8
1683 2582 49
1683 1081 81
2582 2198 55
2582 1756 70
1574 2910 11
2910 450 83
2910 2264 10
2910 2087 96
1887 1571 79
2691 2781 91
568 944 74
944 1568 65
944 668 19
1684 1063 62
1684 2533 91
1063 2811 75
1063 2180 5
2552 1634 86
2552 2648 66
439 230 41
439 1452 42
1126 144 44
1126 66 65
1126 2825 85
1126 131 69
1126 2232 32
1126 69 24
144 753 55
2363 924 74
2888 793 73
2888 193 30
793 859 99
793 2041 71
2208 2517 61
2208 1431 33
2870 743 86
2870 2417 8
743 1114 54
2199 1767 95
2199 2579 58
600 2671 90
801 2144 83
801 2169 19
2762 1727 95
2762 636 71
2762 1943 96
2762 451 72
1727 1675 76
1727 1081 12
524 2332 84
2332 763 3
2332 1192 73
2332 1850 22
2732 388 18
2732 1472 6
2732 2613 84
2732 2267 56
388 239 37
388 1665 5
838 2530 94
838 2198 2
310 923 2
310 1951 20
923 2871 19
2095 1084 54
2095 2587 2
2095 211 48
2095 1834 97
1084 2430 81
1295 884 33
1295 2189 19
1295 550 22
1759 1694 6
2483 2871 35
2483 491 95
2483 2454 79
2871 2636 23
2029 404 66
2029 1344 26
2029 976 11
2029 2123 45
2029 601 11
1571 2656 80
1571 394 87
1571 269 68
1571 2315 27
1571 687 14
1571 1356 25
1571 2268 85
1571 1517 19
2656 1379 58
2656 1249 53
2656 768 90
2656 1257 53
1142 2060 59
1142 1078 29
1142 1246 73
1776 580 52
1776 2595 77
1776 2455 56
580 118 89
2862 1757 57
2862 2301 73
1644 1014 18
1644 1807 85
1014 1292 88
667 408 68
667 1020 22
667 71 22
667 1346 42
408 1238 6
408 2866 47
408 2673 67
1102 4 56
1102 1551 41
1102 1852 84
4 2431 25
4 627 15
747 1837 33
747 1589 72
747 511 66
933 400 22
933 532 63
1100 2500 29
1100 70 35
1100 272 77
2500 1703 49
2500 972 71
699 2102 73
699 1709 94
699 2628 81
2079 955 55
2079 1735 72
2079 422 12
2079 1125 82
2079 622 79
2772 1750 96
932 2158 77
932 1947 6
932 1993 79
2158 466 80
1601 241 56
1601 842 94
1601 2747 86
1020 626 86
1020 225 23
387 577 17
387 8 53
387 74 37
1819 1408 17
2649 1002 7
2649 2443 43
1002 2229 47
1002 1844 65
1002 689 93
1002 1278 41
202 2849 4
202 2782 45
202 1465 100
2742 827 26
1564 189 45
1564 259 63
1564 2382 11
1564 1012 72
189 1229 73
189 1669 59
189 2587 71
189 2382 49
189 1066 57
189 236 78
2381 2025 74
2381 673 93
2381 1354 99
2025 2319 5
2025 642 20
2025 1998 89
961 1577 68
961 2380 48
2447 2491 88
2447 2671 81
2447 2755 98
2491 852 37
2491 1307 16
2491 201 23
1935 1598 13
1935 725 6
1935 938 20
1935 2228 51
1598 1854 98
1598 414 73
1598 1936 49
2107 1723 24
2107 1665 54
1723 2710 28
1723 2605 55
1811 592 22
2648 2454 8
2648 372 79
2648 1097 72
2454 97 58
2454 437 14
2515 515 26
515 2104 25
1784 1672 3
1784 1202 36
1672 1991 9
1672 673 63
1672 922 55
1672 2249 54
1672 1488 34
1310 2755 74
2887 1496 53
2887 735 78
2887 2715 47
550 2753 33
1669 970 97
1669 2003 85
1669 812 20
1669 983 52
1669 511 4
1669 312 38
1669 2595 44
1289 2117 26
1289 2824 25
1289 670 74
2117 1340 11
1278 473 7
1278 1677 6
473 364 21
473 2488 69
473 495 45
473 2003 1
615 2837 29
615 2553 44
615 1114 54
2837 2485 80
2837 2438 58
2837 2049 60
2837 828 97
1623 432 94
1623 249 63
432 133 58
1800 2217 33
1800 2494 68
1800 179 24
2452 1021 70
2452 1155 64
2452 680 9
2452 1180 92
137 637 84
117 1532 45
117 1815 32
117 112 44
117 601 42
117 1485 65
2186 1229 77
2186 2804 83
2186 2270 16
2186 2473 53
1229 1327 74
2252 440 25
2252 409 44
2252 2534 80
2252 1116 51
440 881 22
300 1649 51
2207 2891 90
2207 2503 67
2891 2652 4
1913 450 26
219 2183 62
2568 595 92
2568 2667 49
2568 1338 82
924 51 32
924 2293 95
924 1554 31
924 2013 31
924 1674 58
2747 1152 12
2216 2189 17
2216 490 77
2216 444 86
2216 544 97
2216 780 65
2216 1177 92
2881 1465 69
1931 2375 54
1931 2563 35
995 1945 45
995 1760 79
995 679 61
995 351 4
995 2205 10
2058 830 79
830 2664 30
1771 1998 31
1771 1422 72
2640 1344 85
2640 249 91
630 2519 32
5 1368 80
5 1951 52
5 659 38
2591 690 92
1055 741 27
465 2347 27
2347 1876 100
2175 2251 2
1042 1094 11
1042 1228 2
735 1925 15
1568 1900 33
1296 2486 64
1296 2390 12
1296 1160 84
1296 177 85
1296 1871 80
2486 709 57
2486 2298 100
2376 2399 95
2376 583 49
2399 2624 67
1631 1183 17
1631 1783 13
1631 1104 92
2697 1148 6
2697 1239 58
2697 1258 70
556 673 28
1325 2234 54
1325 2921 71
2264 2877 42
1028 289 85
289 581 27
289 161 87
2217 458 84
2217 1382 2
2217 1209 32
458 661 77
458 2361 15
458 2319 59
2044 413 35
2044 368 27
2044 2100 49
2044 1194 4
2044 463 34
1450 158 48
1450 1156 41
1450 1827 1
1450 2843 38
590 2580 51
2580 881 14
2580 2496 49
2078 2792 28
2078 1265 15
2078 674 26
2078 913 95
2078 1066 3
2078 8 27
2078 66 36
2294 1399 3
321 2276 9
2489 2438 53
2489 2109 1
579 1440 99
579 1783 8
2014 690 57
2014 970 56
2014 1249 49
1365 1407 81
1365 1945 42
1365 445 25
1365 1522 30
2240 2595 41
2240 2462 99
2595 1087 89
2595 239 32
2516 562 86
2365 92 92
2792 1375 49
2792 163 24
2569 576 85
2569 2619 72
576 756 83
2841 1850 32
2841 404 16
2841 1513 90
2841 2783 24
896 1463 28
1463 200 31
1463 395 100
1463 2329 38
1421 658 12
2322 112 30
2322 1509 26
365 1925 5
200 913 97
200 2367 77
1633 480 64
480 218 82
1836 815 19
1836 2734 99
815 1396 42
1297 1505 40
1297 1700 28
1297 1178 59
1505 413 61
1505 395 37
1505 2276 4
2590 307 57
2590 2739 32
307 445 84
307 1688 96
392 687 52
392 869 44
392 691 10
687 2923 48
2830 2309 56
2830 2586 10
2094 2795 10
2721 795 8
2721 1455 57
2721 744 24
2721 675 66
2780 254 50
2780 572 29
1033 2189 77
1033 677 39
1033 201 88
2189 2684 4
2824 1443 82
1854 2825 22
1854 2337 84
1854 2519 57
2469 385 40
385 1932 18
385 2890 80
385 2642 48
2520 1162 36
156 1778 34
156 1841 6
2586 510 92
2586 1315 49
2586 1946 14
2586 1417 9
510 1945 30
510 1556 86
510 316 7
338 683 67
244 643 51
795 1070 36
1161 1562 24
1996 1752 13
1996 1388 92
2198 1959 80
2198 1876 78
1575 993 27
1575 358 81
1575 1125 1
1575 2601 48
1907 30 47
1907 1488 52
1907 1509 11
2877 224 62
2877 1533 80
1558 855 91
1558 381 68
132 1090 43
132 122 27
2127 559 84
2127 1342 84
2127 1632 23
559 2373 49
1899 2639 26
724 222 69
724 2562 4
222 1099 66
1986 2104 100
1986 2519 67
1364 2710 30
1238 674 14
1238 135 79
1238 1090 48
1911 81 57
1031 783 72
1031 2855 61
783 1281 56
783 2362 55
783 1603 29
1149 511 87
1149 1909 94
1252 318 47
1252 1082 89
1252 2897 48
1972 2244 46
1972 1191 84
88 2636 45
88 1608 66
88 2811 48
1944 2424 55
1944 1141 1
1944 549 38
1944 1392 78
1944 238 51
1944 2704 7
1944 2416 48
1542 2159 75
1542 1987 15
1542 1040 53
2349 1778 21
89 663 24
89 324 64
89 269 76
89 1434 54
663 263 36
412 2074 54
412 353 69
412 531 9
412 2624 25
412 1097 93
2074 601 86
2588 341 68
2588 1552 31
1999 2664 93
1999 1221 27
2923 1755 11
2923 2337 96
2821 2056 91
2821 987 77
2821 1943 90
2056 1141 62
2056 959 2
2056 2318 45
2056 2900 75
1227 917 98
1227 1472 56
917 1099 23
1133 218 27
1133 2612 86
1133 1621 51
1133 870 34
1133 81 94
2124 2190 87
2124 353 17
2124 2159 6
2190 1292 59
2190 1662 94
2190 371 85
2667 843 86
2667 1393 76
2667 2268 47
1315 958 25
1250 1658 66
1250 1552 67
1250 26 52
2798 323 44
941 58 79
941 438 96
941 971 92
676 762 14
662 1711 39
276 1756 12
276 725 26
985 1954 31
985 618 28
1954 190 97
1954 665 40
71 1852 39
1852 1737 60
1852 1933 79
1852 762 71
1852 2533 61
2585 777 52
2585 1393 22
1597 2783 88
1597 1123 6
2296 984 43
2296 762 54
2296 2303 66
1603 936 61
1603 1957 30
1603 549 43
1603 2488 27
420 2644 88
420 422 59
420 2682 65
420 2360 81
420 1859 11
227 1385 94
1070 363 80
1070 2132 76
363 2893 52
1688 1093 47
1688 1721 98
1688 595 91
1688 1896 39
1688 1840 86
1093 2151 6
1093 1425 14
1093 1180 71
1093 1378 92
993 979 59
993 2493 61
1265 2518 34
1265 1539 76
1108 1129 86
1129 287 80
2405 2073 15
358 64 17
64 668 85
64 2232 77
64 1479 99
297 1345 97
1677 769 85
1677 2628 5
769 836 13
1394 2188 15
375 2420 55
375 86 57
375 1259 19
375 1125 7
1901 2154 73
1901 836 45
738 193 43
738 734 22
738 2576 9
2560 2330 92
254 2196 58
254 972 40
341 2499 99
1175 295 32
1175 762 69
1175 875 81
1737 195 39
2553 1764 24
2553 2826 22
2553 2874 95
2553 540 97
2553 1458 98
1209 456 75
2361 2715 80
2361 485 74
1850 1577 65
1577 2670 18
1577 936 20
1577 2390 47
2915 1536 63
1136 708 2
1136 2047 34
708 1945 29
1517 1389 70
1517 1007 19
1517 1040 20
1389 2900 96
1389 2302 78
1578 1632 30
1578 2382 98
1632 1841 51
1632 1185 71
2534 1179 20
2534 2456 74
2534 2043 19
2534 16 22
2360 1718 50
1152 2485 4
1152 1764 75
2485 1176 59
1169 1195 28
1169 644 82
1169 1086 62
1024 213 17
1024 1268 11
1024 1449 22
2164 2765 52
2164 2462 20
450 1004 30
450 2243 24
2412 1402 58
2412 2619 20
1527 583 95
1527 2753 34
2619 734 16
734 1849 33
734 2100 63
734 2604 10
509 2403 6
509 1951 13
509 2631 29
509 2779 20
509 1372 77
509 821 34
85 1909 100
1137 2850 94
1137 2390 65
1137 77 4
1137 2377 25
1733 1663 57
1733 1281 21
1733 975 52
2010 1525 44
2010 722 10
2010 1270 100
2010 2686 47
2010 2511 10
1525 679 51
1525 2169 42
379 2726 20
727 1017 78
727 1190 71
727 1909 49
727 192 31
1017 2324 62
2741 1191 49
1191 237 79
1155 1396 89
1155 1434 47
1396 1366 34
1396 2554 77
2062 317 49
1221 1243 47
1221 1156 85
1221 2426 69
1221 604 51
1221 522 41
1243 827 22
444 2628 55
444 2476 33
211 1217 98
958 1097 54
958 665 70
958 2315 6
1657 2368 14
1657 179 35
1657 1072 100
1657 980 21
1483 1410 1
1483 2375 74
1410 303 9
1410 2919 11
2222 2819 82
1719 532 49
1719 1417 46
172 158 98
172 1520 11
172 2251 29
172 720 50
2415 563 8
2415 476 25
2415 2218 34
103 914 18
103 639 32
103 982 54
2846 2599 24
2846 2709 81
2671 779 63
2671 2334 4
2671 2719 86
779 2205 14
779 2324 4
779 1783 42
1991 1709 3
505 612 8
505 287 27
505 644 4
612 2673 1
1900 2142 58
1900 288 44
1900 1828 90
1562 1877 93
1562 975 71
1562 381 14
698 2403 80
698 81 58
343 2900 60
343 2519 45
343 1466 83
2900 459 4
2900 1853 25
2329 1004 16
2329 2373 100
2329 1087 5
249 2544 16
55 1627 39
1878 2540 91
1878 1775 80
1878 789 81
2540 752 99
1455 2388 88
1455 1914 64
2388 1271 32
955 2669 66
1755 2379 43
1090 1338 78
1090 938 47
1090 569 75
1539 1431 31
1539 1353 5
1431 1043 39
1431 904 30
1029 126 46
1029 2323 67
1029 2839 70
126 1665 66
126 1256 61
451 2505 69
451 104 29
831 1465 90
831 490 44
1465 265 75
512 2642 84
512 601 57
2642 1048 4
2642 595 11
2159 1543 83
2159 1212 86
2159 1121 54
2159 1422 36
2849 2420 90
16 1765 63
317 792 95
317 1228 88
317 346 40
544 2136 10
1709 2043 18
1709 2589 53
2918 109 4
855 694 83
855 856 87
855 2919 11
1498 478 65
1498 1804 54
478 884 13
1291 277 50
1291 2574 41
1291 1781 8
277 2833 75
532 759 41
532 2488 69
2293 2431 76
2293 1967 56
2293 2411 33
673 1327 10
1778 345 11
1778 1700 39
1647 353 63
1647 1012 60
2839 1734 65
2839 2355 97
936 2921 59
936 1124 90
936 2484 55
2375 491 8
2375 912 32
491 2318 39
491 1422 25
491 1012 17
674 2811 82
273 105 1
273 32 8
273 1187 29
273 1668 68
105 2790 54
105 1859 81
1378 2503 50
1378 2578 12
2503 2498 60
2503 563 63
604 1794 54
604 728 38
1794 1624 41
1520 2152 84
1520 1807 57
489 640 35
951 1007 74
951 850 1
951 2542 100
951 2162 38
1007 637 94
2636 925 71
1770 915 41
1770 1860 42
1121 2228 80
1121 1104 10
1121 257 37
1121 212 98
1121 618 20
914 421 92
914 1812 57
914 1433 40
1332 1605 93
2819 2236 9
282 1773 5
2162 916 33
2162 2554 10
916 309 92
241 539 45
241 1970 74
241 1869 2
581 1202 55
581 2327 42
158 586 36
2059 2409 22
2059 1422 85
2409 1491 34
2409 2492 90
2390 1536 12
2542 2734 65
2542 1427 59
355 963 66
355 1693 97
963 2070 35
963 2474 20
2391 1101 96
2391 1330 49
2391 58 66
469 1160 86
880 1116 100
151 973 64
151 2757 47
151 1487 29
909 1330 33
1783 1342 88
41 2919 64
41 2712 76
41 1608 13
2919 869 43
2355 2484 38
2353 2514 55
979 190 82
979 2728 25
1043 2544 87
1043 1467 72
2169 2829 50
2169 130 13
2169 1313 68
2323 2041 51
2323 2665 72
2323 2081 27
2041 406 91
1993 1491 79
1993 572 51
665 1694 95
665 2439 68
665 2416 56
1694 14 1
352 2416 18
352 1487 5
2416 1908 13
2416 2874 3
2416 2490 14
2804 2776 89
2804 720 15
2776 2 77
1500 1116 89
1500 194 21
1500 2229 43
1500 2181 79
1500 217 86
1116 2385 87
2205 792 75
1335 821 35
346 1918 5
346 2864 4
1918 1036 44
1918 1194 20
1918 2184 61
1964 785 63
2243 1615 31
2243 632 90
1366 2003 25
1906 1963 13
1906 1908 40
1963 1170 4
1963 236 29
1032 518 73
1938 2424 68
1938 2829 35
987 1980 43
1281 104 3
1379 2710 22
918 394 67
918 332 43
1969 2604 63
1969 919 18
1969 1790 60
2604 1896 23
2604 1096 99
1338 1769 14
2661 2066 71
2661 1589 69
2066 1005 40
1967 1667 30
1967 2855 20
637 2492 25
637 1375 63
1048 518 15
1048 1058 34
655 659 20
655 2684 3
655 732 39
655 340 88
655 718 83
659 2422 67
1443 1120 71
2829 780 23
1513 1857 66
1513 1856 6
2704 808 76
1924 1827 96
974 96 7
974 799 25
1135 2890 59
413 2188 79
133 785 90
133 2890 67
133 2882 96
752 1288 34
752 2482 9
2757 1307 41
2358 2085 42
494 1101 69
494 65 8
494 168 25
2403 113 87
2403 1856 98
745 2612 69
2612 1628 20
2612 312 4
2027 2118 51
2027 1960 72
2027 197 84
404 610 80
1788 2733 90
1788 1777 100
1788 381 59
135 2616 45
135 2315 86
2616 627 46
130 1164 24
130 2147 52
130 2613 67
130 523 60
1554 2905 46
2905 2028 11
2905 1391 78
306 2511 35
306 1961 60
370 639 36
370 648 53
1096 140 34
1096 247 72
140 92 59
140 416 64
140 1522 42
140 2324 21
1160 1078 28
2031 1934 98
2031 2028 3
1934 2805 90
1929 1004 60
1929 86 85
1004 762 60
2154 2303 61
2154 1533 50
2807 1556 66
193 668 30
193 2624 42
1951 1162 64
1951 1180 6
1653 460 14
1653 586 15
460 2496 80
460 2180 45
460 1804 50
460 452 94
1233 2242 41
1233 1422 15
636 1785 14
636 323 27
669 1860 75
669 428 31
669 2769 43
669 1321 10
2443 2043 33
1425 10 47
1425 668 40
1425 2417 50
827 1812 79
364 1477 7
364 518 1
1837 2023 97
1837 1484 4
1738 2501 12
1738 2890 57
2682 2536 82
2536 192 26
2574 2789 75
1220 2043 40
1220 572 82
1220 1481 68
2043 2047 83
106 1114 18
106 2828 33
192 1488 91
295 1565 41
295 2184 25
295 2324 14
286 1777 70
2418 232 51
2673 2514 44
2673 312 40
2 2096 14
2 472 76
2267 777 12
1634 1705 40
1634 357 92
1634 1627 11
1634 2142 83
305 679 94
1157 350 61
1721 715 4
1721 2795 79
639 2652 29
639 2639 100
639 2393 67
2779 2049 31
2779 1779 84
2003 774 2
2085 2414 8
836 2778 79
836 2414 58
1932 47 79
324 479 7
324 1162 91
109 185 55
1374 497 12
2781 26 69
2781 2461 57
1178 76 78
287 691 88
759 1040 58
759 1686 76
759 2434 42
759 1735 36
759 2377 34
70 1817 91
2073 497 70
1087 1072 3
1087 1980 33
2301 1440 10
2301 309 82
1496 2446 42
1496 2100 61
2519 2917 91
2144 809 27
2652 2769 63
2652 1957 78
1487 632 85
58 497 36
1522 1458 63
1522 104 26
1458 141 55
86 849 42
2715 1874 3
2715 1703 76
1246 482 42
1246 1271 35
92 2555 96
92 2424 48
1245 234 14
2232 713 70
345 821 3
709 39 24
1479 2733 49
661 975 86
975 718 12
1777 2815 100
1777 2668 44
1777 1105 32
1060 1804 74
213 1681 74
2308 1805 76
2308 2729 90
1805 118 58
8 1620 76
8 2434 77
762 2356 36
648 1775 59
1472 530 3
789 2100 41
789 2583 87
2511 2668 47
1533 406 9
1533 989 56
531 2018 36
531 2318 78
531 1510 57
2373 115 21
2373 394 38
656 1347 87
656 1195 60
1347 610 6
2151 2811 74
2151 311 68
2151 610 90
2151 1718 91
777 2587 31
2424 2498 62
2800 1846 25
2800 976 23
2281 2567 26
2281 679 19
2417 2631 62
2417 903 9
1704 1484 21
1704 2377 64
1005 1049 65
2109 2115 21
2115 1351 97
1484 2499 35
2768 2711 58
2711 2487 42
2711 1249 49
2711 2567 47
2836 1467 26
2836 1248 49
1202 259 35
583 989 53
2070 1272 86
2668 592 92
1195 1804 20
2890 790 91
2496 560 59
2496 2100 9
1415 376 63
1415 1172 6
2174 2181 91
2174 1082 2
2174 218 4
2181 2298 29
1038 326 86
1038 1874 5
1038 1572 49
1038 1114 25
2298 1166 76
2228 357 47
1141 2712 48
1860 247 22
1860 1790 19
247 477 54
1947 2180 22
1947 1807 58
368 110 32
368 2809 92
2305 1081 85
2305 989 61
879 2718 1
26 976 22
26 2567 8
26 1259 12
26 1371 34
2023 1912 64
2023 351 67
2601 591 2
591 1299 2
1194 2420 19
263 828 20
263 1493 95
263 1034 86
2701 522 89
1627 788 88
2544 2783 40
2709 1212 66
1337 1162 66
2893 2407 4
2563 1346 69
2563 2137 69
2563 2188 35
679 1258 33
679 1253 46
842 2274 60
521 1675 29
521 1072 94
2882 2234 23
2765 32 9
2765 1082 45
2765 1334 62
32 692 77
32 1091 14
915 261 37
301 2769 7
490 2128 82
490 943 38
490 622 99
925 1876 71
1700 1016 30
1700 720 4
763 1622 18
323 1968 94
973 2133 48
2850 2183 36
523 997 39
997 2184 10
1139 81 76
1139 978 96
610 386 63
610 2179 42
386 1334 53
386 2137 18
361 2126 41
20 217 25
2234 2826 95
2234 351 4
2826 2581 21
2826 2482 12
1230 1765 5
1857 926 78
1857 1807 16
1857 1662 37
2136 2102 30
2102 1372 64
179 2498 45
2581 1508 35
2581 2545 95
2581 942 21
2664 95 37
2664 1661 7
2664 1097 29
2664 1305 100
1691 2438 4
1124 1407 2
2487 2624 20
2487 115 13
1307 968 59
2769 1372 44
1123 2533 44
1400 260 77
82 2367 55
813 2318 32
81 1551 88
794 1693 22
2446 784 7
2242 981 5
1945 316 43
2809 1645 53
2018 1185 68
2229 1807 24
2273 1943 93
1225 94 23
1481 1104 5
753 1556 8
1908 1452 53
2917 161 57
2917 1839 22
1734 806 45
934 1212 49
1212 235 63
1212 792 32
1212 395 57
2362 2133 46
1674 1565 71
1674 1912 10
1565 1916 14
2921 1272 54
257 976 51
257 1608 64
113 1609 49
1292 852 35
1292 217 95
1292 1026 59
457 2669 88
457 134 33
2669 240 29
2712 69 94
1689 1988 15
1689 792 52
1689 2634 96
1988 1082 13
1988 1970 4
2274 1422 44
1543 2133 32
1187 1046 34
1187 2572 86
1272 351 69
414 731 34
809 1916 51
2723 2755 51
2723 2589 16
1177 34 39
1180 1391 27
1180 294 69
1180 206 92
261 1488 90
1408 1619 90
2204 1367 89
2204 2498 91
2204 354 1
1620 1779 66
269 1695 58
1584 2068 73
2567 1167 11
2567 2576 59
837 1452 8
837 2028 65
837 857 96
837 477 11
1477 2814 45
1217 2782 74
1973 1711 99
1551 1841 95
976 1231 83
2135 1267 80
2135 790 80
2135 2179 73
2135 443 59
97 161 67
97 1703 32
1351 911 48
1351 1859 88
476 2321 50
1943 692 93
1433 104 3
1101 2270 14
1101 869 81
2016 309 94
2016 1835 84
2016 2783 71
309 2098 20
2191 2261 76
784 984 79
784 1256 27
497 1387 2
497 569 10
497 1367 20
497 1509 99
1750 2034 34
1668 571 82
2444 272 31
926 184 18
926 1735 49
943 2147 15
1826 1622 3
1826 2060 64
2315 2897 64
1081 1485 18
1081 922 59
2324 1841 92
1779 47 2
1375 328 61
1375 2843 61
1375 1371 61
217 1080 80
395 2475 2
2475 1713 60
1182 2414 74
1182 1535 44
2337 806 22
1940 2777 93
1812 683 80
1812 713 20
47 2666 34
123 1613 76
2482 1446 27
351 647 2
351 797 42
1556 2268 21
1556 194 86
792 2206 35
627 1256 43
2019 2206 34
1987 599 65
2750 1058 10
2750 1675 71
2750 326 29
456 790 10
2587 340 63
2068 624 35
1288 2477 80
828 2897 69
828 1693 13
828 1742 93
1391 1371 36
1371 1192 70
2739 1259 63
1807 2180 100
2119 2439 23
479 2507 13
479 1231 92
1257 680 14
1903 983 11
1841 2276 67
1841 618 25
2782 1686 58
1570 2828 11
1570 311 40
76 1183 2
1563 971 96
971 1662 50
30 2717 83
2249 1651 8
2249 2411 82
624 539 85
1968 1871 7
1488 2867 20
1114 1345 52
1835 2013 24
1889 893 11
2717 1760 70
1228 177 3
2866 2802 76
1610 1576 35
1610 2123 84
2551 647 71
1120 586 19
177 265 27
1980 1099 80
1271 2777 14
2828 1099 60
2278 2726 20
2278 1853 85
1667 236 32
1192 2555 4
265 851 78
1190 1804 83
1703 1091 72
1703 2518 48
1853 2434 72
1853 2143 65
1170 472 16
268 2060 42
2710 1732 43
866 2874 48
2261 2518 4
1815 472 81
194 618 70
194 1305 70
259 115 39
2726 2213 80
96 2302 55
2413 886 77
485 206 72
206 2665 44
856 236 87
326 2367 90
326 2013 92
2126 986 67
808 712 69
1651 797 82
2789 2787 88
1790 452 88
642 2021 10
2484 622 23
2484 797 13
1859 288 100
19 980 11
1773 2143 78
1880 403 49
2653 1468 58
2576 1263 51
756 1349 99
799 452 27
799 2334 3
1416 2493 69
2518 1706 9
472 2699 52
445 2171 8
774 2338 9
2426 1686 84
2426 2096 9
566 1706 46
2299 65 87
2060 393 65
749 2550 8
2550 160 82
746 1856 40
212 671 8
1706 1817 47
1893 2290 100
