4150 6963 54
4150 7317 35
4150 3435 78
2194 5401 77
2194 7426 45
2194 1890 69
2194 7857 12
7318 4011 21
7318 2327 21
195 5300 7
195 6313 30
195 5186 16
5300 2038 62
1255 6889 1
1255 7086 95
6889 958 81
8766 6349 84
8766 7119 35
2775 6716 92
2775 474 17
2775 5187 86
5581 1020 91
1020 2361 43
1020 2345 30
20 5275 29
20 7880 58
20 1186 10
5275 2313 84
5275 5236 62
4543 7819 81
4543 1753 79
7819 2421 32
3084 2076 59
3084 8855 92
2076 2503 68
5977 7837 18
5977 3227 62
5977 3975 30
5977 8295 77
7837 6409 96
91 1794 35
1794 3081 93
4426 199 70
199 4777 92
5691 2760 3
5691 272 12
8246 826 15
826 4095 2
826 2083 39
7917 4006 82
7917 3935 44
7917 2493 75
4006 8042 81
7461 3837 44
7461 4082 57
3837 2278 8
4705 7911 75
4705 876 9
4705 5326 37
4705 6335 63
4705 7593 20
7911 5052 14
5665 2345 41
5665 7308 78
6499 7101 22
7101 8354 51
7290 3212 10
3212 7154 64
3212 6625 7
4983 7244 94
6288 7440 56
7440 7686 7
8242 5513 94
5513 7743 59
7266 6636 13
7266 1093 18
7266 5874 79
8634 5382 58
5382 7000 21
2286 5348 93
5348 229 71
6933 8565 85
6933 8360 67
6079 1331 84
6079 7115 8
6079 7727 82
1331 7811 55
1331 4214 13
2399 8734 41
2399 6560 4
2399 15 50
2399 1656 61
8734 8045 24
8734 4770 9
6015 7184 63
6015 1162 9
7184 3812 30
7184 2768 77
2001 5528 71
2001 8842 1
5528 7340 93
5876 5875 80
5876 4025 67
5876 6589 60
5876 8228 97
5875 8007 65
5875 5929 24
7428 2807 36
7428 4757 93
7428 4966 26
2807 4914 8
7192 5023 91
8452 6253 73
6253 6715 5
6253 6327 36
6253 1483 10
1018 7418 72
7418 6311 14
7004 7614 81
6785 5505 19
5505 485 100
8708 4748 35
8708 1361 24
4748 6300 37
4748 680 44
3528 6033 6
6266 338 92
338 3778 15
7548 2663 52
7548 2043 65
3549 4018 38
3549 211 20
3549 1917 18
4018 4065 82
7526 203 3
7526 6857 50
203 2455 13
5210 1283 53
5210 3514 10
5536 3765 38
3765 8861 88
8431 4249 44
8431 1762 49
4249 5045 33
153 6663 52
6663 1587 99
3091 8853 60
3091 8070 16
619 2952 63
619 7584 50
619 8710 42
2952 1596 13
2952 7395 71
5999 3976 37
5999 2559 25
4979 355 18
4979 7694 78
8497 3102 32
8497 4472 91
8497 4790 20
3102 4130 51
3102 5298 69
3768 2262 90
2262 1498 54
2262 3990 9
4063 4658 6
4063 2764 29
4063 7761 33
4063 3049 6
4063 6867 73
1864 1145 73
2051 3109 19
2051 1732 46
3109 6832 66
142 8178 9
142 57 5
142 4851 21
8178 4825 83
8178 4464 3
8178 3682 16
7412 3581 11
6369 6932 61
6369 8395 4
6369 4424 33
6932 2519 25
6299 2403 54
6299 6122 84
6299 5373 44
7070 5267 97
5267 447 46
5267 955 81
7942 5420 37
5420 1572 92
4374 2407 92
4374 5961 62
4374 772 44
4374 4527 80
313 1069 19
313 688 15
7688 5949 23
7688 7241 28
7688 1312 46
5571 5212 21
5571 5372 66
5571 8902 63
5571 3892 58
5212 5256 58
3957 7783 86
7783 7494 26
5659 659 51
5659 1836 100
659 913 2
659 8781 30
1876 896 76
896 2520 3
8631 7441 25
7441 5900 21
7498 3865 35
7498 7645 28
7498 2028 50
3865 3682 78
3865 5578 95
4145 2645 100
4145 7071 88
4145 1584 85
2105 7886 3
7886 5893 47
7316 5674 40
7316 3694 79
7316 28 24
5674 7720 9
3396 8395 13
3396 3093 80
340 2282 56
2282 1271 23
6805 7805 31
6805 335 72
7805 1516 83
2632 513 64
1875 7562 13
1875 261 53
7562 8811 75
3643 3131 50
3643 7282 14
3643 4005 7
3131 6098 82
2306 639 6
639 7883 47
1289 5926 84
1289 5206 67
1289 7059 95
5926 3584 14
5926 2746 99
3389 4524 44
3389 7338 45
4524 2189 46
8768 67 29
8768 4108 69
3709 1847 34
3709 7715 8
3709 2242 100
1847 3063 53
3738 8300 58
8300 2808 57
3652 6753 71
3652 8517 66
6753 836 89
5583 8546 96
5583 8031 36
2418 915 57
915 8561 57
915 3686 59
1258 2753 66
8353 4655 16
8353 7721 6
1686 7771 70
1686 7521 20
7771 1687 61
5319 4928 7
5319 8772 74
5154 7033 17
5154 1468 9
7033 1110 58
7033 1711 54
7609 1730 79
7609 6794 95
7609 5368 87
8698 1438 28
8698 457 96
1438 3317 22
3882 2248 82
141 2991 75
141 4209 54
2991 830 33
2991 7223 2
2991 8563 83
1939 8140 27
1939 5812 81
8140 7056 59
8140 5153 64
6137 1741 52
1741 8625 92
3788 8090 34
3788 6368 3
3788 1072 9
3788 7260 47
8090 5188 16
2494 1784 99
2494 7010 31
1784 4311 14
1784 6843 2
1784 1168 3
6489 1453 97
6489 4528 68
1453 8536 45
1453 7564 19
3600 6653 48
6653 7820 10
7563 7271 98
7563 2178 7
3059 8633 1
3059 5558 73
3059 3061 52
8633 7161 23
2584 2422 31
2422 5086 73
2422 7442 45
6335 1204 12
6335 5521 67
6335 5542 16
4717 8911 48
4717 4746 91
8272 602 88
8272 7629 21
602 51 67
602 3010 71
5039 4702 15
5039 6961 95
5039 6126 83
4702 704 65
4702 6104 82
4702 1293 66
8007 2513 33
8007 8779 87
8007 806 51
8007 8020 25
8007 339 53
6992 7071 17
7071 103 84
7071 4147 77
6219 1903 97
1903 7490 52
1903 4909 3
1903 6291 51
1172 5807 12
5807 1040 70
8447 4671 71
6115 3106 49
6115 5458 28
3106 1308 23
3106 649 80
6240 439 23
6240 3340 83
6240 7421 11
439 4825 84
7640 8933 49
7640 4312 40
7640 4053 9
7640 5007 98
5312 1081 74
5312 2699 65
5312 6647 39
5312 3898 76
435 391 47
435 1856 22
435 1278 1
435 775 84
435 6277 99
391 6931 20
6398 6890 77
6398 2890 52
6398 2353 35
6890 7143 84
5147 2408 90
5147 7732 35
5147 6633 6
5147 6957 71
2408 5041 22
4432 8800 70
4432 4317 9
6160 2495 36
2495 7857 31
5843 503 90
5843 5842 97
503 2877 74
503 3731 77
7780 6802 54
7780 3272 62
6802 6109 5
6802 101 56
4933 5025 31
474 3147 95
474 4056 2
6474 5939 90
6474 166 100
5939 3769 5
5939 1119 1
2559 7148 17
2559 3094 66
7148 7694 53
7148 5475 32
2693 8072 14
2693 2903 53
2693 3333 93
2693 4916 30
8072 3136 59
8072 5887 87
1752 6334 50
1752 5101 27
1752 6402 86
6334 3697 61
7846 4515 21
7846 7599 25
7846 4725 9
4515 1074 29
1690 4945 75
1690 3464 87
1690 4409 25
1690 6395 76
4945 3408 23
3464 1224 18
6096 7248 42
7248 1613 16
6047 8260 53
6047 1692 17
8260 8045 72
5499 7963 5
7963 496 24
3878 6523 44
3878 7527 24
3878 8057 50
441 6898 1
6898 1559 66
6898 82 36
8136 8569 97
8136 6004 97
5309 941 81
941 2438 67
941 7891 3
6771 8418 8
6771 1031 56
589 546 55
589 7971 58
546 6540 6
6715 1676 82
2968 7135 48
2968 3381 57
2968 3136 56
3326 3741 95
5155 1363 48
5155 8640 13
2892 1517 3
1517 3422 87
4311 1527 96
1527 877 90
2933 4244 54
4244 1049 46
4244 4228 79
7170 4696 30
7170 7873 5
4696 6575 87
2095 2707 50
2095 3221 54
2095 8417 70
7910 1189 83
7910 7588 74
7910 7702 64
8165 2894 75
8165 3995 86
2894 7949 89
2511 8275 13
2511 6929 17
8603 7385 77
8603 7211 55
1680 1606 58
1680 1184 48
5962 5438 37
5962 1565 42
5438 3619 33
5438 7094 10
378 1350 22
1350 7878 56
3796 3641 63
3796 2176 67
3796 2566 35
3641 1074 45
2877 8613 88
8613 5640 53
892 484 27
892 1618 96
892 6368 98
892 7767 39
484 5360 31
3736 5456 40
1542 7928 48
1542 5853 82
2586 5467 96
5467 7737 1
2546 7713 31
3767 4216 95
1722 7337 100
7337 303 75
7337 101 72
6509 8899 21
2772 3632 37
2772 1034 78
3632 8782 47
4733 8354 88
4733 722 13
4733 972 42
8354 6389 12
8354 6444 18
7112 310 42
310 1009 92
310 7658 20
2736 2671 90
2736 2721 67
2671 7586 11
6560 5237 34
7220 2799 49
7220 8391 45
8045 7336 7
8045 4080 17
5365 2124 23
5365 5327 20
2124 2018 41
5753 7566 60
5753 7898 27
6738 7091 99
7091 6812 1
1162 2272 97
336 7584 4
336 5341 66
336 8144 80
2364 5197 78
4383 3975 35
4383 71 62
7476 7726 82
7476 8561 31
3723 2097 18
2097 8523 70
1880 6575 38
6575 3297 74
8393 6143 61
8393 6867 27
8393 8024 56
1177 2175 72
2175 5379 46
2175 7268 19
989 6 32
989 3727 22
1659 1803 30
1659 4739 84
1276 6495 98
6495 6804 68
5844 7229 20
5844 3938 74
7835 7901 99
7901 4542 31
1218 8075 45
1218 3538 48
8075 6082 5
8075 2435 39
8075 4700 44
8075 2679 48
3821 1468 42
3103 6714 16
3103 3849 83
3103 6946 19
5656 7715 66
5656 1291 89
4313 2823 49
6867 6237 38
5240 4327 5
5240 2639 23
5240 7438 87
2702 6256 4
2702 7844 68
6256 2142 51
7022 2110 45
8250 8433 62
8250 6149 2
8250 1684 27
8250 4347 75
8433 1494 30
8186 6163 56
8186 305 65
4104 3646 22
4104 2743 95
3423 2974 51
3423 6809 81
7671 7870 70
7671 554 49
7671 1314 94
283 5224 80
5224 651 20
5224 6446 83
6914 6550 48
6914 6552 48
6550 8567 61
7822 2013 15
7822 7372 62
7822 6720 34
2013 7655 23
208 1961 50
208 8054 88
208 5862 72
1961 8400 43
1961 3931 15
7274 4830 72
4830 3656 3
5426 6823 41
5426 4635 51
6823 3380 75
6823 2889 56
1349 5806 38
5806 1638 61
273 2956 76
273 3350 22
273 7518 74
2956 4540 23
2956 4226 31
6809 4868 62
3309 5655 36
3309 1583 63
5655 1334 62
3856 6616 42
3856 6775 20
2545 4116 93
2545 3761 49
4116 4331 24
7062 6451 17
7062 7656 72
6451 2196 96
4727 1951 4
4727 612 78
4727 5996 48
5893 406 85
5893 374 33
406 3612 46
649 8588 81
649 1197 69
476 5721 78
476 5330 72
5721 4842 14
101 5139 5
101 4673 91
5139 3222 4
5139 651 10
7757 5879 98
1836 903 66
1783 395 87
229 8330 80
229 2639 89
6661 7904 77
6661 1557 85
6661 6901 79
8398 4603 82
8398 7560 65
4603 6903 83
4603 3663 78
6220 8608 45
8608 3055 69
523 22 3
523 7255 1
523 1746 11
523 3496 83
523 6078 67
3374 8390 87
8390 7865 59
8132 3563 72
8132 4874 23
928 6112 52
8910 1225 9
1225 5526 22
6001 7199 5
5385 1437 75
988 2161 28
988 8851 64
2161 3483 83
3219 1390 56
3469 5906 44
3469 2058 80
3469 4778 23
3469 5846 21
3469 4412 76
5906 706 11
5470 3782 47
5470 2724 54
3782 5071 27
6582 1108 65
6582 8061 66
6582 791 68
1108 8622 3
1108 6242 69
854 4663 60
854 2174 95
145 3261 26
145 8287 84
145 243 87
6977 3037 3
6977 3066 67
6977 1369 92
2724 3810 90
2724 1482 61
3810 6080 89
3810 3848 75
7389 1142 48
2915 4121 64
4121 7989 83
3605 7239 55
3605 3670 27
2666 1663 85
3446 5012 15
3446 3273 44
5012 3258 42
369 5782 92
7527 7630 65
7630 6024 93
3310 2466 42
2466 3054 53
8467 4406 35
8467 2773 51
3437 8827 13
6109 6685 68
8264 1560 53
8264 6806 63
3011 2581 54
3011 147 38
3011 8317 85
2581 1434 61
5471 5176 40
6194 4609 12
4609 662 81
1497 2867 24
1497 6176 8
2867 7140 8
6900 6763 66
6900 4856 74
6763 7533 40
7494 7878 82
7494 377 1
6361 2538 4
1944 8440 28
1944 4119 71
7973 459 92
7973 8311 64
7973 5838 47
459 6748 71
916 5089 65
916 5264 62
5089 4139 50
8740 2976 45
2976 7146 57
2853 4777 72
4777 368 73
1887 7281 40
4000 7422 48
7422 328 10
8066 1017 71
1017 3619 93
7831 612 90
612 7747 32
612 149 24
612 95 63
7224 6490 6
7224 8058 10
7224 7858 87
6490 5070 39
6490 2855 27
4728 787 88
787 5545 58
2841 3022 25
3022 5944 93
5682 6050 41
5682 1383 69
4835 5671 21
4835 5153 67
5671 5899 74
5671 6186 82
6760 3844 2
5006 81 36
81 7162 50
4068 7710 43
4068 6996 53
1009 5901 44
1009 3235 20
5464 5111 81
7074 41 73
7074 3248 31
7074 1386 1
7074 7292 87
41 6206 2
5134 6425 28
5134 8621 44
4834 6375 31
6375 1931 20
6375 5379 98
6005 876 87
876 1544 17
2643 8906 18
2643 2447 16
3514 1105 89
3020 2020 1
2020 3981 52
2699 4662 85
5976 8185 8
6546 2427 64
6546 713 97
2427 4729 33
2427 6230 15
4520 3900 84
4520 1520 67
3675 5017 18
5017 2164 59
3610 6364 100
6364 1874 16
6364 8898 77
861 224 15
224 8503 72
224 5220 41
648 4666 78
648 6893 76
6121 8018 69
8018 5397 78
8018 3574 68
8523 2284 49
8523 740 41
8285 3925 78
8285 6095 81
7125 7425 65
6880 7909 43
7909 3063 61
8093 8306 12
2316 3556 61
2316 8547 44
3556 6608 19
6080 4683 21
5283 3962 86
5283 3558 56
3962 6696 67
3962 4867 91
3962 8611 1
6951 4737 71
4737 6609 9
8807 5981 100
3778 2128 75
3778 5986 63
2128 1257 67
2128 267 57
2128 4810 16
2128 7934 20
2128 4838 82
4716 5833 61
3450 5014 29
8864 2589 34
2589 2763 15
2589 4790 4
2589 8787 98
7547 2748 35
7547 3983 56
7547 8412 29
1975 6467 36
1975 28 70
1975 4185 38
6467 8506 87
2070 2089 22
2070 6975 91
2089 591 84
6688 8424 39
6688 460 24
8424 2625 89
853 4187 66
4349 5063 56
4349 3871 81
7398 6595 73
7398 6757 51
6595 444 21
6595 6276 68
6595 7079 62
6519 8198 29
5515 3204 6
5515 6665 59
3342 8863 95
3342 6105 67
1421 2373 83
1421 2448 34
4640 119 45
4640 6418 2
119 559 10
4544 1433 78
1433 1578 57
1035 3077 95
3077 4865 13
7119 8209 7
7119 8782 79
8209 8463 19
8680 6423 31
8680 6708 56
6423 903 97
6423 6295 31
976 8397 25
976 6824 63
8397 4040 57
7801 8909 79
8909 2951 100
8909 430 71
1260 715 2
1260 2580 41
2727 8536 10
2727 1813 17
765 4555 15
765 161 85
4555 571 36
4555 7305 47
5904 5701 35
1850 413 3
1850 843 62
1850 8200 2
1850 2400 97
413 74 100
4230 6169 15
4230 8672 1
4230 8495 6
2811 3240 50
3240 1840 52
3240 5597 14
4106 994 6
4106 6972 37
994 160 61
2094 3777 82
3777 1946 97
3777 6843 55
5314 5292 84
5314 2470 95
5292 5086 12
5292 6247 98
4239 7138 75
4239 8732 91
4239 1521 12
7138 8381 6
3657 6770 9
3657 5161 85
4631 4378 72
6584 1138 16
3345 2053 83
3345 3888 42
3345 1572 7
3697 1295 23
8171 1096 41
8171 5519 91
6647 1728 47
4472 7065 12
6773 1702 77
6773 7933 50
1702 6473 62
1702 8005 100
6617 1625 55
6617 8150 86
6874 7157 54
6874 3540 79
7157 1245 38
7157 5242 44
5626 1848 9
5626 6131 6
3315 6174 26
6174 286 93
5273 2292 64
2292 4712 53
2292 4087 37
3150 6822 8
1624 5085 39
1624 6648 34
1624 3653 85
1624 3089 82
1624 1890 89
6818 3419 14
6818 8834 56
3419 590 80
3419 8833 78
1063 7209 33
1063 2328 42
1503 8237 95
8237 3871 11
6536 1642 15
1642 1802 64
1642 1076 13
2004 3449 41
3449 2782 10
4393 6836 89
6836 5141 35
6812 4431 7
6812 7518 85
6812 1332 7
4431 5360 62
1168 3866 65
1168 2295 35
3273 1338 22
864 3262 95
864 5658 72
864 1024 7
4875 5282 73
5282 7711 71
2481 4967 65
2481 6189 35
4967 1940 76
8053 8028 15
8053 2185 78
8053 6246 71
3539 5716 13
3539 3757 81
3539 1399 47
5716 6041 16
4897 4112 66
4897 5 60
4897 2109 34
4112 4135 88
4112 8623 99
5485 5100 10
5485 1720 59
5485 6692 57
5100 5396 16
5100 5334 64
3552 4893 71
3552 907 83
4893 5252 9
3671 7574 21
7574 2759 55
8019 7104 29
8019 7426 95
7104 3260 65
4293 5346 70
1733 3436 70
3436 6159 96
3436 8333 88
2227 7240 48
2227 4464 73
7240 8244 42
375 1001 52
2517 6728 66
23 5699 17
23 4989 42
2174 4160 20
5855 2871 55
35 1683 52
35 6864 38
35 5183 32
8491 3612 68
8491 4339 65
8491 2428 93
6277 1467 56
6277 2622 74
6277 5162 5
2498 2653 39
2498 3354 60
2653 75 77
3982 3429 76
4224 954 91
954 8527 80
4551 6733 44
4551 8931 77
6733 42 5
6733 6116 18
6733 865 51
6020 8422 13
8422 8838 46
1660 7647 66
1660 7905 43
1940 598 18
6458 6372 3
6458 8548 53
6458 1827 65
6372 4993 100
7268 4343 54
2662 6792 76
2662 8886 84
2662 836 71
6792 3334 21
5749 7643 35
5749 1902 4
7643 8204 63
7800 7988 67
228 2532 76
228 5076 87
2532 8795 31
5796 7048 57
3431 4296 4
4296 4537 90
3248 5269 94
3248 542 99
3248 4375 7
4304 6342 91
4304 4414 72
4304 51 77
4304 1808 74
6342 6250 38
6342 4784 68
4217 3043 99
291 5209 1
5209 839 60
1049 7388 9
1049 7134 16
7921 5799 2
7921 5439 29
5799 5119 63
8361 285 75
2361 8474 9
2361 3440 32
6926 7916 45
7916 1042 65
8912 248 23
8912 3532 54
3764 3725 11
327 3224 56
3224 403 95
3573 5151 59
3573 3547 52
3573 8638 16
5151 4870 36
5151 6680 48
5151 4015 89
4475 1770 84
4475 2032 53
1770 1439 26
6840 1261 40
6164 3267 19
6164 5752 44
6164 278 36
3267 2026 3
3267 2858 64
3267 7604 89
1451 4001 86
1451 7732 60
5391 2329 63
2329 5531 7
4788 3930 47
4788 88 22
3930 315 36
7891 3377 40
7891 5929 19
7891 5315 69
6946 2560 59
6946 8564 21
4885 2754 3
2754 5860 62
220 8220 57
5257 4091 84
5257 7258 18
4091 2129 64
4491 1464 49
4491 6611 100
4491 6147 79
1464 4918 23
1464 3308 14
7255 5311 28
7255 5752 55
8357 6360 66
8357 3468 17
6360 5364 27
366 1578 96
1578 8049 75
167 4908 95
4908 4487 13
7367 4181 61
4290 6178 45
6786 3744 3
6786 5220 72
6786 1057 26
8542 6309 65
8542 8076 61
8542 5459 46
6309 1866 89
2619 4527 8
2619 4259 49
4527 650 20
42 7381 23
3350 4054 59
3350 7663 78
3350 8721 67
1574 331 70
1574 1995 76
6201 4495 30
6201 4058 56
6201 5631 41
4495 8824 68
4495 3465 52
4495 4321 25
6850 6281 95
6850 8657 91
6850 1853 28
2164 7806 98
1581 6844 41
1581 8792 98
1581 3674 48
6844 2081 14
805 3877 98
805 624 9
477 5757 42
5757 7225 41
5757 3648 13
2506 4248 38
3568 809 42
3568 1360 68
3568 3829 9
809 7087 27
809 8886 22
4225 670 13
4225 3761 83
5551 8589 52
6100 2756 12
6100 5787 48
6100 453 73
1688 7722 65
1688 8756 47
7722 1597 3
1187 2910 2
1187 7108 20
2910 3845 81
460 3899 68
6476 7648 85
6476 5316 49
6476 5565 92
6476 2793 89
70 6353 97
70 2326 94
70 34 60
7985 3927 50
3927 1518 61
3927 8375 63
6466 4069 93
6466 1231 45
6466 8139 88
4069 8287 52
8605 8362 50
8605 3809 51
8362 7012 17
7735 7992 7
7735 8373 78
7735 5333 99
7992 2961 50
7992 5993 44
7505 1869 91
7505 3287 91
1869 754 45
6300 771 29
6300 1148 56
6300 8622 8
7032 1098 50
3999 611 63
611 3988 27
7662 5455 78
5455 4478 18
5455 8120 82
7426 6153 40
8821 2441 49
2190 7971 41
7971 2440 3
1547 1101 14
1101 5589 46
1101 1838 13
7632 1024 55
7632 840 19
7427 5363 61
7427 8376 99
5363 4388 56
8152 1116 95
1116 8278 6
1116 7939 96
1116 417 77
741 995 99
995 4796 26
2363 1360 80
3787 306 25
306 1849 94
306 6885 5
3122 1798 32
1798 7775 98
2011 7878 64
8611 2075 95
2075 1604 77
2075 6206 64
2075 1561 74
1236 8317 65
1236 4337 77
4212 2126 18
1635 7222 57
1635 8798 95
5817 7990 58
5817 2596 36
5376 6488 31
7620 6996 67
6996 3920 16
7781 43 33
7781 4363 36
43 5071 89
1070 2957 83
1070 7676 11
1738 6528 50
1738 2862 98
8006 952 63
952 5143 100
5629 6961 95
5629 278 91
6784 5122 34
6784 4454 2
6784 7530 29
6784 3034 6
5122 4331 68
6268 6324 38
6268 7815 93
1085 4611 89
1085 4195 21
4611 6982 94
6859 3098 44
1821 7137 81
4816 823 67
3578 6783 38
7649 1832 5
7649 2744 99
2469 2215 5
2469 7687 86
2215 7654 60
2552 2578 30
2552 8416 86
2578 4019 86
8629 4193 25
4193 533 39
636 6019 28
5368 2881 20
2642 372 21
372 5171 76
8381 6535 3
8381 6217 5
6367 6148 41
6367 267 22
6148 5703 48
3483 6173 89
3483 4401 5
6173 2908 32
6173 1970 85
6173 5124 95
7769 6032 90
7769 2597 95
6032 3857 68
6903 8376 12
5278 3604 70
5278 5439 77
5278 2423 66
5922 8551 37
8551 7930 83
8551 1817 60
8012 5443 42
8012 4659 9
5443 425 4
5443 3760 99
231 1175 76
1141 7058 27
7058 421 20
4133 4993 9
3333 5813 74
5813 4468 54
6924 2551 69
6924 3661 42
5615 2372 13
5615 1058 68
2372 1415 24
526 560 65
560 947 67
8468 2414 74
4863 253 29
253 5570 11
253 5950 66
451 4994 42
451 5163 28
451 1335 55
8106 4154 96
8106 2159 43
4154 638 23
7068 1104 27
7068 978 31
7068 2984 68
1104 1900 1
279 8586 61
279 4131 17
2397 4913 36
2397 4684 11
3104 3625 66
5883 3242 93
3242 2818 56
3242 5564 25
2537 1976 54
1976 5299 33
3193 7738 55
7738 7231 92
7738 74 77
840 4093 19
840 2381 52
4093 7834 65
1494 4033 79
4033 3912 74
2878 2577 1
8855 6226 42
8801 1247 82
8801 5731 87
111 2374 16
111 746 48
4359 8172 51
4359 7193 14
2788 5276 78
2788 2007 55
2613 7310 85
7310 7492 52
1326 3525 35
3525 7159 31
3875 1604 30
3875 4240 34
213 66 34
66 233 50
66 7507 42
6510 779 100
8085 6270 65
6270 3234 85
6726 1488 75
1488 4708 51
1158 3522 42
3522 319 88
7591 5181 51
7591 4684 55
5181 7894 80
8487 3800 73
8487 4241 20
3800 2353 29
3800 6343 19
2385 1359 4
2385 811 25
1359 6615 58
2321 1922 45
2321 6503 68
1922 6978 9
1922 6133 33
8083 2505 17
75 209 100
1923 5636 18
1923 7057 70
5636 1595 99
4189 1837 100
4189 5865 44
6798 7569 50
7569 3297 70
7154 8405 71
4160 931 8
4160 3481 88
1962 8737 19
8737 4117 86
6081 6514 85
6081 6705 26
6514 781 49
2676 6486 99
3408 598 36
5146 6918 63
7447 7570 57
3066 6326 69
3066 4828 18
3066 5336 36
2609 7657 29
7657 1146 43
6804 7485 19
6221 3748 99
6139 5734 49
6139 8297 15
5734 925 27
1996 351 49
1996 1569 10
351 8781 56
8549 5663 18
8549 4841 98
7820 6261 61
7820 392 44
2519 7855 81
2995 4450 29
2995 3644 78
4450 1484 84
5872 1867 17
7737 3838 59
2158 3067 95
2158 6284 90
3067 4301 20
6250 4005 93
4010 8684 57
8684 5448 99
1808 7420 6
7420 7075 69
7420 6027 28
7719 6290 91
7719 3157 89
6290 801 65
6290 8182 42
1868 3388 1
8802 8442 90
8442 7794 3
8442 8040 27
5306 5394 4
4065 6751 88
6751 1479 83
6751 445 43
6751 4800 59
2181 4190 34
4190 4147 95
6494 2654 8
2654 1970 59
4570 3021 76
4570 707 56
3021 7763 72
3021 8927 94
3021 3206 41
5333 325 67
5333 5569 22
5333 3932 64
1025 2211 39
6480 1929 30
6952 108 52
6952 6351 42
4367 6913 51
4367 8062 73
1637 8567 84
8567 7283 53
396 2918 54
6008 1692 7
6008 689 42
3415 1597 52
1597 3931 90
8015 7888 65
4760 6110 8
6110 6285 28
6110 204 85
5082 4204 29
5082 1396 22
4204 5442 22
4204 6147 37
116 4695 93
116 8350 15
4695 5780 29
1608 6068 4
5199 29 81
4911 8563 47
4911 1195 49
8563 5483 31
8563 2433 27
5280 6198 90
5280 3815 23
8654 5759 85
5759 1626 26
8405 8784 84
8784 2691 99
8837 6321 48
8833 3032 35
5870 6296 2
6296 5436 63
15 3401 75
15 4328 46
6054 1314 76
6176 2631 45
6176 7027 9
2631 7907 33
3506 949 47
5547 7900 83
7900 3121 41
2941 8557 83
2941 1854 75
8557 7329 68
1829 8926 44
8926 2839 52
8926 4773 84
8926 8084 25
3287 6167 98
7351 134 56
134 2254 91
134 1080 90
8525 6091 20
8525 3661 99
6983 1234 45
7040 5354 16
5354 4657 87
981 8307 34
981 1398 69
8307 3028 16
8307 8322 36
5874 5851 38
5874 3638 38
493 7567 32
493 55 19
7567 135 76
7567 6074 92
5877 2567 51
4536 6856 24
4186 8627 93
4186 3015 93
4186 782 80
595 2715 52
595 7718 80
2715 3708 17
2715 4523 12
2715 5090 4
1338 1062 1
1338 8325 87
822 5059 45
684 971 91
684 3387 45
4870 6923 45
4870 2792 81
4870 8013 64
6282 6750 90
6282 551 98
6282 4413 10
6282 1319 13
6750 3253 62
4179 1544 36
4179 3192 9
7895 3325 99
7895 4743 47
2521 2635 11
8318 5925 56
8318 4484 77
5925 1153 31
1565 2863 64
1565 3756 48
6885 2293 66
2293 8780 39
7528 5393 95
6193 4245 25
6193 3714 98
6193 47 99
4245 2489 85
4245 1454 75
1245 4453 89
4453 4709 79
4013 8610 93
4013 991 76
4013 4408 56
8610 4439 100
8610 2762 53
51 356 28
51 7730 11
6009 3467 8
6009 4579 67
7475 3660 84
7475 8239 51
7475 1164 66
7475 7345 9
3660 2750 40
5475 6762 71
6762 2367 63
3887 5805 72
5805 3209 60
5805 1739 57
5805 6619 11
4726 427 53
4726 2476 65
427 2447 61
427 2783 80
427 3801 10
8021 2813 62
2813 5218 26
5373 8049 100
1774 4684 99
1774 8205 3
37 6915 5
37 1804 20
6915 7147 65
6915 5640 58
5341 3628 79
4670 1115 57
1115 4488 67
596 7912 36
7912 2706 74
4528 3773 25
4528 6493 8
3773 2040 94
3773 3684 55
8003 330 100
330 3119 90
6105 820 22
8415 5800 99
8415 8780 95
1227 158 24
1227 7747 80
8095 2213 88
6928 8187 8
6928 2447 6
8187 1898 99
6847 5068 20
6847 2596 27
5068 7377 74
5068 6629 48
6029 8337 5
6029 470 38
6029 3761 78
5005 4767 56
233 4604 54
2183 8076 86
8076 6954 85
5905 8655 76
5954 4984 6
5954 957 53
5954 5541 38
5954 2343 45
4984 371 27
4984 5396 40
261 3908 31
261 7793 81
261 8428 59
3908 5400 76
5433 5714 26
3664 2598 77
6625 5662 76
7462 3188 89
7462 7638 29
3188 859 12
3188 6387 49
542 785 76
820 7867 89
7760 3486 25
7760 3793 89
3486 56 4
7413 5293 31
7629 1445 82
2274 802 26
2274 7521 9
2274 973 11
1124 7920 98
1124 7258 4
7920 5823 45
3749 3819 94
2825 2386 1
2386 1215 27
5425 5585 75
5425 5863 10
2464 2346 45
6568 1487 77
3681 4546 70
3845 3006 47
2435 2484 76
6209 800 59
6209 1631 33
1912 3487 34
1912 3980 97
1645 2233 81
2233 6090 34
2283 6454 27
2283 6264 31
2283 4284 32
7336 7653 98
7701 4088 34
7701 1238 3
4088 5296 52
4088 2250 26
348 1239 4
1569 398 53
1569 456 6
398 3393 2
5959 3978 9
5959 6331 18
7151 7967 87
7967 8386 70
3674 2945 70
3674 2919 89
3674 8579 15
2945 1006 23
813 642 1
642 5103 36
6832 8281 38
6832 8184 93
6832 411 44
8281 7130 47
3547 7556 63
3547 6909 26
8538 7714 42
8538 2280 75
7714 706 52
7631 3868 38
7631 4066 52
2162 8219 34
3983 5998 7
3983 7162 92
3983 2005 93
5295 4584 51
4584 4031 33
4584 5677 23
5695 6722 23
6722 6539 51
6722 7986 42
6453 7813 65
8928 3653 99
8928 6906 44
3653 6916 99
6483 6379 42
6379 1136 21
5541 4613 17
8779 7776 24
3613 4732 84
7987 4505 97
7987 8922 83
7987 5890 58
4505 1354 43
1711 8465 43
1711 3269 42
7882 2112 72
2112 2044 29
2112 2698 55
4198 7293 6
4198 4285 77
7293 2223 74
1434 130 92
1434 4228 29
8417 7102 100
8417 8241 46
7102 3190 25
7102 7868 62
8169 3191 4
3191 3127 35
8039 1744 5
8039 5160 26
6610 1679 73
1679 2394 89
1348 3988 7
2337 5379 5
2337 4844 82
2337 4493 42
8782 1429 30
4739 5994 35
149 3116 3
149 5290 52
149 6025 21
149 7469 62
5001 8222 61
5001 1016 31
5001 5075 55
8222 3858 72
8222 1930 26
496 5469 84
5469 1248 94
5469 5178 6
559 5934 60
8795 4751 98
8795 3735 14
4751 1106 33
4977 5131 15
5131 4260 97
3758 1330 58
1330 3554 86
2063 7824 51
7590 7354 72
1761 3083 82
1761 5325 13
5961 2468 32
211 7317 74
211 1198 48
2420 2269 38
2420 2163 10
5245 5745 45
5245 7347 1
3393 6027 3
811 2706 15
811 3879 7
2440 8517 65
8517 739 62
4787 3327 100
3327 5672 31
3260 8786 50
3260 5821 7
3260 3411 79
7670 6931 74
7670 8089 25
6931 1557 86
3952 247 87
7000 1290 93
7000 3830 61
4942 4617 67
4942 6157 90
669 3181 32
3181 2006 73
3181 8271 47
3094 579 53
3056 1043 16
3056 8221 62
3056 2489 91
5 6011 90
968 2088 80
752 4497 70
540 3565 77
3565 3683 58
1076 7945 31
506 3501 77
8495 672 96
8495 4434 92
2360 1956 27
8268 2375 59
8268 436 27
4241 6698 20
8391 5071 68
3207 8284 10
3207 2289 8
8284 2874 62
8284 1 62
2937 7438 98
7438 4538 8
1482 561 91
1482 1546 38
2965 644 76
3369 7626 59
7626 634 72
7626 8000 23
6594 4277 11
4277 1117 75
2672 6831 19
3009 3621 80
3009 7465 21
3009 184 5
3809 8646 63
3809 535 9
3809 890 49
8646 6448 85
8646 6351 88
8646 3929 51
8646 5011 72
8646 3728 50
421 5667 45
1901 8179 41
8179 6294 37
5076 7700 73
5076 4792 61
2328 8873 66
8873 4694 36
8783 7492 61
624 5493 70
5493 1010 35
5493 2897 91
6857 2762 4
6857 2291 77
1714 3832 60
3316 5396 51
2769 2151 47
2769 4173 52
2769 8355 81
3149 7409 28
3149 2240 20
5150 3776 83
3776 1704 91
3227 6593 25
6593 2620 22
6593 8059 94
3168 6246 91
3168 7675 89
3168 4632 14
6937 4283 77
890 8034 48
1991 4250 19
6749 6735 55
6749 3239 19
6735 85 39
5589 390 55
3848 4037 46
4037 455 71
177 4703 31
177 3699 66
177 726 38
4703 7424 34
4136 556 80
8112 2483 79
8112 5826 13
2483 678 66
2483 2081 55
2483 633 97
2977 1030 43
2977 54 7
6674 934 14
6674 3786 48
934 3921 8
1862 1776 77
1862 5427 66
801 2467 26
2467 3880 42
6923 7683 34
2157 2154 49
2157 7937 20
3893 4286 9
551 7300 12
7300 1835 23
3387 4858 48
6985 6076 63
6985 7929 96
6076 7508 75
6076 4533 76
6076 539 51
3708 1513 63
8652 7306 72
7306 2442 2
8903 957 9
8903 5132 34
957 3751 8
957 2951 67
8756 3862 45
392 7490 93
5028 6934 29
1384 7190 28
1384 5916 28
1384 2931 40
3430 1718 25
3430 6257 35
3430 1248 24
3298 8564 9
3298 6441 85
3099 1067 73
3099 8798 82
5910 1327 7
5910 8183 73
2818 2899 69
2818 4320 45
2899 49 72
8011 5496 2
8011 1550 23
877 7961 13
687 8087 9
687 2990 88
8087 3383 33
5639 2832 41
5639 8459 45
5639 5344 90
7656 8481 93
7656 5249 75
7656 8772 74
7656 2561 86
8750 606 81
8750 3707 78
8750 7499 33
606 1502 96
4794 8102 61
1619 7792 53
7792 6922 32
3222 5268 22
3222 7450 74
7141 8119 85
7141 5686 88
7450 6283 5
5658 4407 46
693 1446 78
693 1139 43
4641 3757 79
3757 94 14
2023 6502 74
3864 1400 22
1400 5359 46
3512 7859 61
3512 1475 40
7859 251 48
1203 405 8
1203 8202 98
6988 5230 55
7168 531 17
7168 2173 57
7253 6999 34
7253 1585 40
5751 7109 80
5751 2430 21
5973 8022 8
1648 3164 8
3164 1163 80
3164 258 18
3164 323 47
3164 6022 81
856 3535 21
856 3609 67
856 5454 13
7056 3416 71
7079 4237 67
7079 1782 11
1800 94 9
3714 1562 45
5226 844 47
5226 1389 28
8384 4218 47
4218 1288 23
1180 4057 80
4057 3698 77
8842 3216 65
8842 21 57
7372 7072 62
8561 2452 64
8561 1059 39
2047 8330 18
2047 1357 56
3391 6138 48
3391 8459 52
3391 5357 32
7519 143 54
245 8661 39
3456 6436 26
6436 2257 57
1526 8582 56
5632 1484 87
1484 3028 82
1484 1657 33
7399 8193 30
7399 761 26
2235 3910 6
3910 8704 9
3061 169 4
3061 754 91
2299 7326 19
2299 6018 39
7326 8543 95
2565 553 62
7043 5019 74
5019 7803 53
6007 6158 100
5790 2886 63
5790 254 71
5790 2729 1
206 5337 9
206 3068 64
206 5472 57
5592 3323 23
117 8554 64
1579 5987 21
767 8235 51
767 4312 45
767 1443 33
8235 1948 80
8235 8896 66
6687 1029 93
3386 6371 91
2340 5557 14
2340 7455 100
5557 5943 84
2985 5459 14
2985 1618 23
7759 174 45
403 1007 99
1097 2938 41
1097 1073 34
2443 4084 47
2443 5725 30
4084 735 58
5816 8556 14
5816 1731 75
5816 2079 8
5816 8208 47
8556 7334 73
8556 8201 89
8364 5602 20
5602 7610 70
5439 1139 13
5439 5994 67
5439 6485 50
5984 4801 79
4801 5885 3
3699 155 52
3699 708 63
7551 4259 64
7551 904 81
7551 2765 73
705 1697 10
7111 2525 87
7111 2683 80
4989 4219 63
4989 4699 50
345 1342 69
345 7867 74
1342 3068 58
7922 2774 21
3179 887 99
3179 4643 35
2955 646 65
2955 8755 31
1353 8252 52
3194 5364 70
5364 1914 79
7115 6580 90
7115 2885 76
869 1317 74
869 5810 66
2159 4173 91
8239 5015 16
2279 5204 90
2962 5358 52
2962 243 71
6552 3915 15
3915 4364 77
6315 357 41
6315 307 4
357 3898 83
357 5998 65
357 1469 64
2339 2646 63
2339 8583 84
2339 2014 77
2339 2318 45
2646 8046 27
99 6583 47
1672 7039 92
1672 1620 60
1672 407 67
8459 3184 18
3392 3012 2
3392 2531 54
3392 4813 94
6995 242 46
242 1375 7
242 695 58
242 3676 72
4030 7182 31
4030 352 47
4030 6062 47
4030 2250 7
7182 3097 17
3656 7331 47
5015 11 80
1257 8181 85
2039 2179 98
1838 7295 34
7295 6788 68
6531 5383 66
462 4791 16
4791 839 64
6103 2919 100
6103 4654 85
2919 2837 47
6356 527 92
1120 410 23
7353 1170 42
3889 3073 96
2223 7451 58
2223 6333 74
598 2530 51
598 4337 96
4812 4978 94
4708 8562 33
7525 2351 76
7525 3815 94
2351 4890 31
240 4019 67
4019 4282 44
4019 1935 7
6841 7396 42
4518 7030 47
485 8544 26
485 6892 49
8799 8035 40
8799 4194 70
230 8394 72
230 8133 57
3929 2261 85
3929 7790 50
3775 2889 89
3775 411 99
2889 249 24
6331 3136 17
6331 3992 36
2060 2463 35
2060 8805 86
2060 2710 20
2463 8129 68
5521 3184 32
3184 6106 80
492 8158 80
6177 8000 29
6177 1498 24
8000 3730 30
6645 8030 64
3223 8742 45
8742 3125 46
7795 6639 22
7795 8874 48
7795 978 50
4963 7136 53
7136 5503 60
8319 2202 42
7159 8829 79
5719 7067 61
5719 4938 41
1358 8534 1
8534 5362 35
8534 3241 11
3678 4498 57
17 2334 91
17 951 52
8781 620 74
8785 5832 27
8303 3835 89
3835 5506 59
6237 3645 78
6237 5569 22
7373 1248 23
88 7508 100
5996 6960 51
2007 3672 4
2191 7850 84
5296 3616 54
8089 6971 41
8089 241 42
7676 1534 79
7511 8470 6
5261 1449 50
1833 1235 90
5143 4894 20
2426 7843 58
7843 4986 13
7843 5488 30
5113 2303 63
5423 1555 34
5423 6368 48
5423 2297 37
5423 4235 93
1555 3840 70
7093 6099 27
7093 5414 60
1034 7382 41
7382 8020 23
2492 8609 1
2492 929 23
8609 8446 42
4082 8212 6
4082 1562 89
8852 2834 44
2834 4194 47
8886 4261 55
4571 3076 65
688 3704 98
688 8251 13
6782 8429 30
6782 7863 95
7571 8050 97
7694 8803 74
5737 5486 97
1431 1224 11
2173 3703 71
3304 4384 56
3304 2315 69
1885 5804 20
1885 4530 55
5568 7515 30
5568 5007 1
5568 384 73
3909 1 87
1 5179 99
1 1930 23
3717 4318 58
171 4477 36
171 2366 7
171 7433 95
4477 3243 49
5717 4320 94
5717 1419 46
8443 1364 90
3198 6766 15
6766 692 16
8286 4400 68
4400 7867 2
4400 8686 18
6744 1731 9
617 1919 66
2196 2570 75
2196 2821 1
2196 8602 61
1463 8706 16
7741 165 80
2402 2929 90
2929 6340 62
675 5718 44
5718 1336 75
939 8937 91
5221 6223 79
5221 5073 32
333 4413 12
333 6574 9
4413 8570 73
322 879 27
2946 8343 83
8343 4970 54
5021 3349 24
5021 388 49
437 5030 74
437 4511 39
3707 6234 70
3707 7315 95
7558 3931 71
3931 8767 65
1288 4205 99
317 3471 85
3471 4512 23
3471 2016 12
3471 5771 35
1022 6305 29
6305 287 51
7206 2692 24
8290 5473 82
5473 31 5
7867 1676 88
7867 653 6
3384 654 93
5556 4451 1
5556 4647 27
5556 1242 79
4918 3302 66
4331 7941 19
1819 3014 91
1819 4780 46
488 8695 75
488 6746 31
5434 1344 28
5434 8692 22
1405 6002 22
6002 2771 44
290 8213 1
2484 7740 96
7954 8711 23
1110 5561 92
1585 6990 37
3554 886 10
3554 2479 83
886 1918 98
8038 7063 23
8038 717 3
7063 4470 22
7603 3143 95
7603 5362 35
7858 5516 100
5317 4174 34
5317 3884 17
1058 5431 42
8526 3173 71
5127 1532 22
1841 6413 79
2540 2656 73
6917 1719 51
6917 6756 30
6917 302 48
8674 7215 69
8674 6049 67
7215 4553 54
7216 6468 100
6468 160 86
6468 5758 15
8747 3226 71
3226 7768 27
4537 2050 81
697 5936 91
1300 1802 65
5414 6644 89
5414 2717 55
419 2888 72
419 1828 64
2888 5728 13
8014 3572 66
8014 2457 58
3572 6344 37
5545 6406 92
1596 7756 57
1596 2993 29
1596 8073 51
1471 16 34
16 1292 48
6212 3443 29
6212 2913 62
6212 52 39
3443 604 46
5841 6731 34
5660 4553 22
6559 1419 40
2439 5112 100
2439 1102 32
5112 3285 45
1843 3979 18
1843 8581 34
3259 3603 96
6059 1615 44
6311 3010 95
3010 3206 16
1292 4848 18
4848 7200 100
5673 5814 76
5673 5677 55
2185 7929 87
7929 3492 80
2395 5454 89
3798 8713 48
8713 7360 10
7696 388 92
73 2757 42
2757 170 98
4379 7810 64
4379 1321 8
4379 5432 31
2084 1729 87
6927 3036 93
3036 6154 75
8902 3068 10
1365 3025 1
1365 6980 6
5450 5725 1
5450 5584 33
1210 704 97
5441 1839 59
5441 1960 30
3318 3095 32
3318 5777 6
6980 2520 100
6980 3335 96
7270 3822 15
7270 155 27
3096 6187 94
3096 1243 67
6187 6720 80
7865 3954 1
7001 456 1
1516 4970 5
4573 6797 54
6797 5305 3
3167 5124 17
3731 8825 73
1174 6417 88
1174 7347 73
6417 3740 67
7796 6477 100
7796 1859 1
6477 8828 24
8350 2660 46
4580 7313 63
7081 5763 57
7081 2508 18
7969 4845 46
83 1828 6
2415 4887 46
4887 2633 71
1149 4838 77
4838 2624 37
4838 2949 11
4285 8925 62
4285 3729 28
8620 5047 5
5047 6170 55
7344 3599 28
7627 2209 72
7627 3965 17
2209 4034 66
2209 5866 67
2209 440 40
8180 18 51
1465 819 86
7251 4007 3
7251 6025 15
5885 1244 74
8504 6855 65
8504 8217 41
8504 4103 81
2244 8144 39
5345 8776 37
5345 852 98
2998 3904 46
2998 7914 46
1857 843 40
1857 4394 72
1857 8413 65
1857 4779 65
8898 5950 62
8898 1599 1
8898 8764 31
5950 7660 10
5950 2462 74
5950 812 63
6879 5952 1
2203 7501 78
2203 5826 22
782 7972 20
2187 4143 59
4143 914 21
3299 204 22
3299 5712 30
3299 2312 79
3299 3945 11
3119 5772 49
3119 8765 86
1242 4197 54
6149 7273 72
6149 5285 71
6149 8791 71
3527 4 80
4 246 91
3398 1970 28
2323 6902 96
2323 8570 4
2323 7124 45
2323 8581 51
7042 8847 25
7042 1993 80
4050 7391 37
7474 5960 54
8697 3051 19
8697 7809 22
8702 2747 43
2747 5935 10
2747 3663 16
1321 4809 50
6696 3264 71
3264 1217 40
703 5403 99
7660 3234 13
7660 8256 8
3234 7250 58
3234 6737 14
3141 7926 59
3141 1797 6
7926 1583 49
2837 3550 4
6769 7026 50
7026 7962 28
5037 8091 72
2026 7435 75
4679 1925 49
1925 4780 42
1332 631 85
631 6888 1
6570 7160 70
7160 12 76
1111 7232 80
7232 1100 74
136 4149 35
4149 3459 19
4149 7946 68
386 538 59
3521 4921 95
4921 897 48
4560 7935 73
7935 3611 47
4758 841 75
7794 706 6
7794 4521 11
7675 2940 66
7675 472 44
7352 8822 87
1323 2219 72
599 2446 41
599 4740 18
599 2344 57
7177 8332 55
7177 1983 85
3551 8845 20
4572 1633 22
8192 3049 72
5608 4455 70
4345 7145 76
4345 8726 37
3891 8862 38
463 6280 76
6226 2770 73
2102 7286 83
7286 4153 37
7286 5881 15
575 2096 89
6588 2186 38
2186 8522 87
1324 2434 65
1324 5463 15
895 7827 81
895 910 22
895 8645 86
2523 6317 69
1102 2516 6
678 4097 48
4697 5567 76
2939 4761 67
4464 7885 61
1964 4445 40
7208 7711 13
7711 89 92
7711 4144 87
7711 5366 6
5213 1508 53
1753 6745 60
3071 1293 39
1293 6692 60
1307 4158 97
1307 4087 55
4158 3372 32
8528 900 20
8528 128 98
5931 7729 10
8040 1622 20
1622 243 47
723 1751 54
723 5029 84
723 1552 13
1751 4559 60
1751 7185 8
1061 1221 35
1296 4035 45
3571 5094 85
1849 724 32
1849 7622 11
1146 8298 3
7793 4599 80
4599 2967 95
8257 1575 8
1575 8762 17
1575 6365 12
7683 3825 98
5027 2359 58
2359 8835 15
267 3078 48
267 2618 92
425 6586 1
425 2247 99
2927 5993 40
2927 202 31
6125 7974 24
7974 5222 2
7539 5727 71
7539 2296 16
4342 5325 24
2228 3715 54
4730 7684 56
4730 6774 69
7684 4821 54
8109 3943 100
7394 6756 87
7394 8541 60
1472 8196 77
2855 5075 90
2855 7811 64
2855 748 68
2855 3532 49
3947 835 89
3947 4996 47
835 7258 51
3834 929 80
929 8897 41
929 4750 87
6385 2320 53
3754 871 18
3754 3153 70
3726 2404 66
2404 1661 10
4952 7355 74
4952 7380 43
7355 8016 84
8509 1652 69
8483 2616 17
4478 40 88
40 352 85
8648 4261 1
4261 3068 11
2935 1071 15
7869 4493 14
7869 6191 70
5362 4738 15
4147 1340 60
4147 6355 23
4147 8859 9
4147 686 83
3729 4436 53
3729 5822 27
2971 299 69
2971 5032 84
299 4514 25
1712 6150 41
2132 6333 1
5381 7529 67
5381 3745 24
7529 8723 65
1220 5681 18
5681 2606 90
1195 5657 38
7804 8426 64
2722 7774 90
2722 7593 24
4323 4023 66
4323 1914 69
529 3959 86
3871 6974 57
6974 4627 75
6974 3575 21
52 5044 39
5149 4964 46
5149 5004 54
4964 6470 76
7687 8832 93
2925 7226 9
2925 2445 35
3745 8254 62
2080 7851 33
2080 2041 62
3504 2835 26
2835 2716 10
5921 159 21
4900 882 68
4900 1156 53
882 59 93
7559 6383 5
7559 1603 52
6383 5735 32
5901 7307 83
7307 1834 71
6035 4470 7
1658 8305 75
3793 2176 96
3793 5478 34
6586 1634 11
4958 5668 40
4958 3473 33
2860 5072 54
2860 6118 42
5072 5135 86
5072 5980 31
2193 6401 86
2193 6609 10
2193 6664 82
6401 6713 29
6401 3953 15
8767 3541 13
4844 3169 64
4844 582 65
6074 4164 86
6074 5477 49
6074 2099 29
6074 25 94
3110 8619 85
3110 2377 81
3110 7651 99
5477 4346 16
4238 1266 7
4238 6843 43
7381 1059 48
7381 1458 16
1059 1520 37
1059 1269 82
1059 3114 54
1059 3531 49
1982 8501 12
1032 6405 3
1032 8718 21
3294 5720 81
3294 2921 57
5720 7105 93
5720 4744 61
5720 4810 17
5720 1501 38
1583 4939 51
6993 3676 44
3676 4504 96
8412 3966 70
1196 8099 96
6700 7049 94
7049 6438 2
7153 7400 62
7400 4577 66
7031 226 73
8386 3766 60
3735 3862 40
6207 467 55
6207 3799 33
6207 722 76
2014 209 86
2014 4790 70
147 5811 98
8245 6382 40
8245 3570 27
6382 297 74
8302 7889 59
8640 3029 31
5081 6338 84
4452 1135 54
26 4423 73
3108 8229 19
3108 262 8
8207 7139 76
8207 6621 93
6049 847 1
5320 6022 53
2821 2245 69
2245 3202 34
56 6249 38
5662 1212 83
4496 1990 33
1990 8566 60
3633 6747 95
3633 1913 94
3633 2012 62
7834 5335 95
3089 7540 35
7540 4045 60
4592 7117 20
1727 3410 82
1727 2348 36
608 2928 29
608 4372 84
2928 7094 62
5542 1038 11
788 2230 68
6713 7006 1
6713 8270 60
7006 8044 53
7006 4047 4
7006 8683 22
8031 524 73
5331 2554 99
3196 1860 97
3913 6631 11
3950 1122 81
3950 3550 47
3966 5944 72
3721 5519 64
5723 8348 58
2680 7499 2
7499 3402 50
6228 8155 36
1905 6065 97
1905 4125 21
6065 993 97
5884 1910 90
5884 2082 83
5884 5826 16
1910 5060 9
1804 5185 31
6953 1246 45
8630 2909 43
8630 3237 64
2909 2618 55
2909 4789 19
4353 3638 67
6388 3601 77
2958 1767 46
4808 3670 57
121 2683 82
2683 7456 18
8044 3236 95
7564 7339 52
7339 87 24
6866 5086 5
6269 7180 90
6269 8313 41
508 1362 89
508 4610 54
508 1511 45
4081 4103 100
4081 5164 59
5036 851 69
851 188 85
7784 1077 55
7784 3851 63
1077 964 67
6518 1605 66
3562 4502 33
3562 7736 51
3562 238 54
3562 7691 24
4502 5488 90
334 2216 95
5163 2309 23
1445 6018 60
1676 770 26
4305 759 88
824 1947 75
7500 5650 50
3137 6251 42
7309 7287 83
7309 1094 20
7287 7596 67
7807 4056 92
6966 383 42
6966 3814 60
3858 7473 40
4330 7342 64
7486 6070 7
7486 7038 87
6070 3186 39
4479 4443 88
758 6659 4
5509 712 57
5509 60 62
1933 5990 37
5990 6247 63
816 6028 32
1639 978 34
3687 2780 82
3687 428 95
3169 2982 67
6609 3174 61
5188 1443 92
930 6940 89
6940 7094 31
6484 7345 70
8181 5613 42
5613 8624 49
2044 3319 54
6949 265 32
265 798 34
8108 5498 52
1586 753 27
753 4722 63
2169 4269 79
8687 3954 74
8687 7052 7
8687 4092 88
6505 7011 93
172 5437 92
5437 2787 98
416 8371 94
416 21 25
5826 7247 67
5826 3756 76
3812 4810 88
3812 4207 50
1623 1275 31
1275 5651 97
6018 3192 88
7334 404 48
7334 6548 52
4780 1094 41
6620 6224 88
2966 628 44
7198 5666 86
2728 7732 46
2728 7503 58
7350 2903 70
7350 2898 79
6692 7991 41
1325 223 12
1325 4840 15
1325 4950 76
1325 8074 4
3253 7755 25
2734 6821 50
6602 4469 20
8677 4912 94
1994 2412 100
8489 5305 76
8314 2594 2
4325 5965 99
5965 1230 61
8877 7084 16
8877 7243 37
7084 7349 83
6561 152 47
152 8719 61
4120 1372 75
4120 2504 7
5099 7554 4
5099 7466 77
6126 6553 36
6529 3863 26
6529 7600 56
6529 4798 80
810 3580 23
3580 144 72
7789 5628 63
2863 5622 34
2863 7844 81
5622 2199 12
4025 6013 97
6013 5166 42
418 6377 18
5173 3784 13
7744 4047 31
2115 3280 6
2115 4310 26
3280 701 22
5866 625 55
1132 5344 26
3647 5049 4
3647 3365 45
5049 1478 1
6978 7175 4
7175 3951 96
3727 5861 31
5609 1750 35
3921 924 70
1121 696 27
3064 2342 24
3064 1693 71
3064 681 39
5599 8148 83
2570 5136 86
1695 519 64
519 7098 85
3470 5828 19
3256 3616 60
3256 7164 55
6387 144 59
4370 6329 72
4355 3457 89
3457 7378 77
781 1701 22
289 343 36
289 1010 51
289 5564 26
5652 3870 75
5652 3340 52
3491 8403 1
3540 1693 3
8580 7766 41
7766 5728 36
5186 6275 36
5186 8355 38
5186 7725 89
6275 6589 3
4856 7812 4
4856 1629 12
4856 6042 18
8566 1387 96
8566 3211 20
7617 3577 66
5772 4939 93
2344 3488 94
4420 2518 85
2518 6060 43
4923 5947 35
5947 137 90
1661 2049 20
1389 173 47
1389 8340 77
8204 8859 82
7885 935 59
7885 4409 33
4512 4995 7
3872 277 99
3872 5621 92
4559 1167 23
8519 5096 26
5968 4444 37
5968 992 4
4627 2199 15
6893 6043 87
7700 7343 33
6475 2510 92
2510 4114 4
4454 5229 87
4454 3695 87
8834 1137 78
8834 6660 16
8834 6456 52
1137 5462 77
1520 3520 56
3873 436 59
2709 7681 41
2709 6040 60
7261 269 41
144 210 59
6346 5526 14
6346 3701 26
5526 7414 19
7465 4749 92
7465 4240 27
4865 7860 56
5052 14 27
6448 1492 88
8383 1577 17
4114 736 28
4114 8434 97
2618 1006 15
6440 4667 93
6440 6248 66
8374 5670 30
6664 6564 44
2281 6599 46
2281 4853 91
2885 2298 72
4909 7758 9
4043 7319 68
428 5114 75
428 2122 90
6368 2608 54
2465 626 23
1861 3435 26
3258 5225 38
1047 2479 22
1398 4713 87
2315 1927 13
2315 3574 19
2315 1863 58
1927 6487 22
4881 7860 92
2160 359 34
2160 6958 50
359 2093 24
5032 6052 85
8541 7233 93
8541 3434 27
7233 8387 60
5825 5664 40
5664 4948 98
5664 8547 26
7061 1113 26
5135 4636 20
326 5104 12
326 6161 90
5741 2347 33
2347 8057 3
580 7799 39
6965 4046 86
4095 2516 49
5649 2141 89
5740 997 59
5740 5416 58
6800 2896 13
5029 1478 12
7263 5564 84
6990 209 26
246 5011 99
932 2636 26
2636 3518 75
1646 1301 62
1594 5201 46
1594 6463 91
5201 8453 48
1797 1136 21
7086 4901 38
3001 1987 43
4832 1249 35
6548 1826 51
6548 5065 49
4750 8506 27
4750 8218 49
4087 6851 88
6851 6573 19
3055 2449 9
4394 714 2
2082 8636 81
8150 7754 46
2062 1264 59
3192 1026 6
3453 858 89
3453 1352 25
4796 471 45
6799 3002 53
7470 3397 86
3397 5722 77
5610 5710 81
5710 1483 17
1550 899 49
7661 6612 71
6612 7768 64
6612 2377 52
1631 8147 66
6757 8092 44
6757 4309 47
4766 2120 37
4766 8793 34
2423 221 29
2353 5696 6
7025 2668 93
7025 5445 96
2820 1253 85
5543 6116 87
6116 5620 5
3980 2590 47
3980 3639 65
3068 3541 61
6276 5900 8
7284 3970 64
3381 5849 16
3220 2637 77
1184 716 42
1184 5991 15
7267 789 64
8897 8722 69
5487 718 88
5487 6635 64
4257 1913 79
8210 8129 22
6667 4260 53
6667 8162 15
3592 4016 74
3592 1267 69
4016 1936 45
865 6618 91
7841 1533 54
7841 4492 8
7193 426 82
2354 2221 25
2221 2312 22
371 739 17
8777 5930 83
8777 8296 77
5930 3831 34
1391 4959 66
2582 2677 53
2970 710 45
2970 927 66
7340 8411 45
7340 1755 92
4970 1211 34
4654 8218 30
5206 2960 24
5570 1571 94
5672 5690 28
78 300 22
78 3379 13
2541 1707 35
2541 760 91
5607 537 7
5607 7502 46
4625 6897 12
5196 6795 73
1681 8880 7
1186 5624 10
2529 3802 33
2529 5754 60
3802 6344 51
3802 6407 92
45 1012 49
45 1805 78
181 7927 47
181 3360 31
181 3462 68
181 889 3
7927 2605 5
7927 3912 79
827 2975 53
8464 8522 38
2869 7383 100
6344 7752 38
3880 4070 45
3880 2791 71
3880 3072 93
1483 7225 64
7225 4278 31
5822 5307 47
4100 3060 1
3060 7752 84
8409 4930 99
8409 3702 53
2312 5945 79
1563 210 72
6779 6515 18
6779 8728 21
415 3054 8
3054 5625 47
8293 5203 36
7983 7467 36
7467 3997 2
2630 5687 37
5687 2602 78
7740 694 91
5304 567 96
5304 7482 52
6650 5191 34
5191 4886 49
7298 5343 49
4855 218 69
5698 200 19
5698 5182 12
473 2585 17
1026 4494 17
5657 2017 70
2017 3994 35
5156 4252 18
8326 1416 57
4227 1779 23
6542 8131 54
2701 5266 76
5266 7808 36
5991 2145 9
3474 5540 55
3474 1021 38
4196 3785 11
4196 7069 92
830 1601 22
6830 5596 1
5098 6023 100
8578 5408 88
5408 5256 27
6439 4906 75
6439 5846 63
6439 6117 53
4906 7874 33
4906 5387 69
3986 4534 46
3986 7573 36
2042 4267 53
4267 7092 76
8340 5933 61
8215 4122 44
2052 773 29
7105 4689 49
7105 8508 89
3139 1079 84
1000 8436 12
2852 6186 49
2852 5638 53
4215 607 99
3407 7483 37
7913 4161 66
7913 748 54
5775 4111 67
5775 534 32
2155 6211 15
2155 7621 32
7583 998 42
8188 5415 28
8188 4506 58
8707 2449 85
618 1742 19
1742 1632 59
3922 2923 43
3922 5706 48
4924 959 2
4924 157 56
4300 6668 63
4300 613 29
6668 3509 97
4595 7506 1
2602 5770 4
8298 2906 73
7200 5465 90
5465 570 90
3631 4936 43
3631 2872 38
4936 5430 13
4936 5064 49
3994 7094 78
7094 6842 1
4419 4579 22
4419 8500 21
5819 5294 4
2015 8533 30
8533 6740 95
8205 5202 15
5202 3627 76
5202 574 28
5534 3804 25
3395 1509 87
3395 5694 95
1509 8488 96
1509 7064 84
8227 5395 19
2167 4565 94
2167 568 8
4565 5116 57
5284 2197 33
8774 8901 60
3050 464 50
464 5243 80
5617 1127 56
1045 3272 70
2092 4076 36
4076 294 31
2508 2324 96
3182 3902 14
6312 4442 46
2890 5854 95
8062 5972 46
5972 3903 24
6084 6853 97
7839 2779 33
5944 4646 3
8485 5900 56
2348 4880 71
7776 6214 65
3424 1013 36
3424 4815 25
3424 4223 64
1310 4135 83
7736 1318 22
5537 2840 35
6640 6819 96
4632 8154 79
6247 5824 10
6247 4645 34
5824 685 81
4407 8660 47
4985 6577 64
4985 5845 43
1199 4078 71
1693 3403 1
4802 4558 9
5386 2368 26
5386 3564 40
8484 5580 72
6161 1952 74
1373 7939 46
2016 2679 99
2761 2575 36
2761 8388 58
8871 4017 12
7163 1381 31
1780 1041 12
1041 2383 87
4352 1417 60
4509 7100 30
4509 4427 55
6262 6295 26
6295 4876 64
8047 3763 53
1270 3438 15
1270 3642 84
3153 3236 21
7181 1274 86
6774 2131 89
1766 2639 55
2639 7787 82
422 679 89
679 1057 14
6739 1664 31
4866 7401 3
7401 7951 53
3336 3145 68
2963 3772 82
7720 180 27
6188 7672 59
6188 4256 74
377 8084 32
377 4999 74
4594 4883 80
3465 4401 33
5120 4029 8
5120 5322 36
1361 807 84
1361 5907 52
4031 154 66
4281 4113 92
836 3202 43
3202 2456 35
192 5479 31
4240 7186 41
722 7934 32
2924 938 32
323 3007 59
5177 8466 52
1700 904 82
1700 568 20
3290 3644 68
2704 1554 8
1554 691 23
1554 552 48
358 318 21
4868 7680 87
4868 1883 35
445 3850 55
7768 3490 39
4429 249 16
5126 2499 35
5126 2714 81
5126 5532 84
2499 2356 89
3040 3172 64
5797 1945 23
4894 3505 3
4606 1650 49
4606 7415 56
534 8114 46
534 402 10
593 7126 9
3620 2267 25
8771 2388 61
3582 7488 43
2887 3503 22
2887 4664 69
2887 4246 58
7024 4935 3
4935 2806 65
8558 4089 35
8133 6521 81
3371 5644 91
3371 4032 73
2254 4328 56
7907 6563 81
6685 2304 33
7605 2184 61
3214 4253 17
4253 1500 40
525 8088 72
1656 5748 15
5948 3129 93
6094 5035 42
6094 880 76
3147 7038 6
815 2596 70
834 5069 39
834 4539 39
4340 4127 72
8170 4308 22
7288 817 98
633 6611 33
633 2828 45
361 8924 90
586 6891 6
4328 5708 11
5277 5057 4
4803 2236 35
2236 4814 50
4784 5785 83
1269 2 22
4552 1981 52
3595 6414 82
2192 2685 6
64 5770 23
64 3425 96
3186 6601 75
8670 5370 87
3434 1851 63
5868 80 9
2268 7183 87
157 1197 93
3991 5856 80
4191 6061 39
4191 615 50
6814 6460 32
6814 5129 74
3990 5907 22
3574 3426 81
2768 3536 49
4731 7655 57
21 3244 51
7392 3018 79
2317 8914 2
7863 6989 65
5246 3762 83
5494 5792 37
6621 4549 7
6621 10 3
4346 2405 85
4346 4273 76
3199 7098 11
7 1519 24
3175 7366 78
1003 3937 65
6493 2041 67
797 384 20
5967 293 86
1072 5241 85
296 5115 58
170 7572 16
170 8626 9
2655 4998 35
4998 588 35
4998 6462 77
4998 163 65
3201 1782 73
7478 831 55
2380 6465 96
6637 2533 25
6637 4130 96
4999 6278 8
7817 1086 10
1086 2335 4
4622 2897 23
47 1306 82
4294 3418 90
991 2817 99
4172 1268 52
1898 7304 51
5223 700 35
5780 2008 49
7230 702 90
7230 2844 60
8831 5928 73
6325 7510 100
6421 2265 28
8096 2336 59
7864 2065 95
1801 6817 41
1801 6093 66
3836 5009 99
3836 7577 65
4235 7327 64
4235 58 97
1602 6215 63
7579 1954 33
1888 3026 55
6530 1206 10
450 1685 37
5020 4482 72
2462 7979 16
7497 1075 68
2019 1284 20
2019 1114 82
7297 1571 17
8200 2114 80
8200 3442 63
8200 2969 55
6787 176 53
454 583 87
454 6629 86
2208 7308 9
2149 7421 28
4668 1492 37
1492 2241 24
1492 5038 46
2319 4481 93
4481 5227 99
2302 2802 7
2302 8628 79
2493 5647 89
7277 1607 70
7433 5330 74
5330 7395 59
8289 594 84
594 3151 32
5748 6711 88
8344 5404 55
5404 3579 37
1536 6969 38
1536 8681 53
1536 3642 57
1536 1335 37
2476 3034 25
1053 8325 15
4459 1538 29
4459 1322 16
1538 3478 16
7038 2324 40
1539 742 20
1539 1228 48
1539 550 35
4530 7532 54
7532 1587 49
7532 549 62
1827 7577 23
1827 4336 38
7577 2812 86
5387 6604 66
6412 6828 27
4916 6863 16
7258 3138 5
6213 5142 5
3746 1118 48
3746 6278 92
1118 623 11
7848 6390 75
6390 188 32
2046 7054 73
2046 2090 27
8048 12 45
455 4713 4
455 3142 9
520 2563 55
5561 7158 9
9 5484 83
4288 6040 79
7228 4166 18
3626 2765 86
3626 7415 90
342 4446 85
4446 7414 44
4446 2444 78
4446 5722 48
8675 7550 50
8297 7892 27
5690 1496 50
5690 6811 69
5889 6428 66
774 7844 75
8212 5755 51
514 2951 12
3781 8529 85
5488 5850 95
5850 8253 68
5850 3093 26
7424 6404 94
3307 7798 82
3307 755 35
3307 512 12
7798 8681 4
268 132 54
268 1772 42
235 6872 89
4117 1781 96
3964 3795 68
3964 2583 36
8463 4421 8
8463 738 96
2623 8733 18
8733 3651 9
8733 7636 50
6861 5449 64
6167 96 12
3412 6431 70
5065 8479 33
5359 943 67
7561 2713 1
3399 5735 75
472 4038 34
472 1920 8
7069 7076 54
3642 4949 62
1978 1866 34
1469 3373 24
6736 3992 98
3992 2103 19
1755 8259 66
8259 5480 68
4134 923 63
2295 6839 74
3468 4615 8
2377 2391 68
2377 5129 50
3654 4699 45
4869 5451 12
4962 7280 18
1368 3826 69
5045 8262 81
5045 1130 73
7725 5605 98
1701 256 36
6120 1673 57
701 7908 58
4610 1448 96
5031 2842 2
3884 8511 40
1044 3047 9
184 3409 61
7753 4789 79
3666 1462 42
2079 4485 84
7390 6503 28
8623 7329 91
1133 2679 41
2679 4506 9
5538 5945 87
5945 1617 5
4820 6410 78
4820 2675 80
8379 7108 77
7581 7635 81
7727 2200 42
6445 778 77
6634 7002 12
4597 4086 6
6815 3364 41
4404 6941 90
1632 2153 77
6301 653 59
5374 7035 60
5093 2054 8
2054 7166 67
5102 4849 6
4849 6182 42
849 2658 69
4652 4888 28
3963 4366 88
4366 8070 35
4366 2390 96
5634 329 37
5634 3246 35
8751 719 66
515 8266 9
5873 5578 65
1904 7589 41
7866 3331 100
5587 3629 12
6136 2061 90
3524 5546 11
8346 255 76
1060 2526 30
2526 8552 31
2168 7152 91
6975 7037 10
8218 2108 90
8069 7978 24
8069 4798 72
5384 3712 52
3445 475 60
6905 6452 1
264 5693 29
4430 8585 37
1598 5355 50
6205 7037 73
862 5529 52
1689 3117 15
3117 4669 43
3662 6146 92
7073 1450 14
1450 2287 25
2032 6576 60
6826 5863 43
6826 7516 8
5349 423 38
423 3888 95
4395 2686 95
7896 207 80
3454 7468 12
6892 1455 73
4915 3509 62
4915 657 35
4915 2210 70
7491 5911 34
5911 3448 36
7456 1078 29
7149 8232 51
721 5920 87
5022 6778 31
6778 4593 53
1157 3046 45
1157 983 40
4278 2100 20
8530 6479 82
2845 4292 41
3452 5918 39
6097 4642 35
7665 5903 59
5812 3074 91
5812 7132 39
6273 3208 14
5007 3170 85
8365 1935 71
8365 1140 97
1935 34 99
7667 8938 47
8938 5685 51
3444 8884 64
7599 382 95
5838 8280 15
5838 3233 9
8571 2741 84
7733 24 100
7733 7642 45
7951 4687 3
8730 4742 73
4742 71 58
71 3365 38
7734 478 45
478 1580 17
5421 4213 67
2708 681 48
5109 6997 91
4223 2509 1
1339 504 45
1339 3969 13
7828 983 62
5092 8177 47
3270 3570 42
4723 2136 93
4723 6911 7
4192 7953 64
8763 768 60
8763 7565 20
4053 244 45
4508 8067 89
5913 4148 39
5985 6102 79
8472 3343 23
2393 1036 4
8575 5318 51
5318 4623 52
1540 8858 100
1021 673 65
1005 1320 7
7130 5871 43
694 5829 42
2335 2387 59
5178 13 23
5129 8826 77
61 8230 71
61 6656 13
7018 1858 96
818 883 7
818 3816 56
5686 1756 62
2711 4385 77
86 7357 40
6235 1376 95
6235 3932 67
7600 2800 39
2800 7705 92
571 3493 47
4628 6373 88
4628 5357 34
1404 795 100
1404 312 75
7751 7007 50
5117 5279 71
8758 8071 37
8758 4425 64
5427 214 96
3968 438 84
901 4131 50
364 5653 29
5653 881 21
87 785 75
87 1397 37
3607 4090 29
5938 1665 69
5141 1169 38
2737 6803 51
8844 3031 2
2536 481 79
755 793 3
5630 2022 71
5630 4981 97
3841 1548 11
5258 7611 70
2502 1173 22
2182 84 87
8234 1649 98
5413 6959 99
7948 804 100
7948 1294 6
4390 3640 61
3499 124 28
2008 1392 48
5103 4533 39
2777 6955 82
6677 5869 59
3890 3362 96
6976 197 42
8288 4338 8
7504 7595 20
7504 4621 54
7659 3187 57
5637 2740 45
5637 8665 94
2459 7621 57
5736 3732 15
5623 4786 36
6225 8755 8
6051 376 18
1114 4077 47
3755 6370 69
1182 6835 13
93 6712 72
8823 3790 26
5281 120 51
2064 6381 85
5963 5460 54
4391 7114 88
3663 1346 43
3567 3124 3
6657 2568 9
5696 5924 29
3698 5902 74
3115 7902 89
8078 8891 42
8826 1273 33
8645 7449 19
4582 1499 29
2906 168 40
7083 8808 69
4602 8037 45
1183 3634 72
6707 565 59
2574 2398 47
2859 8760 95
8760 4499 65
8760 2425 84
3972 2987 93
5532 2264 1
8168 3038 64
4847 7686 52
397 945 94
1709 5262 62
5452 8482 45
341 8604 34
1387 133 18
1143 8469 44
2806 2870 98
6154 6195 65
6455 8739 45
4792 8881 39
958 3160 84
6596 3960 4
1628 7693 85
8310 630 4
6689 1894 92
2325 2134 46
5859 5482 92
8883 2224 38
1140 6811 32
8005 2458 78
7612 2078 8
4200 4517 20
3677 1528 68
3519 2638 8
6471 7968 88
2907 3597 48
7937 4171 63
7767 2667 70
8836 1789 70
8597 5648 60
4598 3004 54
1531 6682 12
3928 3107 67
4380 7046 28
555 2861 70
2429 766 62
1050 762 67
4539 6666 72
5107 4562 40
2914 7585 4
6166 4422 57
2341 1251 56
7601 7708 69
4953 5168 6
2333 5351 13
6724 6352 23
8545 855 34
3683 8080 18
5612 4634 62
1653 4364 62
3987 2695 48
2232 4389 69
4214 2830 99
5432 2742 44
1765 3924 85
3455 8276 52
7923 1725 14
7923 3288 65
5818 2389 61
5232 4969 4
1046 792 40
8115 6057 80
8115 4465 99
3284 7107 29
7437 1655 17
5145 3275 99
7128 1979 97
1979 5779 31
4771 1590 39
2257 7408 6
298 4064 99
298 837 22
6419 7431 90
4461 4638 90
3730 7544 28
5435 6208 96
3245 8137 2
4333 4768 12
5315 2661 26
5315 6424 79
850 6873 22
3243 8727 66
4956 1915 37
2350 2378 99
4687 4004 37
6678 4685 79
4176 581 90
7582 2865 14
7201 2273 92
8915 1015 49
2129 6093 97
1641 3314 63
4569 2628 49
8889 5839 44
1830 1426 12
4843 3123 84
2705 2942 72
8149 309 39
7836 803 56
4980 7178 92
6093 6679 2
7531 3807 98
8637 1668 31
7914 3692 72
194 3544 91
5034 2276 27
8514 5554 45
7932 4115 89
2833 5323 7
570 6293 57
3421 1410 44
3151 4596 21
6717 8199 3
6717 6345 45
8749 8079 46
1525 1233 19
367 8477 64
8860 2571 83
1937 942 50
7883 6132 15
4618 4372 41
4344 557 44
4152 5762 46
5730 320 92
6555 3655 23
6016 5234 80
4362 2801 19
3112 5192 64
8590 36 36
4741 8705 35
2121 5941 17
8919 8113 56
969 2876 40
919 6930 66
848 6124 23
3843 2086 8
2086 7120 47
292 2488 4
7028 2601 48
3885 7202 52
3177 3596 98
1609 2413 54
8659 4236 15
3770 7750 58
2497 7576 37
72 6532 66
4171 7957 44
6723 3277 2
8315 936 61
6322 2627 92
6322 6202 4
1345 1999 95
1999 3824 11
458 956 16
1775 2562 64
7311 3321 44
6478 2994 100
8385 4735 62
8223 4206 75
8476 4925 96
4255 8761 29
5138 5244 23
3306 5091 92
