2452 9254 6
2452 3653 31
2452 8148 90
1015 8673 70
1015 7825 2
8673 6763 7
8467 375 19
375 1830 68
774 6170 11
6170 3879 76
5005 2299 62
5005 6404 47
5005 510 78
5005 1963 93
5005 1238 41
2299 5949 70
3102 1492 89
3102 4617 66
3102 9326 8
1492 24 5
5272 3723 67
7718 3340 99
7718 1082 29
7718 4935 67
1874 2552 16
635 9060 57
635 5109 36
9060 3083 42
3977 998 95
3977 923 53
998 3483 26
998 50 87
2085 7362 1
7362 2216 99
7362 5844 61
2147 799 94
2147 1925 2
799 2268 48
5889 5058 82
5889 3993 96
5889 7361 29
5058 3057 77
5058 1859 64
1566 8099 96
1566 4277 10
2941 3244 4
2941 3892 72
2941 3237 97
2941 6081 46
3244 5935 98
3244 6325 74
3244 4382 98
5374 2509 80
5374 1653 56
5374 4140 56
5374 3010 18
5374 119 23
9481 2469 76
9481 3249 53
9481 7099 26
2469 2657 75
8356 2386 40
8356 2585 4
8356 8716 43
2386 6458 90
6408 8759 65
6408 7595 69
6408 74 88
5090 814 76
5090 2347 28
814 8645 43
3183 3836 47
8982 1724 1
8982 9352 87
7977 3886 77
6370 7701 7
6370 199 31
6370 8840 10
7701 5166 88
7091 1905 38
7091 5150 37
1905 1818 6
8216 7865 21
7865 429 7
6402 4420 18
6402 6021 93
6402 4641 84
4420 3917 23
3883 6212 35
3883 1381 26
6212 546 54
6212 5460 91
9134 3525 90
3595 1160 38
3595 8208 2
1160 7131 17
1160 157 19
7703 1013 13
7703 8726 69
1013 4452 23
7655 2245 95
7655 2420 9
2245 2935 77
5240 830 92
5240 8228 58
830 2113 11
6957 7642 53
7642 4715 74
7642 7015 52
7642 3514 65
5232 5166 17
5166 2844 89
5166 6308 62
8525 2031 38
2031 7648 49
2031 2955 67
2031 9334 57
2031 30 52
5471 5479 66
5471 5713 39
5479 8109 42
5479 7436 87
1067 8305 7
1067 9409 61
8305 1374 84
8305 4319 55
8305 2683 34
2759 7089 43
2759 8419 36
7089 6411 51
5704 444 44
5704 3616 83
444 7479 43
444 5040 23
444 7085 93
224 1907 13
224 567 25
224 5076 88
224 4285 45
1907 3926 28
1907 2117 26
8777 4699 3
8777 9003 84
4699 2532 95
4699 6240 43
833 3877 43
833 7422 13
3877 941 16
4675 5540 29
4675 7065 69
4675 9030 37
4675 4971 83
4675 5217 21
4675 8384 98
5540 6061 28
7951 240 20
7951 1809 93
240 2360 39
240 4469 9
4608 5821 43
4608 1873 45
4268 3916 3
4268 5963 60
4268 9115 45
4802 2633 89
4802 1473 9
3504 6222 9
3504 5087 17
6222 6690 59
5083 6819 78
5083 8147 60
5083 1286 11
5083 1482 60
6819 1043 82
2808 7999 21
2808 9203 53
2808 2395 65
7999 7658 68
7999 165 21
7999 5237 46
4483 3601 49
4483 2000 79
4483 1439 9
2855 8855 92
2855 7652 87
2855 6097 56
8855 1587 83
5597 3841 3
3841 7191 94
3841 2139 15
3841 9401 2
6282 6347 12
6282 5189 46
3327 2980 3
3327 6071 32
3327 3257 49
8470 5087 67
8470 4652 72
5087 5148 9
5087 8859 72
5087 6343 72
8629 8301 16
8629 723 73
8629 4736 67
8301 1653 37
8301 3514 2
8301 3343 75
3878 456 62
1592 5428 48
1592 2760 17
5428 3565 91
5428 7386 50
4042 560 71
4042 6686 43
4042 9164 54
9063 6182 85
9063 9475 44
8367 2323 66
2323 8494 59
4200 4408 50
4200 993 76
4408 901 8
4408 7676 86
4408 7265 61
1665 5735 34
1665 2477 69
5735 2924 4
504 9048 53
9048 8820 13
9048 3763 66
7342 3773 17
3773 1143 90
3773 3526 7
5493 8436 87
5493 2474 64
8436 7956 99
3399 8454 6
8454 6469 55
2691 9211 36
2691 3181 25
9211 3694 87
9211 3994 49
9211 3439 21
4874 2162 49
2162 588 18
2762 5661 73
2711 6587 2
3380 9343 82
9343 8533 27
9343 2272 51
4433 5366 88
4433 3271 100
4433 4402 7
4016 8801 51
8801 478 83
8801 3163 8
8801 5180 37
9061 8174 91
9061 4579 9
8174 5133 86
69 9347 94
69 4242 84
9347 8455 68
2302 3718 11
7125 8737 68
8737 6801 70
3213 7096 67
3213 8699 64
3213 2523 28
3213 8616 28
3213 7013 30
3838 8048 79
3838 6059 92
8048 113 56
8048 8652 85
5906 6080 6
6080 8076 1
6080 349 41
6080 5419 85
7959 399 25
4849 3378 97
4849 5026 9
128 5684 29
128 4344 54
128 3618 92
128 3655 28
5684 1870 68
7734 8701 81
7734 185 85
8701 9412 76
8701 3729 90
8701 3430 95
4442 6646 34
9349 1567 78
9349 7038 48
9349 7954 40
1567 8145 27
1567 7402 29
1567 3681 32
3777 6226 51
3777 9502 69
6226 8568 100
6226 7420 6
6226 7432 56
8578 1731 34
8578 6786 14
1731 6318 87
7275 2954 21
7275 6700 97
7275 3460 35
2954 6936 61
3573 1432 4
3573 5278 9
4491 3160 26
4491 4981 99
7011 8003 36
7011 7189 67
7011 6490 33
7011 3943 58
7268 4900 94
4900 1183 53
4900 4914 80
9147 7794 57
9147 8526 21
9147 3854 45
9147 5144 53
7794 8280 94
6871 8833 34
6871 3893 12
8833 9085 41
1834 4281 86
1834 7048 81
1834 7357 88
4281 292 48
567 1074 5
567 3346 27
8086 5268 55
8086 5961 55
5268 8477 6
6970 1104 78
8036 2699 93
8036 4765 22
2699 4677 11
2699 1178 69
2699 7186 17
231 1051 12
1051 2708 13
1009 7507 35
1009 933 90
6239 300 47
6239 790 80
2089 2813 61
2089 2628 29
860 8548 20
8548 4835 2
8548 5884 23
6831 1472 11
6831 2623 83
1472 7181 14
1039 379 39
379 4024 43
5139 3755 14
5139 5557 62
5139 7567 66
5537 6638 76
6638 1684 57
9180 8052 100
8052 8840 78
8052 1406 10
1328 42 42
1328 5617 68
1328 3943 85
1328 353 35
42 1497 57
36 1461 76
1461 6330 5
1461 790 90
1461 4290 63
5693 6199 17
5693 4790 29
6199 2501 53
7189 3876 72
5608 1697 4
5608 6925 40
1697 3306 59
5757 4370 14
5757 8852 69
4370 7946 91
4337 9208 44
4337 8936 12
4337 317 49
6936 5964 1
6301 6529 73
6529 1941 50
6529 9405 98
6529 1213 6
7645 8654 74
7645 9286 52
7645 4526 73
7645 954 33
8654 6330 83
8654 476 59
395 2292 81
395 2568 49
395 783 86
395 5954 16
395 2625 67
395 5775 53
2292 5442 39
2292 4918 57
2292 3450 54
2238 4320 79
4320 8597 56
2962 9372 91
2962 5015 89
9372 5210 67
6491 4590 95
6650 5554 100
6650 6719 13
6650 2047 84
453 3491 11
453 2017 67
3491 6511 86
7911 999 70
999 3152 58
999 5653 58
3548 7490 94
3548 630 65
3548 5048 93
7490 3133 85
5916 7386 31
5916 7290 53
7386 8722 44
3930 1417 81
3930 7370 62
1417 2013 54
1417 5881 8
2774 7382 5
2774 8270 23
2774 4776 75
7382 9383 33
4581 6958 45
7406 1349 67
7811 7905 14
7811 6959 86
7811 7516 62
7811 3359 99
7905 976 80
7905 898 76
1502 245 28
245 1255 67
2046 577 5
2046 7708 15
577 4545 9
9376 3063 13
9376 6802 77
3063 5905 26
3063 1094 94
6463 7833 62
6463 2655 53
6463 1805 69
6463 6834 99
9085 1715 10
9085 6336 15
1715 7549 34
1715 6432 64
1715 9369 77
6789 861 84
6789 5093 90
861 7838 19
807 4366 29
807 2702 86
807 4790 30
807 4100 66
807 7067 51
807 6540 35
4366 563 99
4366 1053 92
4366 4163 83
6835 6174 15
6835 4242 73
940 758 65
940 9117 74
5789 6649 93
6912 8203 28
6912 3971 82
6912 2300 4
949 8027 38
949 4824 77
8027 7432 44
96 6443 96
96 4876 32
8131 2116 75
2116 463 89
2194 6020 36
6020 5840 6
6020 2382 80
1635 9241 47
1635 4757 85
9241 9407 99
960 3007 12
960 9099 79
960 3934 76
3007 1503 48
3007 7876 82
4431 5489 21
4431 6608 23
5489 5609 26
5489 6657 33
7839 7985 74
7839 4810 81
8455 3288 26
105 442 29
105 1900 78
442 5118 21
8964 1719 5
8964 1089 35
8522 1068 26
8522 8494 13
8522 3597 8
8522 5706 84
1068 9435 15
1068 7040 92
6161 907 83
6161 4729 20
907 4588 60
9204 6542 32
9204 1885 45
9204 5650 21
6542 6471 44
6542 2904 4
6542 5731 20
8974 7589 90
8974 8280 91
7589 2500 95
5747 3089 89
5747 3066 95
4460 8268 100
4460 678 92
8268 3428 72
8268 950 54
6696 939 95
6696 4282 29
6696 3236 42
939 6997 21
939 122 52
939 9414 53
4604 1714 51
4604 7396 7
1714 6991 50
7336 9033 54
7336 5707 6
9033 7484 49
9033 2914 5
4814 4150 16
4814 2851 97
4814 9436 89
4150 4193 74
3584 4515 32
4515 7105 8
3209 5881 59
3209 6369 3
3209 2027 72
3209 9041 91
5881 7821 8
613 5167 75
613 1706 90
7029 7207 68
7029 6810 43
7029 7751 82
7029 1032 87
7207 8596 63
2563 876 29
2563 7719 4
876 5311 18
9255 3670 26
9255 8331 38
7663 6392 22
7663 3730 4
6392 9058 39
2314 5945 2
2314 9264 97
2314 4520 86
7590 511 84
1463 7485 34
7485 8689 84
7485 7963 30
7485 1878 100
9123 7822 96
7822 5874 36
7822 5191 82
7822 6281 46
718 4073 43
718 6867 16
718 1215 12
4073 1063 89
310 5852 24
5852 5912 41
1143 1694 72
1143 5369 98
4133 3910 92
3910 1830 31
3910 9182 78
6066 2944 97
2944 6232 85
2944 3995 22
136 449 16
136 1140 16
5962 5386 15
5962 8672 25
5386 462 37
5386 3677 92
5817 4222 12
5817 6962 60
5817 6751 13
5194 5115 25
5194 1296 25
5194 6099 6
5115 5510 21
5115 944 15
8488 2329 8
8488 4226 80
8488 5210 17
2329 5910 39
5030 2983 47
5030 1618 75
1639 4129 19
1639 7500 37
1639 3689 63
4129 4726 29
6987 1004 47
6987 7285 74
6987 7558 97
6987 6272 59
6987 385 79
6522 5658 37
6522 9291 4
5658 2985 6
5658 6815 54
4031 8366 18
8366 3726 46
8366 1808 53
2506 1935 100
1935 391 51
1935 8840 11
8769 1358 100
8769 3302 34
1358 1772 54
1358 9019 94
1358 1076 27
9253 2815 69
9253 3052 69
2815 2368 73
7119 6351 45
7119 2463 95
6351 5172 75
6351 6237 48
8500 7015 62
8500 178 67
8500 23 12
6471 1270 38
1270 1962 46
1270 2131 67
2521 9385 45
2521 6512 63
2521 3806 73
4959 5136 100
4959 4194 44
4959 5561 86
4959 3731 9
5136 7836 12
8762 4201 38
8762 1648 61
4201 634 21
4201 6905 37
1926 1976 4
1926 2441 93
1926 3734 62
1926 6504 63
1976 7315 6
6148 8723 36
6148 8239 12
6148 3376 30
6148 5020 92
6380 4151 86
6380 6888 39
4151 1783 5
8784 955 93
8784 855 25
955 7731 94
8350 154 72
8350 237 65
8350 5687 52
154 4154 31
1591 6015 14
1591 7046 15
1591 804 74
1591 9374 78
1591 7325 60
2117 8595 72
2117 272 36
7619 8900 76
7619 2949 62
7619 7483 30
2787 4060 43
2787 9362 74
2787 1213 28
2787 6445 65
4060 3069 91
4060 8766 7
1306 570 93
1306 7330 18
1306 7214 91
1306 1099 6
1306 101 72
1306 8656 40
570 1794 11
570 8247 94
3375 7759 83
3375 6659 90
3375 9366 61
7759 9328 77
7759 3918 13
7759 3180 34
7759 4962 93
803 7216 53
803 962 54
9457 7026 18
9457 2429 7
7026 6756 60
1074 2631 27
1074 8832 60
1074 6841 67
4081 5557 31
4081 9272 30
4081 1563 71
5557 5674 24
7112 2269 84
8970 3247 74
8970 8688 5
8970 8270 83
8970 6634 1
7654 7631 55
7654 4043 68
4387 7609 4
4387 4143 3
7609 4029 96
8448 5301 69
5301 3613 85
1117 6858 35
1117 2198 73
6421 8189 90
6421 5764 26
6421 6673 35
8189 8362 41
4707 6453 44
4707 990 46
4707 6098 30
4707 6543 12
4707 5004 38
4707 6322 37
6453 294 75
787 3045 58
787 1835 91
260 6468 93
260 3831 99
260 9051 56
6468 3888 7
6468 3163 18
2598 7736 40
2598 2476 38
2598 4882 22
7736 1774 63
1315 5941 88
5941 855 1
5941 6832 49
2224 5576 70
5576 7466 79
8568 3155 15
8568 2783 28
701 3359 16
3359 6172 69
6158 2195 87
2195 8859 57
2195 5110 22
2195 7219 92
2195 4947 98
5840 1545 79
5840 3676 16
5840 3560 20
5840 3547 28
1893 644 17
1893 8388 34
1893 1226 91
9146 1184 98
9146 1396 22
9146 7459 74
8468 4398 26
8468 804 1
8468 5756 10
405 1948 5
1948 5476 49
4335 7677 74
643 2076 30
643 2487 7
2076 269 99
3506 8303 55
8303 8487 99
990 6087 10
2344 6678 3
2344 6594 26
6678 3304 67
6678 348 42
6678 3944 94
1101 8309 35
1101 3627 36
8309 8523 98
8309 2917 7
485 2041 72
2041 7470 38
3943 4354 97
4354 7054 91
4354 8727 21
6715 8 34
6715 158 45
6715 3130 20
8 3137 24
1258 6741 99
1258 8715 4
6741 422 22
4715 4171 39
9238 7430 86
9238 6645 15
7430 820 64
2225 3133 50
6149 3077 55
6149 3490 35
6149 1575 15
3077 8078 31
3481 1738 74
3481 8064 15
182 6953 72
6953 1975 67
6953 5891 41
2192 5725 90
2192 6675 19
2192 2779 43
5725 4064 62
5725 5439 64
3072 5887 64
3072 1106 6
5887 3057 22
5887 2173 58
5887 1964 95
1399 3515 7
1399 705 12
3515 7330 52
705 1191 35
705 5580 43
705 1756 51
2760 7605 52
7592 1082 42
1082 878 81
1082 2064 74
5820 3649 82
2182 2393 32
5158 9041 88
1941 3015 46
806 7982 49
806 1017 21
1752 1361 73
1752 8663 19
4641 7095 23
4641 1950 48
4641 3325 40
8936 7141 48
8936 6191 79
1401 5084 32
1401 2501 34
5084 5694 59
4996 1497 54
4996 1642 50
1497 9213 93
5502 1335 61
5502 5412 54
5502 7605 87
941 8054 37
8832 369 67
7566 5288 15
7566 9264 23
7566 7741 41
9030 1261 24
9030 3315 93
5206 7578 81
5206 2492 11
5206 3229 99
5206 5604 95
6532 1530 38
1530 4351 42
1530 2755 35
1530 695 31
835 1114 45
835 5020 93
4775 6666 18
4775 5955 21
4775 1988 23
6666 1646 59
6252 6818 99
6252 8200 58
841 7274 6
841 1553 74
841 4116 53
841 333 39
7274 780 41
7274 6787 2
8229 4463 10
4463 192 11
4463 8605 21
7271 8836 32
2223 802 70
2223 9037 23
802 3561 9
8321 942 29
8321 1154 27
8321 1366 25
8321 4481 20
942 6913 2
4840 7242 8
8008 6266 90
8008 4793 29
2507 3851 69
2507 1794 21
2507 3493 69
2507 1314 69
3851 7387 40
2123 9059 33
2123 7939 4
2123 2899 32
9059 5701 46
9059 8145 9
471 763 32
3314 3887 95
3314 6730 54
3887 3984 85
7603 5047 43
5047 6448 5
7981 2479 50
2479 7302 56
2479 706 17
2032 491 60
2032 5063 84
2032 8818 74
2032 3531 12
3500 5615 33
3500 2735 75
2303 7572 91
2303 5365 30
7572 2988 66
7572 2737 92
7572 1402 42
4624 5799 44
5799 2998 96
5799 5942 69
7960 274 43
274 3389 70
2770 6565 65
2770 5311 52
2770 7064 19
2770 111 30
6565 1242 13
8063 6133 40
8063 1595 30
6205 2750 88
6205 2322 7
6205 784 69
6205 5017 39
6205 8186 45
2750 8510 74
6557 7250 28
6401 3382 10
6401 6163 37
6401 1278 39
3382 2298 77
2209 7403 34
2209 6852 76
2209 226 59
7403 622 48
7403 2007 33
7403 7269 90
147 4542 4
147 4384 33
4542 6292 12
145 3854 97
145 3695 4
5039 2099 27
5039 7667 97
2099 4633 53
2265 3868 64
3499 9098 28
3499 4599 82
9098 2221 60
4890 7893 37
4890 909 77
7893 8199 36
8640 4126 18
8640 4870 84
2360 4458 97
805 1291 42
5400 1739 62
1739 3286 68
8375 3388 55
8375 5481 94
8375 4046 69
3388 4400 4
4140 931 87
7077 383 70
383 3936 32
7838 2734 97
7838 5804 15
2734 4514 6
4547 4326 4
4547 4644 62
4547 6329 42
4545 4836 53
1464 6257 48
1464 2390 36
6257 5461 85
6257 1208 60
6257 7570 64
2264 4563 74
2264 4344 89
2264 4163 13
2264 5936 55
4563 1034 59
4563 3632 15
2666 1212 45
2666 1584 33
2666 3653 47
1212 7570 39
1212 8381 95
1681 911 29
1681 7633 76
1681 1247 38
1681 9322 55
1681 3127 1
1681 6809 90
911 5018 91
8569 8835 6
8569 9135 47
8835 2056 6
4579 899 34
4579 3113 69
2282 2502 73
2282 3656 70
2502 4794 97
2502 8911 2
2502 7294 22
4458 9182 70
5315 1903 78
1903 5131 21
1903 5691 68
2300 1109 79
1109 3735 26
2783 5494 39
2783 9120 51
2783 4896 28
2508 3167 25
2508 652 97
3736 2493 26
2493 3474 72
2493 5444 23
2493 7008 32
8547 486 88
7422 8144 58
6028 100 14
6028 720 22
5153 2480 50
5153 8651 89
5327 4984 47
2753 1755 32
2753 3721 50
2753 2442 57
6258 1249 89
6258 3387 52
6258 8501 65
1249 4872 36
8403 8421 2
8403 5886 35
8421 9458 25
8421 5036 59
5991 6992 22
5991 3284 4
2755 8523 63
2755 3449 23
8523 829 4
8523 7067 25
8523 3668 70
2918 1166 3
2918 715 91
2918 4690 91
2214 1337 74
2214 3790 100
1337 1677 98
6267 3815 92
6267 545 12
3815 114 87
3815 2291 19
8709 5387 67
8709 4400 37
8709 7662 28
8709 3494 68
8456 629 98
8456 3668 8
1090 4533 32
8049 5818 20
5818 6488 16
5818 177 94
2173 614 38
614 3250 91
614 6804 26
614 5535 66
3726 7505 80
3726 5226 76
4835 7862 2
4835 2383 22
4835 2998 69
1445 3981 56
1445 9399 82
1445 7145 64
1445 666 54
1445 4488 17
3981 669 68
3397 2067 73
2067 995 82
8691 4736 75
4736 1655 87
4736 5765 42
4025 4002 72
4025 811 40
4025 3096 34
4002 8872 22
6721 662 57
306 1798 82
306 3743 79
306 1389 23
2602 2451 37
2451 7978 85
8849 1121 71
8849 8250 85
546 496 11
546 4881 29
496 141 11
496 5679 67
7514 7938 96
7938 5619 74
7938 1153 15
7938 4377 95
5912 4555 39
7640 9317 29
9248 1535 1
9248 8599 38
6531 4550 94
6531 4816 43
4416 2544 88
4416 7963 19
4416 8911 34
2544 2539 45
1754 6227 45
1754 1841 11
1754 1434 75
1754 6626 63
6227 2978 34
4633 3779 100
6597 3146 60
7236 2175 60
2175 8447 69
94 1899 36
94 3569 19
94 6754 20
1899 9412 17
1899 60 89
8407 8167 16
8407 5097 52
8167 6389 67
8167 8402 28
4790 3956 60
81 3475 32
81 9496 25
81 6259 22
8756 3497 4
8756 4582 24
8787 8608 98
8787 3097 63
8608 3479 35
4804 6146 88
7658 5431 54
3735 1963 22
7233 8227 24
5646 3162 67
3162 1704 100
3162 9145 73
3162 7618 12
3162 2016 50
5734 8466 81
5734 5300 28
7463 5969 59
7463 4791 94
7463 1619 85
5969 6315 60
5969 2410 30
2436 4739 3
2436 4585 57
4739 529 36
4617 4750 24
8209 3360 20
3360 7104 29
3360 1387 90
9194 6689 66
6689 7193 21
2018 4453 14
2018 4274 65
2018 3832 82
4453 2593 42
5358 312 24
5358 4807 84
5358 6166 28
5842 3330 91
3330 7460 54
3330 8269 30
7570 2484 38
6806 2270 89
2270 866 27
4499 2849 62
4499 867 68
3569 4661 1
5441 1580 79
5441 7560 3
5441 8765 63
4871 6520 55
6520 5756 48
6520 4567 59
6520 2216 70
4154 4465 37
9145 8696 67
8696 931 65
4607 4839 66
4607 2627 90
4607 8940 56
4839 1169 10
9024 7487 54
9024 4108 18
3875 7374 93
3875 1381 78
3875 2537 34
7374 3184 99
2898 8411 10
9446 7440 12
9446 3571 71
9446 2494 66
7440 6446 67
590 7976 24
590 1878 28
7976 6352 64
7976 9079 84
3139 1744 80
6654 4123 48
6654 2002 62
4123 79 6
2394 8000 66
8780 2959 94
8780 8187 23
1904 3937 56
1904 976 73
1904 612 4
3937 8708 79
8034 5391 40
8034 267 61
8034 658 25
7962 8668 20
7962 1378 59
7962 1190 27
8862 4521 88
8862 8495 80
4413 9031 7
4413 9189 26
9031 414 30
9031 1700 36
9031 7198 61
780 8502 19
6462 528 43
528 3543 83
528 9049 70
2922 4435 28
2922 8245 37
2922 581 100
4435 3786 92
5856 2868 7
5856 4076 80
2868 4481 68
6047 7130 68
7130 6980 72
6 9223 100
9223 966 92
884 3297 27
884 9161 13
3297 8899 42
3297 9202 2
3297 1996 98
3297 5833 96
8616 2848 31
2848 1017 21
5743 3685 27
3685 1812 92
3747 2520 62
2520 2933 24
6432 5717 29
5717 843 66
1085 8513 37
8513 3090 32
8513 7739 81
8565 4145 16
8565 1126 51
4145 2639 99
6769 5247 76
6769 7195 96
6769 301 83
5247 7243 85
1789 4020 93
1789 710 64
8549 5427 40
8549 425 6
8549 2670 87
8549 5197 75
7626 7889 38
7626 7418 35
7626 3302 99
7889 26 80
1994 4925 22
1994 1574 28
1994 7672 43
7445 4100 25
7445 5144 68
7445 3880 51
7445 9352 94
4100 377 98
1546 5575 93
1546 2357 2
6456 7198 53
848 826 18
826 4862 70
1334 7365 58
1334 8361 10
7365 1564 26
6882 868 9
6882 2427 59
6882 6419 82
8839 3128 100
8839 2620 33
8839 4087 41
3128 2884 2
2830 552 25
552 3164 52
552 3820 93
2568 8277 28
4793 54 17
9291 8053 41
9291 3492 62
9291 4241 78
2312 3510 95
3510 7829 35
3510 3719 64
3510 1384 46
6328 6631 6
6631 3127 89
3871 1100 76
400 281 67
281 2992 95
4213 8382 99
4213 3349 64
8382 4195 89
8382 3719 9
8382 3466 79
2179 3218 69
2179 6157 23
2179 7375 62
3218 1016 90
3218 5346 6
3218 276 45
7552 2160 72
7552 5917 48
7552 5932 24
2160 5371 5
3200 8357 63
3200 8463 4
7226 8073 36
7226 2996 33
8073 4371 27
2499 4374 1
2499 5879 33
6269 3220 41
6269 6007 44
3220 7414 95
7168 3948 11
7168 9382 46
7168 7518 42
7168 7530 24
3948 8170 69
66 6385 58
66 8528 8
66 9354 14
66 2381 62
2945 934 65
2945 5254 66
2945 9094 93
6711 7517 52
6711 3214 39
6711 5682 91
2637 3802 91
3802 4625 19
3802 9227 64
3802 1688 20
3802 5443 24
1625 8658 71
1625 6695 97
1625 6259 88
1625 7293 83
8658 4869 33
8658 5582 35
3158 6209 66
3158 6016 95
3158 951 17
3158 1302 20
3158 6404 8
6209 9207 50
6209 2662 26
1276 5567 55
1276 4697 67
193 4831 56
4831 2679 90
2056 7060 41
2056 7715 16
2056 1898 1
2056 2181 37
4471 5281 60
4471 5783 48
4471 6472 15
5281 9388 79
5281 2823 13
4377 7312 43
5341 6998 18
5341 7854 5
5341 9188 47
6998 3915 8
6998 1327 95
657 2105 12
8648 4811 55
8648 8573 22
5590 2277 36
7947 8912 77
7947 3555 37
7947 2672 28
671 3604 54
3365 541 43
541 8464 22
5798 3827 27
5798 8254 21
3827 7366 5
9117 2533 69
9117 1262 74
8798 1230 19
8798 106 28
8798 6594 83
1230 9287 78
4653 5384 96
4653 2066 71
4653 1475 87
6329 1554 51
2491 7253 5
2491 2829 8
6698 9492 34
6698 1711 54
9492 8600 63
9492 1735 70
9492 7110 33
1269 3610 76
1269 5841 15
6018 1740 15
6018 7769 39
6214 499 85
6214 4085 50
499 3291 89
425 2203 93
7819 2534 43
7819 4029 7
7819 3922 63
3673 5119 52
3673 5982 97
3673 6974 79
5119 4553 86
9443 1211 40
5181 8887 7
8887 3066 34
6581 2672 64
1001 4745 30
2590 8645 47
2590 8388 44
8645 8708 74
2765 1711 69
1711 98 5
6009 5361 26
5361 9162 31
5361 3849 19
7868 7848 75
8720 4875 36
8720 9184 14
8720 5420 78
4875 2111 65
4875 473 22
4875 2889 11
6077 2045 46
6077 220 100
6077 6103 53
2045 2376 99
2045 2236 3
7470 2258 18
7470 195 96
7470 4823 29
80 2935 66
80 7770 100
80 6956 98
2935 2326 43
2935 7108 84
776 3590 26
3590 4829 21
148 5140 34
1886 8257 76
8257 1242 93
9186 9287 41
9186 712 19
9287 4502 9
9287 2528 68
9287 8713 80
9287 5998 89
7200 5715 52
5715 264 20
5715 9359 58
7462 4507 57
7462 7711 77
6310 1723 61
6310 1823 35
7476 6378 19
7476 6903 22
7476 2725 93
7476 6216 79
6378 5841 84
2454 2693 26
2454 2777 90
2454 1287 46
3010 1339 18
3010 9284 53
1339 1902 86
1339 2188 14
3791 2832 74
2832 8120 57
2832 7035 39
2832 656 47
2832 6796 52
3163 3581 95
3163 3689 32
3906 3697 87
3906 624 75
6815 5365 82
6815 367 96
5365 115 71
5365 6687 48
6876 5616 32
5616 5829 46
5539 5898 5
5898 8423 93
6639 1189 55
6639 6692 67
3743 445 45
1255 4290 97
1255 9362 15
7496 8029 76
8029 7840 33
8029 755 49
9150 4720 29
9150 1010 68
6739 8477 73
6739 2779 60
6739 3780 43
4625 8240 79
4625 5190 13
4625 2002 48
3401 9213 16
5499 2206 26
5499 3230 35
2206 4049 89
2322 8088 79
2322 4137 41
8088 5144 41
8088 2931 81
8461 971 15
8461 5643 4
971 5246 1
2219 1371 17
2219 6256 97
2219 2984 89
5430 7169 52
7535 9261 18
7535 7038 42
7535 1455 66
1900 233 24
1900 6274 22
233 8369 10
233 8933 18
5363 6559 93
7343 3513 76
3513 721 86
7042 5848 50
5848 3269 37
4196 8332 53
4196 4665 78
3394 1215 28
1215 321 88
1215 5709 65
4914 4180 42
7967 6011 16
7967 484 43
3611 2059 23
3611 2781 94
3611 7795 8
2059 8886 47
4731 5979 5
4731 8598 8
4731 2546 16
5979 3476 24
5979 4845 41
5979 7469 31
9078 1634 60
9078 3653 78
1634 4930 53
1634 6539 68
995 7895 68
4327 3990 17
2888 1125 74
2888 8641 47
2888 8793 57
1125 255 6
7713 7783 71
7783 6271 58
5020 5017 66
6482 7958 68
6482 1648 32
7958 2786 22
4943 5832 56
4943 4953 2
7401 438 69
7401 493 62
438 8379 27
2161 2966 16
5003 381 3
5003 3518 98
5003 8751 62
381 488 58
6538 2101 93
2101 2012 88
6710 7503 25
5641 2971 5
5641 1742 20
5641 8115 52
5641 797 87
2971 446 53
8876 5574 61
5574 1584 78
3226 3653 12
3653 2401 8
3653 8288 53
3653 464 91
3653 5480 83
3164 2447 33
8451 3315 96
8451 7954 19
8451 7307 33
8451 7936 40
3315 5497 83
3014 2550 15
3014 2605 30
3014 3941 16
3014 3666 28
3014 3806 73
6198 9494 68
6198 7717 56
8331 5556 21
2735 2726 90
7758 271 59
271 4254 46
6571 8746 1
8746 7172 72
1434 9357 94
9357 7058 39
3699 2818 4
1552 8481 16
1552 4027 97
8481 3138 23
1169 7425 23
1169 6143 64
1169 2836 24
1169 6487 57
3303 7764 57
3303 3267 44
7290 8755 85
3912 6802 95
3912 3087 23
3912 7540 87
3912 8823 46
6802 7466 95
6802 4787 10
6802 121 40
1651 6708 24
1651 3929 76
1651 6697 43
1651 4878 68
6708 5407 8
1620 8256 63
1620 2201 87
8256 2188 57
8758 6949 62
8865 8665 21
8865 2647 31
8665 6658 8
8665 2867 67
5874 443 60
5199 2476 89
5199 3486 22
6980 5376 44
6765 9339 72
6765 5196 68
9339 5894 55
9339 1062 75
6326 4712 69
6326 3425 70
6326 1080 1
4712 2141 37
2326 2647 45
775 7255 29
775 212 14
1759 4254 82
1759 2594 31
4254 1730 60
6461 1713 1
1713 631 96
315 2947 26
315 829 59
2947 6868 62
2947 5807 70
2947 320 95
3437 3013 87
3437 6943 10
3437 6904 14
9362 185 78
9362 1897 6
6857 4584 82
4584 2827 9
2216 2741 40
2216 2721 42
2427 7956 3
2427 4070 62
2427 1772 14
943 8264 85
943 4382 67
8264 7971 29
3290 1219 49
3290 5666 41
3290 5468 51
3290 8011 31
1219 1920 24
1219 1517 1
1219 4645 56
1219 6899 2
1131 426 19
426 7687 54
6976 7550 38
6976 4485 8
7550 8753 83
7550 9435 57
5697 8051 93
8051 9365 93
6333 6826 21
6826 3991 30
6826 8722 87
6826 2361 23
2274 3195 6
2215 3044 72
3044 109 41
3044 2072 4
2998 8058 34
8222 4241 6
8222 5419 1
4241 3676 63
4241 1527 81
4241 9143 19
3888 2052 86
4838 2843 25
4838 2894 31
4838 2338 17
5879 725 89
2492 1081 18
5942 7934 27
5942 5444 46
7943 4511 56
4511 6903 65
4816 3960 53
4816 8785 92
542 4711 2
4711 797 37
3630 5048 86
5048 4018 86
8805 5130 49
263 8116 23
263 5094 5
5511 4972 62
4972 3594 72
3537 294 63
3537 489 96
7687 194 87
7687 2051 71
7687 4781 38
8910 474 84
474 7719 50
1439 1661 59
1439 9458 47
7114 4679 14
3367 2660 79
3367 6875 1
5975 836 34
5975 1732 17
4280 5434 57
4280 7241 44
4280 2978 20
5434 1318 89
6854 7671 9
4558 1088 13
3451 8311 7
3451 9467 28
3451 8240 47
8311 283 18
8311 5958 75
6932 7673 32
7673 9162 37
7673 7618 10
7673 1619 67
1556 8286 39
1556 4306 47
6699 8996 8
1490 5976 44
1490 5672 12
5976 725 53
5976 9436 22
8446 7134 47
8446 2185 14
7134 2776 25
7134 6231 56
6307 5894 62
6307 6945 32
6307 7499 80
5894 3889 3
7418 1133 77
6131 4654 5
4654 4044 30
5095 7564 49
5095 1308 88
5095 2737 85
7564 1266 99
9448 5794 89
3291 2406 73
569 9205 81
8095 2044 38
8095 2858 56
2044 5477 76
9229 6246 73
9229 6647 32
1262 2644 33
1262 6905 56
1262 4753 13
2644 9012 95
2644 4717 14
8471 1823 66
8471 3636 69
8471 5150 99
1823 2407 23
9192 5780 74
5780 5990 29
5780 711 51
5780 308 33
5780 2648 41
7691 2043 1
7691 1218 100
6527 16 54
6527 6620 47
6527 3622 81
6527 8325 94
3416 2589 18
3416 3024 77
3416 8994 74
709 3211 70
709 8620 2
3211 987 100
6880 97 93
6880 6263 20
7108 428 65
7108 6037 58
1272 2310 44
2310 5393 63
8520 4752 13
8520 5985 94
4752 4593 6
1684 8156 13
1397 4309 91
1397 6510 3
4309 6982 89
3018 9073 60
3018 8987 68
9073 7937 25
5389 2005 30
2005 3274 23
6365 7447 66
6365 2244 77
7447 8961 76
6271 594 86
3756 6626 56
6626 3639 77
2036 6039 63
7873 5458 99
7873 3221 99
5666 7352 7
7352 1063 25
4004 7394 73
7394 197 28
3613 3190 38
255 7636 24
1063 2243 66
8814 1155 94
8814 9382 46
8814 7392 88
1174 4178 24
1174 659 61
1174 3874 15
4178 5770 63
3263 258 95
3263 4106 14
258 1931 22
2156 4141 90
4141 7165 92
6121 4503 68
6121 3384 97
4503 9139 53
3352 8789 42
8789 6941 19
8789 2685 31
2733 4124 11
2733 9265 99
2916 2350 63
2916 5251 41
2350 7715 47
484 5659 97
23 2674 59
2674 1367 38
2674 1158 82
5346 1971 23
1971 7917 70
5433 5578 69
5433 4190 13
5578 6712 39
5578 8087 54
3734 85 28
3734 4018 59
3734 543 77
1343 958 60
958 6978 90
1646 3258 41
1646 3241 81
4022 4472 55
4022 8125 84
5076 5516 97
9166 342 81
342 4275 27
342 2858 61
342 5989 53
992 5209 34
5209 142 2
6189 9140 25
6189 1436 78
9140 9263 71
7903 6621 61
7903 5857 85
7903 1837 55
6621 3312 16
6621 3351 50
7217 1115 82
7217 2232 14
7217 6428 78
1115 2771 85
1115 3358 91
6297 2415 18
2415 7459 35
2415 1844 1
7844 5791 80
7844 8870 64
7844 1957 78
5791 5750 45
5791 8868 66
3855 53 16
3855 7416 19
3855 2547 68
3855 4912 84
3855 8237 13
4791 4825 82
4791 3824 64
8721 8248 93
8248 4324 96
5993 2615 7
1374 6827 16
1374 8341 96
1374 8190 69
1374 1675 74
6045 3180 81
3180 2423 54
3180 7259 52
3180 2432 74
5896 8939 60
676 3766 10
3766 2782 46
8166 3307 24
3307 3189 98
6681 376 13
6681 2527 21
6681 5948 19
6681 5765 30
3474 9040 11
3474 356 41
4103 5290 35
5290 2852 86
3655 5175 75
3655 1383 22
158 6425 93
158 1244 7
158 8725 1
5669 8575 18
8575 7287 64
8575 5593 42
6125 6479 65
6125 4743 75
8383 3505 62
8383 9432 69
3505 6817 76
3505 3370 32
8571 7689 9
8571 8090 69
1925 8772 77
1925 4778 12
1925 3434 16
6474 1338 33
6474 5937 32
7907 8315 80
7907 5306 26
88 7986 64
88 8386 21
7571 307 90
7571 7150 94
7571 4068 21
1676 5044 37
3803 1006 90
3803 8934 6
1006 7311 76
5668 8067 95
5668 1559 54
8067 1447 27
8067 3198 87
5135 832 87
5135 9142 99
832 1274 30
832 4797 54
7479 3329 10
9286 6323 90
9286 7354 95
9342 5761 99
9342 6447 9
5761 9320 92
4027 2853 90
1296 8813 100
6311 5985 29
6311 5000 1
6311 1561 54
8480 3572 96
8480 3798 46
2237 1506 15
2237 129 73
1506 1756 26
3020 3907 92
3020 8614 22
3593 2788 83
2788 9156 81
1261 9336 3
1261 5498 54
155 6851 40
6851 2850 71
6851 3514 28
6967 5344 20
6967 7435 63
6967 2201 3
2679 1447 85
2679 8563 50
2679 3091 21
7923 5138 13
5960 2120 82
1877 8212 81
1877 1209 55
1034 5205 7
1034 925 23
5601 3639 18
5601 68 78
2779 7729 36
8941 6869 39
8941 8425 58
106 8442 23
8567 7708 1
7708 4235 55
2097 3076 94
2097 1505 92
9493 6588 100
4658 4957 73
4957 4601 10
4924 7853 67
7853 1237 5
3969 1778 13
3969 5635 89
3097 2256 30
3097 2211 57
8852 1781 94
4059 8046 21
4059 3022 90
1260 169 10
1260 5804 74
1260 8918 17
2414 7240 96
2414 7019 62
2414 4855 84
225 450 99
225 9021 7
450 8630 38
7717 6354 76
2293 404 65
8074 5242 77
5242 5602 10
853 91 52
853 8718 22
5935 8211 31
4018 8220 55
4018 8196 43
4018 9330 92
4018 4167 52
4018 1606 44
6128 5306 35
6128 3779 15
5306 9183 49
8328 4896 54
9114 7800 66
7800 736 93
6546 7919 42
6546 4622 74
6546 8114 78
6753 7163 72
7163 711 23
7163 8602 32
2474 7409 46
9297 8180 59
9297 7963 98
1557 8622 84
7109 9431 10
9431 1045 63
9431 9051 35
8953 58 98
58 9139 98
58 6085 70
3494 5900 62
3494 2599 62
5900 2260 53
4593 1880 75
1880 6780 13
9081 3335 51
8711 5246 7
8711 1394 90
2737 2641 86
2641 9455 63
7436 4703 9
7436 6975 53
7436 8240 32
1969 2897 89
2897 918 74
502 4676 80
4676 6094 77
7371 8006 8
7371 5129 78
7371 9441 81
7371 6543 86
8006 703 4
8006 8499 68
6186 7636 71
6186 7741 16
6186 2557 83
3776 7813 88
3776 5228 11
7813 7316 65
664 8812 89
664 3002 62
664 493 67
664 4884 76
8812 3958 77
8812 2074 96
8812 9163 38
9303 3698 71
9303 3740 90
563 8442 31
4842 5584 56
4842 1706 71
4842 4826 79
4842 5488 75
5584 8979 76
4824 3341 20
4824 6551 52
8823 3784 90
8823 7709 82
9104 3820 20
9104 7706 80
3820 3501 42
3820 201 72
3820 7870 55
1574 6455 69
5403 596 95
5403 5769 21
2907 9141 34
2366 8186 36
2366 3882 86
2366 7558 36
8186 3826 45
8623 1467 8
1467 2405 83
3204 3863 50
3204 4670 6
3863 8061 33
5764 6731 19
6731 2835 98
6291 2511 29
6291 1517 19
2511 8669 25
1044 1757 79
1044 5241 4
589 8487 48
8487 8450 89
8487 3199 85
3856 8582 67
3856 2482 32
3856 9298 44
267 4107 73
361 6224 93
6668 3137 22
3137 4554 28
3137 4806 56
3137 5696 82
3267 8205 67
3267 9083 12
8205 6081 81
348 557 89
557 5531 37
5600 9042 94
9042 2333 96
9042 4409 80
9398 1022 59
9398 3318 15
1022 1699 7
4659 523 73
4659 3538 38
523 4805 40
2729 2108 5
2729 1444 22
2729 6836 10
2729 4788 52
2108 741 75
7480 21 64
7480 5462 25
21 408 76
21 241 90
3799 3501 45
3799 5695 76
3799 730 21
3501 1820 38
3501 188 77
5877 2965 39
5877 3022 76
5877 2807 62
2965 1213 30
5453 8811 98
5453 1216 100
8811 4750 17
8811 2532 9
1517 6574 31
1517 9113 38
1517 7898 80
1517 3047 42
2095 7574 79
7574 3477 44
5129 3202 100
5129 2482 46
7798 7145 39
7145 7910 90
6455 6839 21
6051 4166 48
6051 1129 19
6051 8069 100
711 4912 98
4728 6824 14
4728 1806 76
9265 6844 59
9265 5117 27
9265 4318 94
6844 2061 38
6844 4391 9
5982 5681 81
3271 8510 69
4613 3105 87
4613 661 59
5460 4357 88
7081 2543 31
1707 7723 24
1707 5793 96
7723 2353 20
5525 6866 51
5525 6930 93
6866 2402 20
6016 480 58
6016 3666 63
480 6001 22
3831 2475 20
2475 837 11
7644 3107 10
7644 1446 67
3107 7551 35
7711 1045 2
7711 1813 4
1045 1167 16
1324 1836 99
1324 2332 81
1836 842 79
1836 2822 78
6690 8911 97
4347 7398 59
4347 3463 73
4347 5405 20
3722 5610 41
3722 1869 57
3722 447 9
5610 4898 97
5610 9426 35
659 9356 65
2135 5664 76
2135 2023 74
2135 6430 60
5664 9256 92
1946 2582 48
1946 3113 33
1946 4553 46
1946 8881 44
2582 8650 72
2582 3774 87
1253 628 73
628 8253 52
8754 1175 18
1175 5467 92
1175 4023 80
2769 3807 11
6951 698 7
6951 539 13
4601 6036 73
5642 6785 74
5642 4013 13
2782 3715 12
2782 2963 4
3519 3408 64
3519 770 34
3408 6580 29
3408 700 26
3408 8564 27
8730 3460 21
3377 8425 66
5864 1263 85
5864 6821 91
5864 4391 50
8172 7902 29
8172 6178 8
8172 8770 41
2428 8199 18
2428 8652 68
62 1264 70
62 2207 55
1264 5672 42
3617 3283 14
3617 2359 83
8291 4747 11
8094 4015 52
4015 1617 69
191 2821 3
6512 2352 87
6512 3096 66
6512 904 90
2736 8188 92
2736 7639 97
2736 3022 15
1617 6279 33
2143 5074 76
2143 545 72
8197 2851 91
2851 1549 22
2851 1725 39
1643 1594 59
1643 9047 38
1594 8625 15
8349 6419 1
2014 2490 98
2014 6751 88
4109 3731 73
1332 2325 46
1332 61 32
2325 2642 63
6367 472 80
6367 7600 50
472 8045 30
3638 1187 28
1187 1293 4
6569 2113 29
6569 309 6
6569 1516 42
2113 2756 31
7864 5541 26
7864 7070 69
7864 4844 35
7864 7676 72
7864 7484 17
8598 2842 95
6487 959 24
959 4089 75
959 5558 93
1575 1593 18
1575 5410 17
1575 5629 85
1593 5305 1
8796 7569 68
7569 6180 28
6827 4587 10
8861 801 92
8861 122 39
801 316 76
1627 2405 51
1627 4779 7
1627 4595 70
2405 4498 79
2405 8258 52
60 5550 89
60 3696 79
1624 5496 40
5496 5678 36
8363 4808 45
4808 4524 13
4877 3917 78
477 7333 86
477 4217 8
477 2792 11
7333 2218 69
2332 4286 88
4598 8968 16
4598 7265 18
4598 9105 59
4598 4907 79
8968 6085 3
8968 7320 7
6323 418 82
6323 7508 97
3085 2597 88
3085 3040 53
3085 513 52
2597 5351 15
352 7801 43
352 3199 53
7801 825 10
7801 1250 69
4395 114 49
8993 2592 100
2592 3768 83
9256 1883 13
8270 7546 81
770 6870 27
6870 2349 11
933 1680 35
1680 7602 45
3483 1421 16
746 24 83
7281 5838 90
8573 8320 59
5061 2811 18
5061 891 20
2811 889 3
2811 7215 1
1702 9292 18
5331 2618 15
2618 3529 16
3668 1437 7
1722 7879 17
1722 6501 5
1722 7651 56
1722 8516 15
646 9220 36
9466 4349 67
4349 6828 7
4349 8620 26
2870 4238 81
2870 7139 39
4238 4836 64
1525 3640 57
3640 1597 7
3640 2184 7
3640 5378 47
8346 9250 39
1820 5953 45
1820 5506 75
5902 8084 43
5902 4264 21
8084 8878 30
8084 127 24
5191 4976 13
5191 3788 89
5191 901 50
5635 4456 93
5635 1936 67
5635 6399 75
5172 4825 79
4825 7393 85
7284 8342 33
8342 839 42
8342 2764 81
1562 2601 38
6686 3730 2
6686 1477 86
1250 7857 91
1250 1889 74
5827 9035 43
5827 6173 15
9115 6417 44
6417 7672 76
3486 3278 34
4179 1404 8
1404 5077 78
7305 4803 14
7305 8539 50
4803 7867 72
9415 5155 42
4217 6235 80
4217 2273 63
4217 2580 85
4456 7831 75
4456 7824 92
4456 2022 6
8143 8285 49
8143 6605 13
8285 184 90
344 1050 2
344 1392 50
1050 7749 19
7869 6526 96
7869 8659 86
7869 7446 62
7869 743 45
7869 8187 6
6526 2177 63
6526 5512 34
3389 2038 1
3389 8362 75
2038 6106 21
4242 3231 42
1677 7414 11
1305 9087 59
1305 2985 29
1305 1359 3
1305 7861 60
9087 8761 12
6682 4926 77
4926 4488 14
7749 9003 87
6973 2247 62
6973 531 58
5824 8041 23
8041 894 29
6868 3546 59
6868 6035 12
2986 8408 17
2986 5113 65
8408 7895 93
6982 3495 29
6982 4221 62
1704 4868 8
6420 7601 82
6420 1128 96
129 7850 27
5512 5348 16
5512 4159 41
1781 8057 33
289 2700 32
289 3925 8
2700 5110 84
2564 7942 50
2564 9273 44
2564 7795 13
2835 4284 32
8503 3885 82
3885 5513 71
2985 6027 80
2985 4061 66
6115 8931 23
6115 6458 1
859 4987 41
859 6645 81
859 3823 99
4987 301 81
3788 218 12
8583 6062 78
8583 9353 89
6062 3842 1
4402 6290 21
4543 6017 15
4543 9032 29
747 621 72
621 416 6
4131 6685 55
1841 8587 76
6223 9378 93
113 6515 19
6659 7511 70
4324 1242 88
4498 8735 57
7350 8649 63
7326 4098 44
7165 6906 42
7165 6498 51
6906 926 9
2773 6890 56
2773 2377 43
6890 1032 57
9230 1826 29
9230 3012 37
1826 4942 90
1826 1003 67
5133 7286 99
5118 5375 14
5118 4710 23
4422 5329 12
5329 5123 45
5329 4467 64
3814 8287 11
3814 8492 77
8287 4997 79
2632 9496 29
2632 2513 46
9496 4986 45
5150 5816 83
6439 9267 27
6439 7539 42
9267 743 49
9267 9503 19
8112 6591 9
7136 9368 49
7136 8031 38
7136 4975 35
6939 1384 64
6939 8364 54
6939 6087 80
6939 6206 84
6939 9350 66
1384 6943 60
2434 2862 47
538 3514 66
3514 9198 89
3012 8551 39
3012 5933 22
7499 6528 52
6445 3594 78
3594 4183 94
5091 1959 27
1959 1011 38
7099 5509 89
5509 4163 69
2177 7009 45
1476 5793 40
5793 9260 34
7533 5994 31
7533 4505 87
5994 1833 44
2221 2385 89
2535 4404 91
3775 2972 71
2972 9179 45
5093 1760 43
3124 918 16
5456 6322 12
6322 3052 31
6322 9293 81
6896 5201 29
6896 6075 60
5201 9335 86
2800 7234 13
7234 595 68
7234 8642 64
5205 3372 94
2121 8066 57
2121 9239 74
2121 5607 18
8258 989 12
8258 2188 41
1308 4406 45
1308 8079 69
1308 4514 86
4997 3589 40
7421 1612 74
7421 6118 49
5953 4047 33
2999 5862 29
8848 2501 17
8848 641 27
2501 6218 64
768 6289 79
6289 1712 64
8458 6563 24
8458 7023 41
7867 5446 99
5498 3719 54
3719 6662 14
6207 6946 64
872 5023 73
5023 4278 67
429 4865 52
429 7469 61
429 2992 25
9382 4286 94
9382 4638 34
9382 7331 92
6541 2603 61
2603 5121 70
2603 4262 61
2603 769 32
8948 4853 81
8948 3692 69
8948 4163 67
6663 8437 48
6663 4540 71
8437 4967 43
8437 8508 39
9193 8262 54
144 9374 90
144 9075 83
144 9206 60
9374 6734 62
9374 8364 38
1682 8292 95
1682 4833 23
3312 1299 10
3312 8423 21
1400 3374 58
1400 9270 70
3374 3084 44
3374 8431 32
1716 4700 100
4700 3030 46
4700 5503 25
3288 4051 45
3288 3582 90
3288 2073 20
5143 1457 89
1870 5516 43
1870 8740 72
5516 505 28
5516 9371 39
1247 2756 9
6756 9442 68
6756 3739 90
4053 3106 33
4053 6598 20
5278 540 96
540 1182 85
7715 8093 59
7715 5305 58
7715 9049 24
7715 7573 72
7715 9304 53
8875 6990 61
6990 7721 62
8914 6795 49
8914 1301 1
8914 9246 29
8914 8552 5
6795 7753 47
6795 297 72
6736 693 85
6736 2555 52
693 610 75
693 7031 28
2639 3534 57
1377 3642 55
1377 2977 13
1377 4621 85
7102 9326 49
9326 4492 60
4085 8867 25
4085 2766 33
4085 7138 24
1070 4732 78
4732 4557 84
5067 6393 32
5067 2055 99
2401 3908 71
7896 6608 77
7896 488 18
6608 3046 7
6608 5920 90
4767 1633 95
4767 1991 69
1633 2826 13
4992 7473 48
9506 4427 59
9506 784 93
9506 6676 47
9506 3121 38
4427 3231 42
4427 9395 14
863 2793 65
863 2432 27
5870 4631 63
5870 893 53
5870 7693 46
4631 9424 8
5504 5612 100
5504 6202 6
8308 2054 4
8308 2723 8
8198 7995 69
7397 5888 22
7397 5480 32
7397 1775 1
6063 725 10
6063 9004 32
6063 2128 83
9310 4934 15
9310 4388 7
1960 4902 34
1960 327 27
1960 3656 90
4902 1670 96
4902 4876 22
7450 5828 41
7450 8092 83
5828 667 57
5099 9439 48
5099 1992 67
9439 1455 70
192 7595 52
192 4618 77
5855 3657 90
3657 109 99
6889 7993 77
6889 7237 39
6889 3516 73
7993 4189 15
1438 2079 9
1438 648 47
9424 6094 95
7223 2542 35
7223 305 74
5663 7340 86
185 8976 93
4406 3093 97
4406 5633 74
1780 1450 68
54 3103 98
1449 4684 51
1449 6376 26
7291 6134 78
4603 4467 88
4603 4517 8
4603 6143 38
1442 2060 71
1442 4457 24
2060 6517 85
2060 6129 36
5372 153 21
5372 8553 89
5372 167 91
153 4239 50
5017 5313 50
5017 6228 56
8700 6691 14
5665 8100 98
9233 1745 8
9233 8864 99
5858 333 34
5858 987 79
333 8153 12
28 4611 30
28 4232 36
28 1267 29
4611 1563 81
4611 8528 68
4611 2413 7
3783 919 70
3783 7760 35
919 1157 8
769 9263 49
769 1760 91
769 2514 24
347 9409 25
347 5760 81
347 4282 4
9409 2901 17
9409 8552 35
2586 1142 80
2586 8127 96
2586 3471 69
1142 8555 94
8093 1319 45
1706 8444 76
1706 6019 62
6716 3245 44
6716 1966 57
6716 4005 95
6596 7659 83
5305 715 86
9032 5156 20
9032 5603 1
9032 8822 96
1444 5995 32
1444 2365 58
1281 2163 3
2163 6057 59
6619 6995 69
6619 3177 75
7971 7588 57
437 700 85
7061 301 71
7061 5868 73
3798 2234 15
3798 6264 17
330 7877 66
7877 4475 69
6173 3421 36
7425 1989 95
7425 9271 33
1989 4362 65
2429 1061 2
2429 9300 24
9472 1047 2
9472 195 69
1047 1375 81
1047 1224 67
6552 9028 71
9028 3913 59
7970 3583 38
3583 5416 77
7221 7956 37
7956 1543 59
4784 1485 90
4784 5311 19
4784 7912 38
4784 508 64
3980 8788 95
4864 3679 12
4864 8005 19
8218 6805 91
8218 1158 32
6805 4298 49
6805 5145 54
1381 5116 62
2893 2494 63
8526 1041 19
8920 1032 87
3507 3682 53
487 8178 66
8178 3862 6
4289 895 38
7381 8935 39
8935 2623 22
7784 6113 8
6113 8604 3
5279 6928 73
5279 7860 20
6928 8135 69
5563 4282 37
1545 1857 9
1545 415 63
3900 7737 39
3900 3035 70
7737 5948 84
7737 2320 47
8207 7891 11
7891 8129 2
7891 8841 5
6220 1316 15
1316 3524 2
1316 2553 79
1316 6390 88
9399 1210 14
1590 3021 46
1590 6064 91
8278 6171 33
8278 4227 50
2668 954 97
2668 465 89
954 7606 38
2416 1448 29
2416 4299 48
2416 9336 66
2416 2886 53
1448 7173 1
488 866 55
488 7500 31
3144 4554 97
3144 5903 4
4554 5657 2
4554 7785 95
4881 8901 50
9016 2119 28
2119 5552 35
2119 972 17
3252 4321 75
3252 2280 43
4321 6416 25
3058 2577 95
2577 3161 62
6645 5869 45
6645 529 30
5869 5478 46
1020 7030 54
1020 5227 96
7030 3559 96
1016 2643 88
6325 1518 81
5212 1770 42
4236 8740 79
8740 4876 3
8011 9338 100
9338 2536 42
1793 1311 36
1311 3069 50
1311 3896 64
3495 8881 35
2007 1901 2
666 9099 31
666 6194 94
9488 3717 64
9488 249 4
2311 355 8
2311 4445 91
355 8123 53
8380 5224 5
8380 4388 86
3493 3202 54
3493 831 75
6064 4091 47
6064 146 54
5262 7562 53
5262 5731 35
5262 7618 77
7562 9029 28
1089 6664 28
6664 9394 28
6664 3326 22
8916 4945 4
8916 3176 47
5015 6448 38
4557 7025 65
4557 4702 98
5480 6384 91
7700 975 50
7700 1365 51
4844 1977 45
909 1998 21
2254 3761 34
3761 256 50
6129 1478 44
1478 205 56
3240 9308 22
553 8586 81
8586 55 73
8530 8940 53
8530 1120 7
8530 5113 84
8530 2446 57
8940 5233 83
4475 8135 28
6661 5951 34
6661 2453 66
6661 6087 76
5951 8715 23
5951 5395 75
7049 3813 86
7049 5320 53
3813 8123 25
1471 9320 88
8288 2810 12
8288 3976 94
8288 2997 30
3902 2137 78
1785 2523 71
1785 6441 74
1785 4705 25
1157 3038 19
5116 1418 95
5116 8240 57
1418 5178 19
9053 6997 62
9053 5258 98
9053 7466 79
6811 7260 24
7260 7894 81
7587 7831 41
5713 3262 32
8428 9486 71
8428 4193 64
9486 688 92
1486 1799 27
5010 5826 63
5826 9056 95
5826 2731 2
5826 6700 8
5826 3540 12
1106 6763 83
5526 3249 7
3249 6430 66
3518 4834 26
3518 3027 49
3922 5071 26
4826 3181 58
7060 7306 58
5841 4234 18
6500 1825 78
6500 5432 84
1825 4962 95
219 1991 11
219 3177 66
8129 1986 38
4189 582 51
5695 3210 11
5695 209 56
5695 2648 83
124 2112 12
5971 1113 47
1113 578 85
7637 8230 71
5475 7925 16
1520 9436 98
9412 5488 10
9412 9315 32
9412 32 66
8937 7511 40
8937 4974 76
8983 6855 76
8983 8980 16
234 8392 31
8392 4623 48
3067 1972 86
3067 9461 47
8967 9039 90
8967 6221 63
8967 6381 7
703 1701 18
4540 4919 63
4540 5377 49
5810 3780 2
298 7935 18
298 6788 100
7935 846 66
3364 2839 71
9435 8810 96
2963 7678 29
2315 5395 77
5395 6506 12
468 5470 70
5470 2098 6
5470 8990 27
5814 2717 73
2717 1059 79
2717 4723 24
7906 1325 94
1325 1735 8
1833 3098 51
2891 7823 56
2891 1018 74
2891 6213 60
7823 41 15
5707 5698 26
5707 9487 33
5698 5465 65
1128 3746 83
3286 8365 60
8365 5651 54
8365 2345 12
8300 8150 2
6213 6023 80
6023 138 21
6023 1512 80
2738 4889 62
2738 1859 42
2738 7045 70
4889 1725 8
707 4652 50
4652 759 23
6761 6989 95
6761 679 96
6989 4464 99
1388 2395 94
1388 5851 31
1388 5631 26
2243 5899 42
2243 4167 62
5899 3435 15
1133 8153 10
7239 8614 63
8614 3629 57
8614 1066 35
8614 5200 72
3231 7245 45
3591 1080 13
3591 2650 2
3591 2399 1
8872 7817 76
3543 3905 88
7131 9491 63
4459 6203 65
5302 1847 60
1847 4464 20
4362 157 45
157 724 3
1815 1373 78
2336 7882 85
2336 7045 4
7882 7229 49
7549 791 52
7549 6635 60
5443 5674 48
5443 6996 37
5674 2126 84
5674 5795 24
4348 6849 79
2884 9149 44
2884 6245 21
3730 5373 23
3577 3214 28
3577 8589 26
3577 534 11
3214 7399 83
3214 1322 92
3214 623 45
3214 4355 25
6361 5289 26
5289 4748 30
232 3945 84
3945 978 44
79 9452 3
9452 1721 57
4445 4185 33
8539 2148 66
2207 2485 50
2207 9369 83
9121 2441 1
9121 6960 73
9121 1675 66
5410 1988 58
1988 2714 14
8800 9108 97
8800 3042 10
454 2285 73
454 4365 45
6632 8897 67
8897 3645 57
8897 4672 28
8765 3728 4
7321 7031 21
5829 4805 74
4346 8364 13
3490 4279 18
4279 7315 65
4279 291 48
3201 7586 72
3201 3968 12
386 5021 79
386 8528 53
386 869 100
202 935 96
202 4742 12
935 7613 91
935 7132 84
195 7796 23
4142 651 45
651 9105 9
9074 6780 6
6780 9064 93
4492 2688 74
4421 8233 67
2357 2857 35
2061 1569 1
2781 4382 91
7306 8841 68
2536 1383 82
742 1782 95
1782 5124 86
2068 2413 83
2413 5321 69
318 5105 62
5105 3423 50
6418 5956 73
5872 5032 69
5872 5606 96
5032 8314 74
2210 162 84
2210 7581 97
2627 421 75
4714 1161 6
4714 8215 98
1161 5634 29
1161 6895 5
1161 7364 18
2377 8071 17
2377 5977 76
8071 8042 21
8071 5737 19
3325 6490 14
1629 2468 57
7414 4144 39
3421 1437 41
2345 4619 46
1670 4468 12
292 1251 35
55 5323 85
2628 156 83
9161 4486 66
751 3541 53
751 8374 99
4469 931 86
931 9096 83
2955 5154 78
4194 7761 79
446 2885 43
446 123 52
2791 3998 96
2791 9159 67
3998 2466 23
1930 3284 13
1930 8742 38
1930 7346 52
3284 3942 70
2797 3605 98
2797 7513 14
1934 6901 95
1934 5729 36
4868 4243 21
4868 3749 1
8991 897 25
8991 4394 50
897 8400 70
897 3643 81
3278 7190 84
3278 5995 79
7190 7113 7
7190 6496 51
6825 1408 5
5145 7410 62
4341 5506 14
8322 7317 9
7317 8843 4
6695 7632 44
6695 4488 39
1326 3129 1
1326 4947 1
3129 8932 23
4476 3566 52
3566 1902 67
3566 3928 88
6574 4231 89
6574 4199 94
2789 6917 11
8325 9095 15
3975 5984 57
3149 2443 92
321 2145 71
8406 6940 61
8406 5120 30
3971 7262 79
7262 1957 19
5854 2208 92
2208 388 49
4352 7292 23
7292 2403 16
8642 7199 27
4146 3392 15
3392 8241 99
3392 3727 7
8385 3619 90
3619 7878 77
2423 4741 99
1662 7215 99
1240 3112 38
1240 5342 43
8747 1655 66
8747 3322 36
1655 772 39
2062 9072 93
2062 4368 52
9072 9406 5
8263 3765 33
8263 4834 86
8263 6653 60
8971 2449 72
8971 7716 7
2449 3179 13
5176 1910 27
5176 3300 31
8115 6922 45
448 5388 63
448 1879 84
5388 6577 22
2271 690 28
2271 9262 17
6944 8096 20
6944 7769 31
5552 524 98
8310 7346 10
8310 6438 80
7346 5890 22
1496 6429 72
1496 7664 65
1496 7319 62
1614 4750 4
4750 1927 2
4750 4768 16
4750 3190 4
6751 7641 73
8125 8733 65
8125 8210 93
1747 2969 16
1747 9201 48
2969 3934 67
3535 8998 94
6717 5712 59
6717 2623 7
5712 8868 19
970 9135 60
6719 5182 36
6719 2489 25
7390 1466 2
7390 7009 34
2591 1484 83
2591 7084 56
1484 9474 71
3561 1871 71
391 3173 37
857 5645 68
2623 7283 35
3779 2460 15
5055 825 13
5055 6931 48
825 6974 24
5230 2505 26
7789 7048 14
961 3036 94
961 4701 32
3036 8682 85
74 4701 2
4701 9464 65
4701 8542 1
4689 6298 53
4689 2537 44
7013 7856 28
7013 2919 32
7856 492 52
6585 8282 20
6585 4636 99
6585 4620 20
8282 7782 25
8282 7183 6
8282 222 36
8925 2457 92
8925 22 3
2457 2402 70
3681 8128 3
4898 4003 18
1077 1516 54
1077 8135 97
5878 3683 57
3683 1200 46
356 7872 95
7872 1528 9
1181 5823 43
5823 6927 18
1661 6048 46
4183 1318 3
9467 2205 21
9153 3369 59
3369 4345 40
7005 8313 18
7005 8866 39
4930 299 49
3919 5016 39
5657 6185 88
5657 7318 96
6185 1668 73
6185 4782 67
7074 899 70
899 5467 84
2654 6568 41
7104 1233 32
7104 6407 32
1274 2262 83
1274 7650 47
1274 217 52
1274 9196 63
2200 8358 24
2200 8736 57
2200 6035 28
2200 3276 25
2200 3430 24
6473 411 88
6473 3524 81
411 2805 22
6633 6054 54
6633 6446 32
6633 3818 40
5801 1524 61
1524 3041 97
1524 1694 99
497 6788 40
497 9239 86
497 7137 21
497 7111 80
6788 205 15
175 2263 8
175 9351 53
2263 7575 61
2263 6025 89
5432 594 6
5432 1075 90
3926 795 2
1561 296 25
296 4999 25
6704 3709 96
6704 6441 16
6704 9023 62
1884 1840 28
6994 1208 5
6994 982 58
2308 8275 28
8275 7349 35
7667 8249 46
3942 7 72
7 2158 2
7 6350 17
7 1394 4
8605 7510 99
3108 2464 87
3108 6786 19
489 3860 4
4551 4074 24
4168 2283 98
6352 9363 26
3471 3750 1
3750 2620 67
7038 2141 89
2098 7238 68
3913 8017 17
3913 5495 71
8017 6204 78
6204 3087 59
6204 2169 33
4364 554 21
554 997 77
6553 7627 34
7627 2515 89
7707 2899 89
7707 8977 75
2899 2710 69
804 3934 39
610 5796 24
9199 2996 21
9199 1202 85
2996 7017 85
8004 3396 64
8004 652 9
276 1017 76
276 7915 79
2662 821 27
4928 7259 73
4112 4749 97
4112 9015 40
4749 4209 24
1268 6651 38
6651 1679 12
6651 7007 38
3038 393 27
3038 3191 92
3038 8732 89
3038 588 90
2488 4110 74
5990 7046 64
5990 414 12
3893 8443 20
3893 5706 37
7475 464 16
464 137 72
464 5952 83
4339 4363 38
5636 3417 49
5636 4080 99
3417 8678 36
539 1140 39
539 9413 34
1140 4461 54
1030 7728 54
7728 5521 42
8400 3384 15
8400 5825 75
7538 59 79
59 5270 1
59 9383 93
7113 6934 98
5328 9296 97
5328 4058 59
4805 3476 100
3476 3675 43
925 3997 10
3997 7863 63
3040 332 3
2453 5193 27
2453 1102 37
9391 1354 90
5474 6396 62
7808 1069 23
7808 5438 67
1069 4709 54
2347 1295 80
8819 3496 96
8819 5989 38
8819 3540 82
8819 8441 46
6978 568 73
6978 9402 74
568 7307 74
2184 8802 46
2183 5530 84
7917 1717 19
1717 7761 95
4567 642 32
4567 2588 51
1124 6090 56
6090 5656 9
6090 3434 36
6090 2979 48
8141 2450 75
2450 3867 4
8250 363 47
5517 7751 29
2181 9000 58
1271 2925 44
1271 1872 38
2925 9 51
3222 38 43
5069 7444 32
2532 8025 94
2235 9249 73
2235 3203 19
9249 1511 71
5696 8708 24
5280 1856 21
1856 1000 15
8236 1871 12
2262 9119 52
9201 761 97
26 6573 87
4344 1108 68
5110 2248 32
5903 2825 24
5903 4214 100
2825 4915 82
6431 1968 27
215 2376 80
215 4056 73
2376 6925 33
1167 102 35
102 5737 10
8144 3444 74
8144 766 38
8144 177 66
3444 7086 30
544 7307 5
7173 5837 94
7173 6637 53
5837 5492 100
6692 6848 20
6692 5622 67
7874 2671 63
7874 1663 66
9105 1145 49
3261 35 79
3261 7338 41
35 6667 81
9336 5275 70
9336 1238 82
6321 4591 50
3662 6535 93
8447 4330 81
4330 9174 41
4330 5323 26
421 964 92
9395 8992 45
5418 5844 62
5844 1583 45
1558 6897 86
1558 7652 81
6897 6219 78
6897 3729 72
9246 5910 99
5910 6755 90
6657 4602 77
513 8260 19
1120 6391 51
6767 2895 7
6767 2613 37
6767 3599 13
3915 7157 18
3498 401 22
839 2530 15
2228 4744 28
2228 579 96
599 6229 38
599 6688 41
2958 5974 30
5974 8404 3
5974 3557 20
3435 558 20
7573 7149 58
9079 8803 93
9079 7987 13
9079 7968 77
2900 4651 60
4651 6405 18
4651 9006 9
5313 9113 34
4568 2892 13
4568 1743 66
2892 7319 64
3832 2343 25
2343 4209 77
8797 1846 70
1952 4439 77
4919 5222 94
1159 4359 38
4359 7043 98
1872 6007 80
2850 6454 93
3246 9484 99
3246 9235 20
5144 4851 72
8042 4037 7
4956 1796 52
1796 1533 19
5040 2932 15
2932 9413 70
1536 7057 53
1536 4484 84
7558 5385 27
1889 228 32
1889 3412 22
57 9305 38
9305 7225 59
9305 5072 32
9162 7952 12
9162 1459 10
7952 5088 60
1742 98 45
1742 2 38
9013 4529 85
4905 7437 85
7437 4565 31
7437 1454 33
208 4106 10
208 1053 73
3069 548 27
1136 7278 97
1136 7775 38
620 4630 61
620 7756 66
6908 2785 70
7387 4322 36
7387 1356 63
2188 7625 4
2188 1523 30
7625 388 87
930 8856 32
930 7263 22
6508 5624 100
6508 2743 71
5624 2382 8
2463 2260 74
2463 9055 78
2463 103 6
2463 2275 40
2992 2478 66
3082 3751 80
3751 73 80
6742 8753 30
6742 4099 17
8753 4415 8
5022 1919 72
5022 7497 84
1919 3929 60
1919 5732 90
7941 7279 56
7941 6942 26
8269 8255 57
8269 7334 25
8269 7392 93
8047 8204 93
8047 259 25
8047 2873 88
8873 4681 20
8873 6221 84
8240 4292 44
8240 1942 96
8240 7859 90
4553 1395 12
4553 1810 61
436 2253 43
2253 142 41
2288 2559 38
4661 1805 15
2529 2798 77
2798 7588 14
1993 871 55
1993 829 14
3555 6091 18
3555 7014 16
6091 2340 73
5412 4221 14
4221 3858 20
4221 3801 53
327 1879 73
2145 7366 77
5690 5251 99
4082 253 8
253 3637 45
253 8519 18
3616 890 88
890 2273 3
9335 8842 52
9335 7248 32
3177 188 96
3068 5159 17
9282 3663 77
2894 6579 39
2894 7448 26
5059 5569 2
5059 7493 68
5569 1699 96
6786 6261 16
658 2104 5
658 6211 97
8733 2082 9
9202 9002 76
743 3516 71
2249 5617 79
5617 483 18
6610 4058 2
6610 7695 48
6610 7884 99
4058 6555 71
1287 7453 13
8215 286 100
6259 7324 95
6867 7018 66
2002 6074 19
1239 184 37
184 1949 78
4034 3159 89
4034 259 28
3159 4583 36
6904 5923 45
7870 2995 81
5125 7075 5
3096 3412 30
1746 6558 46
3049 6250 89
3049 5930 35
6250 5621 56
6250 5999 27
6486 3050 36
1188 8736 99
1188 6007 22
8736 4244 6
4517 739 95
7302 4667 60
6270 6304 69
1331 9189 2
1331 4149 60
9189 7012 66
989 2976 66
8960 1 27
2742 8418 50
882 3426 1
6707 7585 43
7585 3156 41
2164 1709 95
1709 5961 100
7840 3520 55
733 571 8
2153 8359 15
8359 2448 57
2829 8518 88
455 4691 2
4691 4577 17
4691 1396 44
7084 7611 4
7084 7311 93
7084 6152 82
7991 4182 13
4182 2417 58
4182 4888 82
4182 3982 22
2412 850 55
850 6255 51
6637 5421 58
2979 1560 79
7593 3824 31
7593 7073 31
3824 5012 40
7150 3819 27
3819 3142 98
1984 8137 65
3379 8024 82
3379 6879 60
5057 6611 47
5057 6363 36
6611 1775 75
6611 9445 33
6611 7214 50
750 8531 69
2023 5394 12
2023 5660 36
3084 1769 88
3302 6407 60
9082 3093 72
9082 2170 50
6085 9198 25
6085 896 46
3176 609 48
4322 4314 19
9274 5120 46
5120 1683 2
4577 2003 90
8641 726 70
6877 6150 32
6877 1992 38
6877 4539 27
6150 656 28
6086 4490 100
6086 3341 59
4490 6720 97
4580 1985 82
1985 3964 38
6926 1041 52
6926 7693 34
9002 3485 92
4680 4134 95
4680 8384 86
3100 4036 88
4036 9269 6
5098 8370 85
8370 8966 88
2978 4214 72
4214 3197 62
4214 8694 74
7148 8871 17
7148 5778 64
8676 5132 2
5132 7884 39
5332 8104 87
5332 588 44
715 8007 41
715 3879 74
1424 4647 69
4647 9283 82
8210 2087 7
1619 7039 47
8075 5598 72
2234 6190 50
6803 7354 20
8237 5625 61
7147 3522 39
3626 3834 83
50 6294 17
50 8782 1
5845 6381 49
5323 5907 77
5323 2806 91
8532 6850 63
3947 7369 90
7369 5833 7
7369 5438 67
633 1999 28
633 2365 6
633 1974 33
3936 6863 97
5235 7599 83
883 6947 33
883 4822 25
5421 4393 20
3895 2686 87
2686 4403 32
2919 2707 52
5963 6747 73
9497 7990 50
9497 286 81
1873 4367 29
1873 4848 30
1873 1459 27
5566 7467 65
161 8344 31
161 5774 44
8344 476 88
7070 3953 76
7070 6903 50
1894 5728 75
5728 5907 25
5728 7901 7
5728 2924 98
4193 3078 1
7073 5871 51
9164 4901 76
5860 7227 40
7227 9217 50
7227 1974 80
3724 6636 6
6636 5786 38
2650 2128 81
5675 498 50
7807 5685 99
5685 9155 93
8259 6279 8
8259 3087 85
1110 972 70
7756 670 41
7164 4818 51
4818 3846 19
1431 1422 33
1431 410 25
8443 8942 6
8443 9463 70
509 7244 45
7244 3889 73
5420 5992 51
5420 4713 33
8352 287 84
1168 9313 46
1168 2926 70
3984 1947 71
4181 2864 48
1221 2286 97
1221 4821 27
2286 9471 20
6166 435 41
4044 5551 62
8103 6354 37
7294 2838 34
2838 4253 39
1801 1340 99
4017 1480 81
1480 3253 56
6444 6540 46
6444 5195 95
6540 8339 70
6540 3661 21
7459 686 83
3564 5920 56
5920 3248 38
5920 4075 69
1312 2667 95
6543 5319 42
6543 7009 36
5025 4666 76
6513 3254 24
6513 8157 58
6513 2928 58
1844 3262 88
8193 8369 17
8193 5409 80
5293 8988 58
5293 6655 46
1010 5013 22
7639 416 74
5930 1598 71
5930 1433 3
1116 9498 70
842 6776 1
842 4546 1
6776 1412 88
692 6109 70
692 8949 15
692 4908 60
5528 1710 78
5806 6840 24
5806 5850 68
5806 4514 6
6840 6847 31
4334 2257 92
2257 829 32
3889 8804 86
2982 2847 24
4886 3103 77
505 4457 64
505 4719 78
3138 1538 16
4447 4927 13
5462 2599 19
5462 12 10
9304 1364 27
5190 216 68
5190 3118 64
98 8106 98
9272 3862 89
2168 3961 86
3961 9015 46
6732 2497 36
6732 7177 35
6732 3357 97
1658 3983 16
1658 5012 42
1658 4995 54
2546 269 49
8724 6740 62
6740 7755 78
8362 7563 13
2365 5914 97
1689 3664 84
1689 2187 28
1689 6465 47
3664 8928 59
8625 4500 58
229 4911 66
4911 2093 91
2519 5518 42
8976 3196 83
8378 92 38
5883 7577 12
3087 8678 73
3087 1096 48
3087 7760 16
3087 1141 40
3087 7518 25
8546 5054 50
8533 416 26
416 6972 84
416 5419 34
4974 7379 78
4974 6760 91
3774 585 93
3774 9277 24
585 9185 49
585 1914 67
592 1890 38
592 8866 59
1890 1787 85
205 357 7
8587 4792 53
8587 5377 6
846 547 98
748 6705 7
6705 4304 40
5394 2642 23
5394 3342 100
559 1766 37
1081 7791 78
4299 815 45
2390 5256 33
6679 6812 3
6812 7046 40
2129 3479 87
3479 3828 42
3479 8879 9
893 3546 12
656 3857 45
3066 6254 74
7034 7484 77
7484 6807 51
8857 3707 8
5377 7975 66
4827 9416 77
4827 6671 56
9416 7404 99
8882 7500 93
7500 7863 49
3904 3574 62
3574 8528 59
6629 2231 17
6629 8585 4
2231 7669 84
4247 7415 29
5536 6060 86
5536 5686 5
5536 4964 86
3560 8045 70
5354 6770 55
5354 1153 13
6770 5503 55
1226 4586 96
8782 9040 90
8782 7411 50
8782 4946 13
8782 20 59
8782 2673 96
9040 950 23
9040 5353 88
712 9097 67
8829 1092 31
8829 6759 28
4386 4903 96
4386 921 42
4386 3313 7
4903 721 53
4903 4397 34
126 7457 3
7457 2874 59
8102 670 66
8102 9318 80
967 4418 95
4418 7230 61
7158 3294 93
8045 7004 80
8646 6916 42
2688 3725 7
2688 551 29
7536 4068 82
7536 2714 88
4068 8685 54
7669 3418 72
363 2515 54
5724 8165 1
8165 7235 56
467 3178 77
3178 3602 44
7366 5796 67
7366 9260 86
3787 4522 100
3787 7218 18
4522 1237 29
2406 3879 13
5937 4256 38
8722 6139 98
7863 7501 98
7863 9316 83
4245 1975 68
4245 3413 53
4245 2040 29
1975 5825 59
2150 4615 33
4615 3333 29
4947 2287 85
923 2382 24
2934 3927 2
3927 4211 81
6233 2246 35
6233 350 38
1423 580 63
4115 3450 14
4115 5036 96
3450 6248 31
3450 6111 66
530 8716 38
8716 6337 6
4035 5562 17
5562 9129 96
5562 5370 87
7681 6842 31
7681 4429 96
6842 4565 97
8671 619 91
8671 4820 79
1932 2157 11
1932 8742 11
2831 6360 91
6360 8348 63
6360 5491 34
3982 5782 59
9366 5671 34
9366 4188 28
3052 4626 95
2967 9163 17
2967 9284 21
2118 1828 22
4636 7545 56
2866 2538 60
2866 8246 94
3944 8242 7
8242 588 55
8242 667 81
4502 5769 13
8851 2353 7
5026 3710 27
5026 1721 91
5026 7120 59
5026 3618 94
4118 3941 78
3941 2594 38
7954 2953 73
847 4962 32
847 6049 6
7166 3654 3
500 8214 60
3622 514 47
3622 9321 39
6362 3680 38
6362 2886 63
3680 6622 11
2901 6436 49
2692 6862 16
9222 6088 63
9222 9460 15
9222 921 24
6088 1571 91
5755 8092 60
6519 5089 51
6519 7699 71
8101 9381 75
9381 734 97
4304 5777 4
2402 782 54
4915 1023 96
4588 6594 88
8235 3938 23
8235 4376 40
5907 73 82
5634 8734 7
5634 6095 28
135 302 11
135 6968 74
302 4609 25
2624 3818 85
3818 7989 88
3319 4510 44
3319 6192 85
3224 1329 35
1329 9495 33
1329 7944 90
5276 5160 16
5160 308 44
7684 8766 5
8766 6384 97
5570 5596 52
5570 1393 59
7332 8296 16
7332 1172 35
9012 680 14
829 2154 35
7886 6215 46
6215 3935 18
6215 3141 70
8187 627 30
6838 7660 70
6838 8224 88
8790 5890 62
8790 5274 4
6662 3568 32
6662 265 75
6662 7694 18
9299 2273 53
1455 8957 21
1455 1348 96
5198 8089 84
5198 1313 79
5987 320 5
320 4171 35
320 4237 31
4208 2594 83
4208 1066 87
4208 5124 98
3627 6102 13
3627 7037 3
3627 9050 12
9203 1650 26
4899 7561 7
7561 9365 17
4961 7222 67
4961 3843 48
7222 1243 51
3232 5414 56
1054 5972 70
1054 8943 26
8946 4412 42
7760 9387 8
4423 5699 93
4423 5114 98
4423 262 20
1509 6952 34
1509 7111 75
6952 4062 11
6952 6098 50
5170 4021 70
9068 870 48
9068 7446 67
9068 5322 60
912 6909 68
912 5784 93
912 2131 85
1804 3520 2
5466 2664 40
5466 6618 3
4160 4478 77
4253 4225 33
4253 2997 30
4253 8674 77
978 6076 56
978 1048 8
7157 5356 20
7157 6437 20
7157 3173 92
5356 2705 40
4191 8377 45
8377 3614 51
5936 3570 48
5936 4656 88
5936 2217 23
5936 5161 85
5936 7309 94
7559 4328 3
8090 2318 73
6823 6790 78
364 3433 44
5004 3932 42
1366 3531 21
1366 4988 38
8393 9064 91
3258 206 94
108 8930 42
108 4798 22
8930 3179 79
5778 4589 78
5778 5027 2
2816 6544 2
6544 4985 55
7086 8329 15
9133 2090 9
9133 956 57
2090 7323 93
8927 243 73
3034 6457 99
3587 1500 57
4971 2307 38
8718 285 5
5671 7186 96
7563 5169 6
7563 3896 46
7563 2524 43
5169 7579 79
5359 8739 9
5359 8107 12
5359 8735 65
101 2997 2
7518 1867 27
259 7997 92
5182 5214 51
5182 6044 31
7643 3185 71
3185 8933 72
3185 4295 67
199 6635 13
640 4424 18
4424 7579 89
134 457 8
134 19 47
1073 3031 87
4111 2873 36
3739 4175 81
2620 1224 24
7249 2165 24
7249 7220 86
765 4562 24
8874 2266 16
4797 4549 94
2695 8638 14
5850 717 96
6747 5955 52
8147 9088 7
8147 3552 58
9089 5977 11
5977 5258 98
2154 5378 100
5378 7320 55
142 5927 77
661 394 65
740 6480 15
740 979 40
8173 209 9
8678 7062 8
2361 2114 31
2189 4269 44
7679 3837 22
7679 2408 14
9026 4263 93
9026 8609 99
9026 1607 99
4263 1205 52
4966 9477 34
4966 5260 66
9477 3502 25
9477 9027 40
9477 8521 100
6346 744 75
744 1064 51
732 6465 79
5774 3099 51
3099 1206 56
9036 3318 66
9036 1238 85
524 250 21
3143 2946 38
8068 5321 3
8068 8896 53
5836 4329 87
1317 3509 78
7674 3403 63
1000 6357 63
6357 3968 96
3602 2724 55
9003 6118 51
5227 7452 61
5227 2694 10
5227 6452 31
721 4293 75
721 4122 87
4843 8483 55
4843 2486 18
4843 4093 61
8483 4994 24
2141 6935 60
286 8603 35
5164 9277 12
7155 1043 17
7155 4946 50
1043 2570 6
5056 2070 26
6059 3140 53
6059 415 78
1286 4028 15
4028 5965 89
2928 6956 11
5097 8146 49
5097 4759 86
5097 7670 62
6772 2991 54
2991 8449 19
7320 4340 15
1158 4411 24
7225 1353 12
3940 2964 41
6446 3411 81
3411 2890 12
8170 5107 100
4019 5435 36
6172 3023 87
1066 6300 30
7206 1456 29
7206 5114 32
7206 5431 16
7206 9128 46
7206 8294 4
783 4730 80
4730 6774 6
236 812 91
4265 3959 24
8698 3168 77
6035 1652 51
675 7143 3
6118 2102 54
2111 3229 87
2111 4297 48
5672 7652 51
8619 3228 42
9337 1962 91
1962 334 78
1622 4380 10
1622 4120 72
6504 1122 41
6504 319 45
8200 944 24
8200 7427 6
944 2613 37
9471 1526 39
9471 2809 26
5629 6614 84
5629 8612 80
6614 6127 19
7364 741 37
1850 7241 93
1850 8732 46
1850 3859 74
7241 4938 83
7806 7454 58
143 1955 70
2482 3533 60
4137 2780 62
6792 6099 13
3801 6409 38
5071 4156 21
5343 3608 41
5343 7598 27
8742 3448 15
8742 1577 45
8742 3239 47
3230 2388 94
5438 9425 94
5580 9447 26
9122 1342 49
7662 4414 1
6178 1568 17
7482 9188 69
7482 171 41
6813 1355 16
1355 9043 90
1355 5296 73
777 665 95
777 7876 48
308 207 86
308 8327 68
7664 5573 81
734 6773 9
6586 4167 78
6586 4975 43
4167 2278 78
5012 1200 11
4094 2367 13
3241 2927 88
3864 5758 56
5758 5380 74
2003 3466 90
4091 2569 84
4648 9352 45
7922 7731 14
7922 5763 11
4062 4717 55
4535 9437 92
4885 5425 5
4946 6345 40
5183 1294 71
137 3024 41
481 595 15
6594 8597 16
2756 602 54
2289 2656 75
2289 7178 94
2656 3037 24
1447 1937 51
1447 282 4
8793 3540 93
8793 3508 55
8793 4863 64
7014 7738 92
7738 1376 21
7174 6814 16
782 7741 78
869 3539 25
869 1660 78
869 2049 42
478 4799 38
4852 149 17
4852 3073 53
2284 7726 29
963 9453 66
37 9312 54
584 3949 57
6675 5639 88
1403 5605 38
5605 1407 41
684 2307 21
73 4026 46
73 360 63
1528 494 11
3313 4828 87
4828 7665 54
4828 9489 56
5036 3703 26
9451 7567 93
9451 2617 91
1953 4273 1
4273 4975 80
6726 2833 95
9354 1198 57
745 5303 20
8693 2255 46
1410 7909 1
4667 2075 88
3618 1498 29
3618 8864 24
3618 4576 11
844 3771 80
844 521 85
6622 3781 5
6622 1827 25
3781 3391 57
3781 9333 34
7608 7537 93
3186 4311 1
7755 9037 37
9037 5853 38
1660 1451 89
1660 2575 15
4293 3344 97
266 1164 2
6576 1983 74
8843 1214 20
3248 5999 41
3248 4952 7
8464 1505 2
8464 5946 38
1688 4729 92
8607 7581 80
2489 3538 60
1671 7946 15
5847 4080 25
4872 8023 37
1938 1105 60
1938 1667 58
1105 2890 81
4912 8785 43
2731 6738 92
1696 737 52
6625 5767 13
7978 1843 62
3142 663 93
3142 1686 82
663 5702 51
3962 2539 93
3962 2912 54
3962 5149 73
8056 1888 41
1888 3796 64
3242 6403 94
3242 4052 25
6403 7243 23
8195 8543 2
6019 5737 70
6019 637 52
6019 741 48
7469 2473 65
7469 39 47
5 5033 84
1508 8091 77
5681 4443 62
5681 5370 22
5681 1416 22
3580 2784 42
8228 5041 46
8228 6165 50
6781 1302 68
9094 8023 21
3532 7413 39
6281 4323 72
9284 6746 68
9284 8399 98
8663 3822 90
1314 3262 12
1314 7232 86
5217 2438 62
2473 6043 93
9065 4612 53
9065 3268 23
9065 2956 86
5079 6499 22
6539 5591 1
5591 1152 2
3710 5901 3
5094 4671 97
4671 3017 93
7264 4105 63
7264 5467 95
5933 8561 82
1238 7607 66
8692 2033 29
7915 4294 74
366 9144 41
4892 9062 28
4892 7257 99
9062 6184 50
8426 8225 50
6545 7012 22
3641 6105 25
3641 5408 52
7541 2567 68
7541 6653 83
5786 4694 54
4694 7495 52
7665 2749 69
3073 3589 86
5111 9389 41
5111 9148 12
3331 9226 69
9226 3973 46
4776 2915 27
5459 1692 27
5459 6832 96
4470 1083 84
1228 2940 34
2940 2799 17
3305 8536 21
3589 4718 30
1198 7293 5
4149 2290 41
9120 2236 96
8675 9344 63
9344 7692 95
6255 7107 55
7107 9423 19
7107 956 44
6592 8037 10
653 9092 87
653 5868 44
3999 1808 40
1808 3870 45
8945 525 33
525 3809 44
7178 5813 72
7178 1267 60
5483 8566 25
2548 2500 77
5287 669 73
5954 5046 18
1477 2524 72
1477 3199 56
2524 8422 88
7513 3299 40
2528 4052 88
7310 3658 49
4820 5586 54
1267 1505 89
1505 9216 60
8085 7690 16
8085 8302 99
7690 1096 83
3974 9251 81
3974 7929 27
9251 1857 2
4729 4216 89
2458 9425 90
9425 3086 31
4975 4317 88
2338 5585 38
5585 3042 40
1425 5868 40
2260 3343 20
7024 6706 80
5226 6342 5
5226 20 54
957 1529 25
957 5349 56
9176 4787 57
8343 7213 13
2170 7300 27
2170 2029 54
7730 3465 3
5027 5189 75
5408 40 93
6799 5835 46
6799 1832 16
9271 3567 18
2606 2197 89
686 7876 15
6934 7329 31
8785 8504 14
8785 4125 77
8010 7576 20
7576 8545 73
9266 4494 16
4494 5286 59
4494 678 47
4343 8113 70
8239 7638 97
2244 1390 82
2244 5448 72
1507 8440 78
1507 3533 78
1507 2820 42
4239 6714 25
4239 1273 21
4812 4940 42
4812 2230 31
6478 27 48
2533 3848 23
6010 3132 40
2306 3845 76
3790 1313 54
3790 2576 98
3790 8596 2
462 6534 56
397 5052 48
4532 6593 90
4721 4045 82
4721 4384 9
4721 4318 45
2 3637 98
2110 7495 65
7495 3487 88
402 6036 29
207 5865 97
4484 5141 73
4976 3455 24
7272 5314 28
3782 6554 31
5949 5809 68
7201 8697 2
4271 8020 6
8613 3684 44
8613 2010 2
9323 9392 19
9392 927 59
1319 4883 9
4862 6816 8
473 8336 59
5112 5398 2
3343 7488 22
3343 1686 27
648 738 91
7753 7846 74
2020 4796 46
2020 5788 38
4796 7557 44
5587 4040 3
3691 6183 62
3691 4560 40
7220 2426 62
7389 3988 73
3027 1810 1
2340 615 57
5369 409 9
1176 5043 12
5043 2077 17
3455 6249 98
8312 7774 65
8312 2889 40
4986 7254 15
6763 4468 27
3557 2593 46
1093 445 72
8639 506 75
8639 2180 30
4448 4809 35
4809 9428 61
8335 6647 65
8335 3386 31
6647 1348 55
4307 2882 55
2882 275 26
3529 8955 77
5031 3909 100
2648 7090 38
7483 510 46
510 6032 54
4437 4954 47
6511 2974 63
2974 1112 90
3650 2761 61
2761 3043 48
2761 6680 78
5455 2190 75
2912 7087 70
6864 7212 96
1583 4544 35
3316 9430 93
8422 4165 42
7622 7504 36
4449 8044 98
5325 20 10
3712 5487 73
3712 3114 19
3462 7945 64
7945 4722 13
242 3095 13
242 2942 99
1119 9327 6
1813 3908 12
1813 3612 26
8208 3153 42
3898 171 96
3898 5437 39
7927 5736 90
5736 7270 73
8713 6079 55
3754 507 59
507 7739 3
1588 1736 32
7565 3811 40
7565 390 61
7565 7088 79
8114 5002 14
2077 8655 44
808 8966 28
8966 4646 52
7897 3260 33
9441 1572 66
9441 6006 89
5913 642 97
8409 766 4
9315 2720 19
3556 9418 21
1021 7348 65
1021 288 7
7348 781 26
6073 4937 68
1402 7531 34
5186 6217 13
2220 3404 18
1470 440 29
1470 8847 97
1459 1052 45
5229 4777 93
5229 4573 74
7461 4120 8
4120 7762 61
2362 6460 86
2362 4338 37
7370 8219 73
3876 4614 5
8588 9465 91
6620 5558 88
8472 9191 55
1816 1791 57
1042 8791 78
3792 2180 31
1805 9083 75
2930 9058 90
2037 9364 4
7785 337 68
7785 3704 2
7230 173 12
1589 6488 36
7177 5759 51
7527 3055 54
4256 3511 1
4083 3753 62
929 3628 95
929 8191 29
929 8441 7
929 9414 42
3628 3215 73
3628 3080 73
7257 7686 2
8928 6276 41
1564 2573 41
6556 672 54
5019 6900 51
3173 5350 9
3173 2517 65
3173 3701 41
7033 223 83
5383 7966 85
2970 3671 63
3671 4234 41
3671 3530 29
5546 7965 71
5546 5733 49
7583 13 21
887 8884 21
7289 9093 81
4785 1663 59
5505 631 20
5505 4857 56
5978 7001 12
127 6244 66
380 433 36
380 5599 57
433 67 14
8881 6069 1
6069 1360 39
8444 8077 52
8674 729 88
729 4065 71
7000 7932 38
2250 6288 79
987 9276 53
5192 8657 49
8502 7675 50
8107 2086 37
2268 3648 50
3848 9469 13
7472 9221 60
4192 3363 32
4192 2470 52
8498 6416 44
2010 4177 83
2313 8429 44
3054 4303 39
4303 9290 29
1958 908 46
7090 30 69
7139 6800 53
1812 6376 8
6135 1822 3
5961 335 81
7066 4355 100
8031 1795 89
8031 7851 81
4462 2034 74
581 2610 100
581 3861 69
8441 7933 3
8441 5800 38
1225 8415 1
4988 8944 14
3620 5768 27
4982 6450 34
1076 8033 42
7036 3229 70
7036 9375 57
3229 2158 10
8154 6313 89
6067 5451 71
6067 1357 36
4000 5072 89
2741 7298 5
8506 1029 9
8505 8775 2
8394 5662 33
5662 46 70
5662 5792 75
8778 3166 20
4005 3901 21
3901 5763 96
3901 6965 90
2385 2222 70
2385 8070 1
68 7337 7
5884 8579 30
6821 3624 87
3669 4710 99
4710 3447 12
6470 4883 69
6470 7696 7
9047 8997 71
1363 1002 81
5660 2498 57
8997 3737 85
4634 6278 52
891 1123 78
2134 1734 56
8247 6044 22
3760 1908 86
1908 2391 15
46 9086 55
3448 3472 14
6930 2804 59
602 3797 45
6720 2804 88
3153 8497 10
2913 8580 82
2913 3985 70
2913 928 57
4626 9438 58
5653 3136 62
178 1132 94
6628 8314 93
898 6567 41
3598 1057 63
7712 3275 71
735 264 18
9469 1776 91
181 4162 41
8554 4998 12
4998 2252 19
4998 8176 89
3329 6268 37
3329 4688 77
7556 2082 65
7556 4405 89
5452 3656 22
3911 7777 5
4950 781 14
4609 4037 100
2883 1586 46
4994 6669 41
5482 4480 50
2280 1534 33
1916 7128 56
921 4573 66
3215 9341 86
9289 8714 64
8714 1855 79
8714 9475 29
3502 7266 96
5650 7790 5
6119 4942 77
9228 8132 75
8025 8138 79
5771 4010 48
5771 3328 48
5771 250 26
1918 3065 54
3065 6960 9
4758 5065 31
5065 4713 19
4773 8924 76
4773 4657 69
8924 8508 71
1810 3235 1
4822 3853 57
295 8496 28
1460 8181 73
8138 7910 74
7910 5983 93
1762 6238 3
7427 83 82
2387 8486 9
3896 3793 39
2823 7196 79
1380 1111 59
2396 1393 84
2396 1776 68
4353 3381 94
3459 6566 14
6975 3847 40
6975 8644 56
8557 2510 35
1790 6083 48
6083 2938 80
6083 3298 6
7127 8474 63
4628 8106 90
3508 2887 45
5213 4858 56
7004 7489 30
7004 3996 75
309 3600 45
388 5947 77
146 4077 14
4621 9001 20
8274 3006 80
8274 6937 75
8597 6050 74
384 7494 1
7494 1483 36
6027 3221 59
6353 1802 75
72 10 98
72 3644 26
8890 7698 59
7698 6550 10
8055 4153 6
638 6162 97
6162 1147 80
360 9325 97
360 3592 95
5102 6386 5
51 4119 56
3533 1511 61
6034 5223 56
2514 9125 59
166 7478 25
5918 8420 98
6677 697 76
4095 5880 94
7269 406 98
4234 4706 75
4610 3393 26
5644 4272 60
5644 9340 13
4272 1848 63
623 5775 100
2921 8825 33
403 7612 80
2834 727 84
727 952 32
5998 7629 84
331 3846 87
331 9505 1
2384 5162 73
3964 5777 13
3061 4527 85
6349 1203 46
6808 4913 45
8892 1551 6
7768 339 41
3534 5718 10
5718 2261 53
5244 3111 30
9022 8905 55
8518 3293 58
2786 150 93
9383 2669 11
5632 5124 47
5632 6316 69
5632 4751 51
5632 8643 1
5124 6485 90
1613 5839 8
9020 177 71
7408 6493 65
196 7983 10
4595 5940 62
1440 7826 94
7826 3216 64
831 3563 59
8241 8524 36
6268 7182 50
3770 5924 98
8123 7111 53
6494 4187 27
6494 598 69
4187 8838 11
458 9257 3
1718 7172 87
5995 7439 34
9294 8489 54
9294 7068 80
4383 3296 22
8283 6285 21
2074 3172 77
7892 938 80
2049 2417 61
64 7757 39
4155 4664 59
4155 8110 82
4664 6152 89
8005 1776 28
3104 4861 19
6489 6735 55
6735 9285 27
9290 2088 91
9290 2242 18
7727 7471 89
1149 1923 51
1923 1708 52
4249 1978 28
424 9307 41
3946 2342 82
4561 1811 47
4561 8479 61
3333 8804 94
189 4779 93
189 1967 10
3064 1320 75
2042 713 21
2011 2425 47
2011 8751 52
6800 7417 40
6800 9138 1
5633 6567 85
5633 4764 89
534 280 96
3191 3172 25
3191 5691 47
1973 3272 61
2460 598 42
1852 5549 24
239 4451 12
1623 2324 8
2324 390 36
7725 9009 83
5440 2487 68
7618 3079 96
7618 977 97
2874 7064 78
3115 3866 31
3866 9107 57
7334 6616 96
6350 4921 86
597 1644 86
6669 6853 21
6937 5911 82
4232 6345 58
6991 9054 20
2328 279 70
1025 173 40
1585 7692 72
1522 4786 92
8273 3264 50
5082 5811 79
1266 1866 69
3934 3575 10
3934 3298 51
3934 7228 25
382 4012 54
5909 5938 26
5909 34 17
3614 131 98
2926 8490 40
3120 5220 38
167 7308 92
2942 8391 8
9050 3037 54
9316 6167 66
4508 2923 2
7301 6988 35
6988 5538 100
7185 7743 38
5534 5404 52
9331 8949 36
7544 6797 62
3477 3647 51
5507 1075 77
8022 5204 3
7502 607 37
607 7188 93
3632 6561 95
2915 4909 29
8083 3274 48
6159 6181 38
6606 5108 63
3429 8511 41
3429 4300 1
8511 7451 84
4468 7520 45
4093 4575 86
4093 7859 7
6070 1099 87
1537 7649 81
5885 2053 30
3521 785 49
5702 1519 75
572 7491 8
5981 3454 67
1669 5613 47
8039 5679 17
5679 6390 18
2040 8972 86
3853 5045 92
2611 6176 73
2048 1636 99
2048 5264 44
6236 6147 96
2373 8217 10
558 5184 91
9023 7295 9
4147 5542 78
5542 5486 64
6428 4455 64
3056 3850 92
3850 7973 96
5992 3881 34
5871 8574 47
3071 1659 56
726 398 12
726 5932 59
6642 1997 92
2009 2446 7
4541 6887 73
1666 7928 76
3843 7455 70
2420 9154 66
2763 1283 76
1862 6583 71
6184 7851 62
3989 5255 59
5749 1330 96
1345 2115 34
2115 1685 97
9495 9324 20
9131 8815 91
8695 9066 16
7052 7101 26
4847 8445 97
4847 5670 82
7816 527 91
293 828 60
8760 6372 50
752 8667 72
6228 5579 77
1227 9281 86
2019 1542 7
7355 95 74
9242 2993 85
6308 810 3
2217 5655 68
4333 8111 67
2537 7438 71
5086 7016 25
8661 616 50
1667 9345 59
1667 8794 2
5950 3109 22
2382 8869 17
7324 6971 16
3289 1843 74
3289 6874 81
3400 9355 89
2152 6201 26
813 1727 96
7451 324 41
7141 3373 53
5239 6977 70
8246 1788 69
5561 5558 40
5234 5959 16
6924 3700 18
9196 1995 8
1995 2522 48
9433 3422 98
9130 1555 16
4159 3714 84
691 221 71
3003 728 44
9432 3823 59
9432 604 13
5134 7825 99
3170 8351 85
7121 991 47
5604 2092 91
7106 7890 81
2937 5683 47
7604 3436 84
764 7526 77
1416 5253 75
716 1765 54
7329 2107 51
8558 7313 24
7313 4963 57
1974 2684 57
4531 6702 48
965 2752 47
8176 6400 93
821 2840 100
5316 3706 11
4845 4512 91
6399 6359 17
6138 7883 61
1205 905 24
5066 8932 59
4173 2178 9
8821 6262 60
2713 5360 44
2713 2807 92
3994 6414 49
6414 6208 82
7944 9137 86
1028 4704 64
7828 3225 9
164 7098 83
2917 7175 99
615 8223 64
1481 8703 67
1693 1602 55
4674 1171 35
8922 7745 20
7438 7358 21
3270 4047 19
7615 6514 98
479 1458 75
8915 5649 22
9501 9175 97
3701 1420 63
7949 617 44
9359 1737 81
1749 5863 34
8610 2431 97
5895 2472 14
67 460 65
7973 6762 96
2938 880 11
8690 6523 70
5297 3238 28
9069 8396 17
4396 4009 13
8827 3 42
6667 8462 68
15 5225 16
3688 9403 30
714 1787 65
7197 2680 81
1783 838 59
2872 3582 38
2204 3116 12
9245 5934 91
1243 6031 51
9503 7383 77
346 7204 85
5381 9440 85
2880 8304 77
4660 9025 47
2876 5304 95
6123 9100 13
2722 6358 35
7273 2445 22
2102 1254 16
5417 6055 45
5417 4537 60
5092 6798 59
1990 6427 81
7385 8917 70
5426 932 58
4037 5269 90
1510 8572 23
6065 2375 28
512 8183 75
5151 9309 20
6963 6341 35
7940 152 73
3746 2081 79
5122 3469 3
1865 5049 12
8847 2757 60
4287 6999 36
8435 1035 16
4055 4917 12
4917 2091 79
914 2896 12
7623 8360 39
2651 3987 60
4440 3478 39
2021 3778 34
3800 6451 53
8705 5008 55
2994 1023 23
3552 9103 72
6306 4958 10
8059 3872 34
6672 2817 7
7235 3000 86
1372 7079 96
1911 8194 83
9480 1913 93
6634 323 50
5785 8618 6
56 3033 66
1259 6885 91
3081 4867 30
4066 786 28
441 3528 70
3528 561 94
6950 7913 39
4039 8994 61
696 8175 98
7657 6743 90
329 875 18
551 2728 34
7858 4800 1
2673 864 41
9225 4801 77
518 6911 76
2929 8683 27
3205 3346 100
1882 2424 15
767 845 80
9169 9429 92
7246 8664 7
881 1541 8
2571 2122 36
3789 6648 26
5564 8417 98
431 8427 15
326 9314 8
3217 8858 50
378 389 23
9408 3194 23
4570 1195 31
7835 7849 77
1748 7924 5
1071 1409 20
7022 4897 57
789 1792 73
8224 6104 71
3678 7180 98
8744 2549 12
816 8806 75
