2990 5428 77
89 4393 55
89 1002 63
1180 4429 38
1180 911 95
1180 5251 32
1180 5714 81
2243 237 11
4502 3999 68
3999 2713 39
809 4067 100
4067 4664 91
5638 4292 10
5638 2456 55
4292 160 40
199 6094 46
6094 3990 11
1057 1587 75
1057 4043 14
1057 2795 1
1587 255 62
5563 2022 94
5245 530 99
530 3397 93
530 3276 23
6009 6159 42
5370 832 44
832 4023 59
832 5214 80
5294 4005 83
5294 6132 91
4005 3710 67
2502 1709 73
2502 6769 18
3842 718 38
718 4623 77
4531 5592 53
6629 3974 23
3974 3058 55
4086 3869 62
2595 3973 10
5320 2374 15
3705 6254 74
2238 6241 37
2238 1218 52
1979 3799 30
1979 5290 58
4557 2652 86
4725 4143 32
1106 848 35
848 528 36
848 6370 35
4183 5462 17
5462 4228 2
5406 389 8
5406 4207 70
1890 6659 7
1890 501 38
6659 3881 31
6659 3868 60
4192 3574 100
3574 1069 27
3123 1187 11
2340 4694 16
4686 3469 47
4686 2091 98
4686 4730 77
4686 5189 53
3469 742 97
2835 4982 3
4982 5559 71
3997 666 66
3997 5574 13
1800 2915 79
1800 1972 45
1800 3187 59
1800 755 83
2915 6571 49
6584 3433 52
6584 2229 60
6584 4961 36
3433 428 21
4559 480 61
3222 3144 15
2357 525 66
2357 548 6
2357 1200 45
3376 3011 81
3376 3260 40
3376 2933 94
3011 6467 6
3011 2645 13
6340 2908 82
6340 2689 66
1605 2526 51
2526 2851 77
4674 2794 100
4674 439 94
2794 6337 2
4548 3587 22
4548 5937 45
2266 5326 94
5326 1277 42
5326 250 23
5326 3321 84
1005 6789 83
6789 1788 42
3440 3519 7
2230 2732 60
2732 6125 22
5468 1629 29
1629 5243 99
2028 1312 88
2028 1553 25
5418 2353 67
1696 643 93
1696 3756 94
1696 1560 77
643 5197 30
643 2765 67
2994 3787 8
2566 1941 44
2566 6299 27
1941 348 76
1941 2291 6
75 6476 62
1128 3893 17
6478 5710 17
6478 6225 88
6478 735 7
6478 6639 66
5710 4731 92
6161 6097 47
6161 3593 59
3202 4592 36
3202 4835 62
4592 4611 44
3863 3794 42
3863 3751 2
2678 3862 24
2678 6532 23
5742 4552 83
5742 6658 63
6416 2998 35
6416 4786 4
2998 1386 89
2998 5070 72
4151 2382 49
2382 2351 70
5443 3558 13
5443 5176 96
2531 3130 13
2531 2310 57
3130 707 73
3130 1511 6
2216 1359 65
2521 2924 5
6016 5946 99
5946 2826 37
5848 3484 55
950 1633 68
1633 4457 76
4423 3277 91
4423 6066 58
2823 3953 49
5290 1395 1
4598 4357 55
4598 4106 52
4574 3647 88
5688 1327 40
6390 6630 54
6630 6750 19
2416 1847 48
2416 3854 68
6393 2570 22
6393 269 64
1760 4206 25
5300 4873 83
5584 3020 74
5584 272 12
3020 1875 50
3020 2156 67
156 6641 11
1812 3781 46
3781 4048 39
428 3340 49
372 6700 88
2501 5502 23
3348 584 34
3348 1685 49
3348 1270 20
3439 4331 44
3439 2861 14
3439 2137 76
1299 1757 4
1757 4714 26
1757 2050 61
6507 4153 75
5616 933 65
5616 6450 86
1567 4720 18
1567 2749 92
6287 843 12
843 172 45
3947 3188 59
3947 922 32
2420 5396 84
5396 6291 86
5396 3518 43
5266 2781 81
5266 5453 94
4717 2141 11
3828 6185 11
3828 308 18
6185 5231 78
6061 4571 54
6061 1964 9
4571 396 88
4571 1356 43
4669 1620 38
4669 2172 89
1620 5633 74
4387 6172 89
6177 2224 62
6177 3356 22
6177 1523 1
6177 6142 63
6177 1553 60
1885 1863 86
1863 5387 62
1863 1498 22
4589 2776 26
4589 1060 37
4589 5637 53
6609 2057 84
6609 3268 75
6609 3921 47
3384 4925 79
3384 555 91
5580 5784 23
5580 5381 3
260 5845 3
260 2722 4
2006 1338 85
1338 5295 62
1741 2332 81
1741 1671 48
5949 2170 15
2697 240 10
3273 1379 71
1379 4184 87
2790 5805 1
2790 2991 26
3230 886 63
886 233 12
5746 2669 99
2669 881 86
2669 4992 56
6198 2651 91
6198 3504 13
6198 1086 99
2651 4453 7
62 5205 56
62 2951 14
62 2204 83
5205 5141 23
3979 6661 24
3979 1451 93
6661 4450 28
6661 3665 69
6661 4255 47
840 6064 76
840 4951 100
2964 5757 53
2964 2130 9
5757 3717 10
1840 5114 76
4728 3012 36
4728 4157 98
475 5945 30
2604 113 54
3260 5083 38
5753 880 22
880 2643 51
880 3826 14
3274 645 26
3274 5569 86
4164 2596 89
4164 2144 74
2596 4339 32
3308 6766 77
1585 3928 61
3928 2788 30
2627 1568 9
1568 1499 42
4869 2975 50
4869 5731 65
2975 4372 72
895 778 42
778 3185 52
778 1662 24
3124 1317 76
3124 4124 93
691 3025 55
3025 493 55
4764 6215 31
4764 3252 59
6215 3229 90
6543 170 59
170 4767 64
1785 6178 73
1785 5075 7
6178 4661 95
6145 3905 66
6145 1149 88
6145 5263 98
5754 5217 92
5754 6160 41
5217 3150 10
4184 6484 69
1088 1220 31
1220 5459 32
703 4902 31
703 3713 19
4902 2091 27
1413 5450 68
1413 6088 7
1413 6024 50
4260 1781 93
4260 83 5
5471 3441 63
729 4263 17
729 2345 66
729 1541 64
961 1380 40
1380 3170 30
4833 6209 82
2046 1363 6
2046 262 16
2046 2869 13
2974 6050 33
469 4899 36
4109 2763 90
4636 92 68
4636 6618 28
4636 4118 51
2345 2993 20
5316 4884 93
5316 2193 13
4884 3738 16
4884 3561 3
5024 61 10
1768 2466 69
1768 6002 90
2466 1040 48
5449 751 82
751 3037 7
6683 5347 55
5347 6011 94
2533 1269 48
3450 800 97
3450 3975 30
5821 3141 3
5821 3961 45
5821 1630 36
3205 1549 100
3205 5234 85
1110 4295 64
1110 1521 74
4295 2176 45
1982 4834 47
1982 87 49
4551 2305 51
2305 4758 78
4353 502 75
502 2971 20
517 1819 71
517 6243 3
1819 6638 9
1819 4956 3
2232 2883 72
1407 1692 61
1407 70 65
5442 562 37
5442 2686 9
5442 1804 27
4961 2201 58
2201 4205 38
1706 2426 92
4106 2173 23
4106 3793 45
2365 1336 23
2365 489 65
5648 2179 20
5648 12 91
3270 4615 2
4615 1138 55
5216 4051 2
6776 5224 13
6776 2971 36
1244 427 20
1244 5444 21
5261 2951 81
1350 2301 28
1099 306 18
306 391 12
3165 2838 15
2838 4745 12
2838 6770 38
652 6201 8
6201 1925 59
3740 6513 10
758 2159 89
758 6422 55
4246 6080 39
6080 2654 42
3951 5338 25
5902 2435 33
2435 1655 34
6089 1710 11
5597 3476 68
6647 3318 5
797 4474 2
797 3599 94
4474 1513 77
4474 4056 86
5608 1389 84
6000 3096 70
5850 5720 3
5720 2063 51
5720 14 42
5720 3581 58
2752 5390 95
5390 716 13
5390 207 33
712 4978 22
4978 6646 26
3713 3189 74
3713 97 40
600 2750 69
600 6736 18
3267 1907 81
1907 6259 8
32 3138 75
32 1211 71
3138 4410 54
1280 5243 93
2041 1976 57
2041 2492 79
717 4337 20
717 4953 13
717 957 33
655 6325 41
34 182 62
34 6432 47
5458 1601 92
3268 3965 73
6053 6229 67
453 1521 16
453 4465 15
453 2139 50
1521 3447 55
6452 1511 42
6452 3339 12
1511 27 4
1511 4821 4
1511 3213 38
3888 386 93
3447 1858 21
6355 3950 17
3599 1090 17
4675 5096 89
5096 3421 48
2851 2845 38
2845 6687 1
4031 5405 87
5378 5069 46
3580 1924 61
1924 263 20
6510 1877 61
1877 4428 75
144 5666 37
5912 683 42
6271 3437 12
6645 1766 88
6645 176 48
1397 901 32
1440 1405 33
1405 5514 43
3663 2085 97
2085 4679 72
1671 5815 55
5138 3316 98
3316 2777 69
5803 5005 35
3547 3030 21
3030 3874 15
5381 3517 6
5381 1858 59
5381 3911 1
1113 141 23
141 5964 34
141 3004 53
604 3174 4
3174 225 14
3174 3253 79
1406 1145 88
1145 1298 71
545 1827 4
545 3549 27
1922 4129 10
1922 6231 31
1922 3866 57
3414 1756 34
2098 5402 90
2098 4373 8
5402 6067 54
4480 563 41
4480 2274 3
563 1274 84
2674 1712 45
3058 1866 39
2909 1514 15
1556 4637 11
4879 761 40
761 914 29
2188 4230 83
615 2436 100
1813 5524 38
1813 864 48
1813 1627 70
3739 3150 5
3150 5275 71
4523 4235 31
5182 2161 45
5182 4803 65
2161 86 35
5947 4778 88
5947 568 37
4778 4320 74
6639 6495 27
6495 1256 25
2509 4614 45
1955 6057 51
1955 1371 65
6057 2190 87
2853 2480 10
1961 609 48
320 2893 83
2893 5084 29
3194 22 66
3194 5855 66
1972 2351 41
2033 2038 86
3834 1738 53
3834 3849 49
4228 3511 31
6255 3320 52
3320 1109 69
1513 4915 95
1513 3032 42
1513 5451 77
3887 6509 80
6509 6146 44
968 3135 10
1845 849 24
1845 1839 89
1845 949 13
3054 5363 3
3054 2227 34
3380 1817 65
3380 5208 2
1817 6019 6
5654 6610 88
5654 3170 43
5868 981 5
5868 4049 48
981 6359 85
6017 4257 70
4257 1165 16
1928 1750 93
6638 3684 91
6638 2064 55
6638 1476 38
4893 271 50
271 4269 93
1897 1956 18
1956 2631 84
1956 5064 59
11 696 50
5312 3415 1
1266 585 83
1188 2735 80
1188 4158 33
2735 51 89
1926 5233 89
6272 279 59
1279 2162 64
1279 5045 60
1279 2261 12
5305 6347 82
5305 2791 49
3453 131 4
1860 1319 35
1257 2185 68
2185 2634 91
4448 3085 55
4448 3381 4
6538 4440 28
6011 6440 9
4700 3732 86
473 1898 4
473 72 54
5155 2109 27
3948 4122 76
6109 5042 9
3824 5400 1
3824 2938 58
5400 6650 12
1762 747 84
747 1718 76
4913 1529 45
1529 4951 61
6020 4093 37
4093 6744 63
579 4476 41
579 3994 92
579 4955 22
1881 1498 38
1881 2918 35
1991 2221 61
2221 4210 30
726 6341 96
726 824 89
6341 2294 88
6341 2086 58
3949 121 9
3086 2491 1
2491 2978 64
4603 3562 52
4603 4291 90
3562 3593 56
3562 5393 61
436 1452 55
436 12 36
1793 1237 80
3692 4335 16
411 3301 33
2890 6741 57
2890 1917 4
6741 2655 43
4976 4625 46
3507 923 86
923 1162 7
923 1003 52
2295 2258 83
5466 1878 36
1610 1346 20
1346 2104 54
6743 6234 53
6743 173 7
6234 4838 84
6234 4514 27
4513 6026 62
162 4524 78
2036 1000 60
2036 6605 83
1000 2710 49
3908 3471 11
1583 471 85
2646 5974 36
5974 2514 26
3688 493 14
2511 353 95
1410 5369 32
5369 3425 61
3691 4434 99
6160 6753 78
3890 5249 61
4915 4544 10
4095 384 95
4095 3768 24
1780 4572 28
4572 4949 48
628 3505 29
4019 6022 96
2631 25 67
2631 4918 43
3452 2444 9
3452 5377 90
969 2817 34
969 2070 3
2817 2737 8
2817 1579 84
3210 893 11
5303 2487 47
5787 3495 59
2195 3935 83
2195 2145 89
3935 4596 97
2843 1598 63
775 2721 86
3712 4719 84
5852 669 39
5852 6520 49
5852 6335 55
3970 5915 57
5915 3578 26
241 6373 40
25 617 58
3008 4635 61
6043 1912 24
4421 3240 89
3240 5170 26
1012 177 74
1012 921 3
177 3461 65
177 4313 24
4080 6075 31
5849 2562 61
4499 1829 62
1829 1235 52
5430 3508 27
3508 2710 59
3508 688 16
3508 6119 94
1888 1695 71
1888 2175 10
1888 5037 84
5263 5015 39
176 217 10
217 5493 99
5235 2339 49
5235 3223 25
2339 1767 99
4296 4671 88
3397 3163 1
3163 230 88
274 2112 20
2112 3179 14
2611 2987 47
2611 2061 100
2987 2483 73
5501 1740 7
1740 4431 11
1858 1298 5
3358 285 9
3358 2795 52
3237 5455 13
5367 6415 7
6415 4994 34
6559 5522 15
225 64 71
6027 4063 10
4063 3419 100
4147 6091 61
1732 4396 48
1100 5337 46
1100 2492 17
5337 1083 39
2017 4437 56
4437 115 13
5140 5440 78
6462 1046 47
6375 6518 85
1347 2827 15
2261 1666 38
2261 4765 96
6572 4872 4
6572 4075 10
4872 5421 96
4904 2249 61
5498 3718 22
5336 4663 22
343 3612 54
343 4756 62
3612 2214 52
117 2629 97
117 4912 54
1911 6338 18
3962 4729 32
2449 4310 80
2449 6564 15
2449 4890 77
2289 4100 100
4100 2731 99
433 6444 4
439 869 67
2219 6155 71
6155 3151 36
6155 4918 88
3959 5100 85
3959 4583 80
5100 3649 56
1365 6698 65
6698 1418 89
125 98 67
125 4618 50
5937 1677 94
1677 1243 51
6622 836 72
836 2165 7
2703 2325 93
2325 336 11
2325 520 68
4549 5971 74
5971 515 100
4124 3491 22
2906 948 65
2906 5800 19
948 1261 10
2913 5913 17
5063 4765 23
5731 661 38
661 3556 27
6736 4630 97
6713 180 66
6525 3161 52
3161 5504 31
4008 6551 60
6551 3788 50
3252 5810 17
5810 2225 94
2539 3261 84
2539 803 45
2539 982 65
3261 6236 55
1302 3789 29
3789 5618 96
2558 3812 23
2558 4940 94
3812 1865 28
3812 3186 29
4167 3921 40
3921 3980 68
5653 1213 97
3416 5154 65
5154 5910 84
1708 167 68
167 3746 58
5706 3858 19
5706 1803 15
3858 5646 42
6299 1630 12
2040 5543 79
5543 531 20
4738 6349 79
4738 4227 89
4738 4236 24
6349 5236 79
6005 4566 32
1824 4770 39
6342 14 100
6342 5988 52
6342 446 82
6342 5110 18
6342 3411 48
14 6010 54
14 5485 77
6564 608 96
6564 68 98
608 6702 48
5544 1753 7
5544 4390 56
951 5665 12
951 4262 21
3275 6302 59
6302 5375 81
1839 5637 66
2134 5212 95
2125 3968 3
3487 5979 100
5979 6258 98
674 1140 59
1140 5681 69
3825 4446 44
3825 1835 26
2003 2389 91
6310 3796 87
636 671 97
636 6531 30
671 4120 70
6715 3996 20
3996 6199 47
3511 6008 58
2737 396 17
2737 4741 72
3593 407 77
518 6601 44
6601 653 49
6658 857 3
509 6422 77
6422 2667 69
6396 4597 89
2176 1274 10
2176 114 6
1341 954 77
3227 4989 15
3227 4673 1
3227 1003 74
3227 4642 7
4158 3003 38
3881 3815 78
6376 5865 49
6376 4368 55
6376 1216 58
6376 2483 36
2350 5698 75
2350 5383 20
3383 1774 73
1774 2852 20
5765 365 88
2576 6763 99
6763 2866 16
2806 5703 95
5703 1404 21
4457 993 2
2593 824 96
5540 6367 60
151 3992 49
151 252 45
151 507 31
915 597 97
915 2321 24
597 1737 33
3312 3684 24
3312 5862 92
3312 529 44
1252 1062 78
1261 1997 26
6540 2797 22
6540 6256 52
2182 3954 12
3954 6461 44
2839 3389 64
5814 941 29
80 651 98
3536 6767 44
3536 650 71
6767 515 71
3860 5686 16
5686 6557 20
2275 4829 80
2275 2633 6
1915 3427 8
3427 402 86
6742 928 24
1183 5295 58
583 839 97
1053 5174 93
5832 4949 39
5832 158 52
3989 6102 53
3989 6319 90
6102 3626 79
6102 3911 72
1206 2599 56
1206 3031 62
3116 4004 75
3116 6581 85
5106 5990 76
2116 2284 67
3578 6244 69
3578 4236 43
3300 5789 21
5789 6143 72
5393 1550 26
507 36 36
737 2156 84
4698 593 58
593 5942 38
1077 1540 12
1077 5919 92
1077 4094 15
6693 3736 3
2417 3247 12
3247 635 28
2551 4087 31
4087 1985 82
4053 299 54
526 5883 47
2728 4103 60
2728 2245 5
2728 5067 12
784 2774 41
1743 195 90
195 478 45
195 2324 74
396 367 52
2820 1870 69
653 2145 89
1256 3262 100
4316 1641 39
4316 3459 89
1641 3152 95
1641 1660 65
5179 4388 78
4388 6116 74
4388 2814 35
967 3734 27
967 3246 83
6244 5942 29
4104 3629 34
3629 5935 49
3738 2259 39
311 689 47
689 3352 29
689 2257 39
3551 2202 36
3551 5574 23
3553 5734 1
1917 2940 3
5815 3266 38
4933 6113 95
4392 2929 48
2929 5856 41
2954 2695 35
3067 1886 50
3067 1691 38
1886 4666 63
786 4509 81
5213 1444 10
5213 5306 65
1444 5678 14
1721 6312 78
3676 39 6
3676 4483 83
39 5595 98
39 4510 44
866 2746 94
2701 6558 53
6225 4237 18
2590 937 88
2590 4696 92
937 5348 27
739 3864 88
3864 6648 90
3864 6184 84
5307 2119 88
5307 2486 71
4043 3434 30
5066 5885 20
6710 6360 50
3125 6331 36
5257 2108 31
3544 2872 6
2872 6617 74
5776 812 45
5776 4836 100
812 1391 17
5752 3588 84
5752 5391 80
6395 4218 72
6395 1070 59
5800 3166 31
4909 1348 37
1348 360 86
6756 3603 15
5032 4428 12
5032 6277 40
4428 6151 93
2383 397 95
4483 106 30
1509 142 44
4205 4591 57
3497 3190 24
3090 720 61
1773 6125 19
1773 5427 68
6125 2505 61
1029 6046 41
1155 936 56
936 1455 3
1308 1707 25
6030 1328 71
5724 1011 45
5724 4630 14
197 539 70
781 1980 24
1980 3324 38
2710 1291 70
2645 1463 17
1463 4983 85
6488 312 9
5023 4780 71
5023 5957 67
5023 4382 6
6426 5169 100
5169 1374 38
6126 2534 78
6126 3404 98
6126 5146 97
1820 3309 45
1820 1366 61
6300 6489 73
3093 2852 35
3093 5797 60
3790 1582 1
1582 4139 72
4629 4498 20
4629 2409 93
2898 221 85
221 5684 9
6226 4684 11
6226 1676 8
6208 5717 1
5189 3613 52
1254 3746 53
3746 2508 25
204 4284 95
204 3295 25
4836 4750 72
3552 5882 61
5569 1848 48
499 4626 39
499 799 56
4626 2072 26
5873 732 51
5873 825 18
1041 6577 48
1041 5531 52
6577 120 81
6577 2602 93
1459 792 52
792 481 64
4382 815 31
4382 6567 46
4382 5195 73
1263 2324 77
4500 984 88
4500 2328 19
734 5052 65
5052 3073 24
4529 5823 50
5823 3643 20
6699 5793 76
6699 1295 77
3965 4581 96
4581 4655 8
3448 2354 53
3448 45 35
2354 5872 46
5568 3565 51
5568 6688 2
6611 1970 96
6611 710 26
6400 486 17
6400 2495 29
883 738 39
883 3128 58
883 4015 38
4468 3662 17
4468 1484 35
3662 3729 72
2210 5157 50
2210 2218 55
4168 4861 12
4168 352 27
4168 1647 81
6660 3687 24
2724 1875 84
1875 5798 39
5437 3693 83
3693 4681 35
4402 3169 14
592 602 74
1664 853 56
853 4826 38
1503 4532 72
1481 3611 52
2565 5689 59
1115 6579 85
2655 2873 52
2547 3695 61
2547 4777 71
2869 3985 41
3101 1765 65
4896 5360 33
4424 6329 60
730 2035 18
730 1745 42
3131 4862 4
2516 1234 38
2516 6207 83
2110 6323 86
2110 3918 90
4269 6056 82
862 1047 80
1047 6202 63
5108 1191 80
4741 991 25
3290 4660 16
2127 1661 3
2127 4838 21
2287 5361 26
566 5072 21
2877 4875 52
3657 4910 34
4000 2493 38
96 2267 5
2267 3889 36
2267 3702 24
2546 4587 49
2546 2352 81
4587 4398 68
4691 344 49
4691 4618 27
3359 6166 74
6166 5239 30
52 4154 28
5246 3922 82
1321 5236 60
1321 362 5
6179 482 52
2380 2458 50
3137 6464 34
5942 2239 59
3053 4324 14
528 3171 51
528 6769 25
4939 1400 70
1400 1742 53
4900 6369 96
4900 257 24
77 3113 94
5744 4644 20
4562 570 27
1455 4901 35
6391 2397 23
6391 4630 23
1602 3785 4
3785 4470 5
395 1008 93
1225 4876 47
4876 5782 32
3814 4641 54
3814 2474 21
4641 2078 91
4641 137 92
924 2649 77
955 3372 82
6148 2523 70
2523 1216 88
1135 5059 87
5059 1767 45
2407 1482 70
1482 139 95
1733 1936 32
1733 4887 90
1936 1337 7
1048 694 61
694 6199 75
2299 5398 66
5398 1050 70
4838 4463 92
5412 1506 66
1548 814 95
814 4599 55
2836 5414 92
2836 4096 42
5414 4914 49
3753 3102 52
3753 2635 33
3102 5102 25
4466 779 25
4466 5444 70
869 2700 84
336 1538 37
4806 2113 69
3699 4934 71
6120 3855 57
3855 4049 79
6714 3325 73
3325 2868 82
3368 5828 35
5828 2248 14
4453 745 32
4453 6029 77
2346 5149 29
263 457 62
263 2207 1
768 5343 98
3971 2051 6
3971 5004 22
2747 4097 20
5918 6704 26
845 6334 27
845 3280 39
5128 5479 26
2356 4512 14
4512 166 22
4488 3939 10
4488 6121 24
607 2758 24
607 5985 4
1674 1371 6
3151 5958 77
5514 1508 71
2717 5147 25
1992 5892 21
4535 559 46
4535 6403 98
559 3499 65
3353 5900 53
5900 1427 100
2907 5004 78
5955 1093 24
5955 105 84
1093 1833 81
1093 78 94
3057 3175 64
6457 6239 44
6239 15 52
6239 3764 21
1859 686 56
335 1823 99
335 3915 12
6688 987 16
484 842 10
1485 424 51
424 6755 57
6122 6365 22
6122 5064 12
5064 375 43
5181 5928 89
555 668 59
3592 2798 85
1848 1942 21
2495 2020 33
4737 5252 47
5773 3297 83
1129 1055 94
6612 3923 12
3923 1779 3
1876 6530 46
1876 3381 49
6530 2070 67
6530 2844 81
921 1322 60
1408 5935 77
1408 4180 27
3055 2120 32
2120 3036 41
2475 5870 66
3870 5908 26
3870 6532 1
2265 908 42
2265 226 23
987 5538 12
3426 5073 65
6411 57 21
6411 1197 49
3546 4685 3
1499 5658 59
1499 3635 5
2337 1148 57
5964 1033 93
5798 4021 66
1457 516 14
5509 3528 34
4721 4503 80
4503 4510 44
4006 5506 3
250 5301 41
2214 2056 19
4575 1678 92
1476 4550 89
5625 3912 72
49 4083 2
4083 1512 20
5362 5431 72
5362 3801 5
2200 659 76
2200 6594 44
2200 3764 87
857 5541 61
5394 4242 84
4242 6502 11
588 6333 44
1791 4528 9
1189 1834 2
1189 4760 36
1834 4133 3
1834 6112 17
3284 1253 98
5643 4784 43
2959 2953 77
4845 4672 29
4845 4365 89
5864 6381 56
6381 4036 82
1109 4060 7
5905 4916 53
4916 586 50
1719 2429 7
2429 1580 13
1163 1214 53
1214 1378 32
616 5177 7
616 5853 26
5177 1918 24
294 6265 68
5919 3733 51
5919 4718 20
6479 4743 84
6479 4299 89
2960 572 16
2960 4769 67
4397 5319 78
3889 3157 49
3961 145 92
5289 2316 15
2554 1174 16
1174 5953 82
97 4688 57
6719 3191 59
6719 4092 48
3191 5740 29
6354 4036 38
1181 5982 98
1181 4533 26
6284 6459 60
6459 472 94
6058 1111 16
6058 6676 49
1111 2174 5
767 5353 36
5353 464 1
4277 2052 56
1634 1153 40
1634 4171 38
1634 5112 54
1153 5791 70
3766 5460 46
4755 4604 51
6187 1197 56
1197 6573 23
2527 4156 44
827 5098 93
711 5150 35
4953 6726 99
4413 2148 60
2433 6165 64
315 5271 85
315 3047 3
315 5229 12
6397 5709 27
6069 3658 54
4518 1114 95
4518 5419 65
1637 4486 69
1637 168 50
548 1713 40
6644 1233 32
1356 1298 67
1580 2408 69
4796 2573 39
6752 1090 2
6752 2008 34
4889 2840 89
5938 1293 11
1293 4054 44
5324 123 80
123 3924 57
4401 2015 28
94 2410 86
2410 2065 100
6626 4504 55
4994 506 52
4994 2620 26
3357 3026 85
4956 1561 75
3216 983 99
5206 3980 34
3710 4286 80
6672 580 67
580 5822 5
82 322 24
2731 4540 80
3477 4040 68
3377 752 48
3377 3786 8
168 1179 39
5921 1504 92
1504 2796 4
3251 6087 64
1343 3385 11
3087 5239 22
3434 1458 4
960 135 36
828 2334 45
3352 4627 9
2081 1315 100
1315 4079 21
5025 2457 65
6696 6142 60
586 6243 63
1650 100 57
1650 3164 61
1650 5048 66
1650 2294 67
3084 1849 19
834 3575 40
3575 2899 56
3575 6157 68
1683 370 21
1683 1236 92
5200 5485 63
6283 2550 15
6651 3306 16
6651 5170 35
5879 3492 64
5879 6067 87
6636 2468 63
1430 2879 59
1430 408 84
5658 6720 13
4894 1027 37
5871 5817 87
1805 3755 89
1805 859 35
2504 644 38
2504 5539 3
6449 5853 69
2791 1072 69
1724 2965 20
3635 1262 42
6006 4520 81
1818 1418 97
6366 2684 47
4048 417 34
844 6062 90
5496 149 72
2031 3548 98
2031 3146 58
4082 325 43
5044 4759 42
1900 2061 82
2061 5411 91
2061 564 33
2012 435 63
252 6527 8
1749 1451 41
257 1658 48
3317 763 92
763 5537 59
2203 4870 51
56 564 92
56 2875 87
4321 1599 17
4321 622 4
2175 2828 53
6230 1209 60
5854 1844 43
1436 6086 10
613 224 51
1337 3743 37
494 3768 49
3307 5713 54
5713 6277 67
5833 1720 79
922 3463 98
2977 3531 91
5671 230 40
5650 4823 77
5740 1275 25
3759 4968 100
2976 6344 4
417 5194 68
5465 3677 94
5465 4319 31
3229 90 44
3229 5844 17
3166 6707 42
5148 2580 17
462 2396 21
2792 2399 5
356 929 28
356 2441 79
356 3078 66
929 6173 26
132 2231 70
2532 4343 85
2532 6188 100
799 4148 43
4841 1967 31
4173 3550 31
3550 6762 72
5186 6613 2
978 4997 76
532 1465 45
532 6164 27
6112 2049 36
2486 2329 38
4616 1532 42
6374 4169 73
2065 4937 56
4812 879 17
491 3659 81
491 2653 93
491 1929 41
3128 4863 61
3128 925 71
3494 2815 1
2815 6620 93
5124 1433 79
2766 4098 69
5996 1381 64
5996 2101 90
5483 1184 12
5483 2370 72
5483 576 27
4045 2393 43
4368 5944 57
3119 4924 82
4924 169 59
2952 5180 67
5180 1166 86
5840 2440 42
5840 6169 85
5840 4065 72
4196 695 27
4196 2591 29
4647 3641 25
6212 1262 21
1262 5745 14
6222 304 33
304 3930 47
2896 1273 87
6643 3933 29
2513 690 7
690 1396 6
3063 4416 8
998 6775 30
3310 4102 45
4102 2536 47
6088 29 6
1686 81 88
2233 1759 47
4463 6521 1
2805 5225 15
5225 1735 17
3561 1538 68
3524 4748 77
3524 4425 82
4163 3040 82
5987 3810 14
1854 1445 73
1466 4864 59
4790 5017 94
6679 218 71
595 1963 22
261 2897 58
2897 3895 27
3780 6500 87
6163 4758 22
2972 3843 72
2972 5107 38
3843 1560 79
2679 4430 22
4687 672 47
4034 1524 65
4034 2315 9
3645 159 85
1281 1146 64
1146 5116 93
4681 2937 11
4681 1562 77
5211 6081 33
6081 4650 56
1919 3702 79
3702 4112 88
1701 3425 39
3017 1449 61
1449 1953 74
4477 2586 42
2586 5087 9
2263 5591 22
3517 3111 66
1997 5557 2
1997 5528 28
587 1755 62
1755 2814 9
5001 420 30
1139 4249 9
521 6292 75
5349 1855 11
6586 6539 97
1648 6037 80
2514 5844 23
5113 5335 31
1287 5322 98
2172 3296 73
489 4248 59
2993 2668 93
4188 5438 2
5438 2685 85
153 495 23
2307 2834 56
2834 2042 28
5472 3291 4
6250 4303 1
3683 1842 83
3115 4568 38
2765 3305 68
4609 1790 41
3483 3379 48
6527 4239 44
4239 6653 93
1416 458 94
2481 3530 54
5841 6563 88
3830 6382 95
1210 1545 2
1210 1857 20
3454 3315 87
2943 143 97
2171 1958 95
1958 2866 84
1958 5774 40
6206 3770 24
3813 6770 61
4539 5134 81
4539 2637 30
385 229 77
2302 3632 50
2078 2971 55
2971 2949 78
5756 242 93
2899 6746 100
5421 6324 5
3937 308 34
2668 6681 91
5439 6654 49
6654 4906 35
4149 403 12
3028 5747 11
5872 1387 37
5872 2904 11
188 419 25
188 6065 56
4952 5537 24
5537 1632 91
1392 6718 94
5801 4570 5
5801 5016 13
3072 907 11
3072 111 35
907 5842 6
907 3642 6
2895 4373 8
727 6042 43
3525 1811 67
3525 5408 42
4987 3474 37
5207 1825 63
5253 3849 21
889 6261 76
3730 366 41
4365 4697 94
5933 1402 23
1402 6270 54
1402 2257 8
5493 6317 10
5411 5640 69
5574 2544 77
4046 4573 2
1722 3304 28
3304 5415 39
126 2423 75
1488 191 62
1477 6676 79
4814 1879 8
4814 970 23
6018 2074 52
6018 3035 10
2780 1064 46
2780 3421 64
3625 4007 23
5530 1714 52
6678 3697 10
6588 442 72
3993 2508 94
3993 1025 58
3993 2352 16
3407 4601 80
3832 145 54
145 1151 65
222 5047 95
714 5422 28
714 1552 82
980 6314 25
30 6021 5
1994 4114 81
622 6399 17
5187 829 33
5856 1837 26
5856 764 54
1771 6023 50
173 1043 47
173 5280 81
2414 1784 82
5318 2847 65
5318 1083 75
2606 2619 64
2619 2932 64
791 618 65
2588 2801 32
5048 3728 9
4653 4406 32
4653 4394 9
2409 3846 70
4890 457 3
4786 5469 2
4134 2552 38
847 1423 18
847 958 21
5962 554 98
5962 1329 19
4563 6068 99
4563 3972 90
3668 6076 60
5855 6286 68
3595 6154 43
2810 1313 23
4659 626 86
4659 6079 82
3660 5916 72
5916 3911 63
2361 4844 99
6270 1699 16
318 5000 84
4128 6475 46
4640 4146 6
2744 6782 16
4262 4475 30
2981 5457 32
1006 5166 80
6070 6308 47
633 6107 1
6107 4620 48
6107 6195 51
2451 5117 21
3221 6067 71
6067 2809 86
4427 5759 100
6461 4469 14
3475 3934 75
3934 2043 25
2831 3106 65
5922 2377 69
3253 770 24
2584 4590 60
1016 1102 50
2394 2559 21
5062 1986 14
5527 1995 16
5527 2193 41
1995 3418 11
1003 664 38
964 5420 34
964 1758 47
5839 687 36
687 861 56
1290 5021 25
5035 2032 20
6406 287 48
4162 2204 98
3467 4234 79
4874 1927 11
1138 1663 100
6235 4003 11
1874 2625 89
4360 2218 34
932 3803 2
3305 4371 74
2849 2482 17
813 877 9
4853 3049 45
3049 2005 71
6116 5588 7
1981 4580 65
1324 4027 67
3071 3902 65
6592 598 85
2043 4020 25
5957 3721 77
3418 952 22
4734 110 62
1132 1786 24
1196 6388 4
3667 5385 18
5334 206 75
6680 3215 17
6038 84 47
4084 4364 2
3192 3771 42
5068 1421 67
3332 2184 7
1036 3848 66
2914 1056 51
1856 314 42
251 6012 67
251 4751 50
4065 2489 46
3900 2462 15
2462 3480 88
5836 3534 14
3104 3464 98
5721 2123 99
3498 2656 65
6590 4367 49
5078 4595 89
4839 6306 92
4740 1235 71
2720 3873 25
4642 1988 24
1632 5446 30
390 2989 27
289 1147 94
1284 3675 96
1364 5741 47
2889 1285 93
5735 6029 15
3201 422 64
2248 3742 26
1103 6504 81
6508 2892 42
5758 1519 37
1195 3637 20
4378 2978 20
4378 5967 87
4358 129 72
129 5358 100
4238 2626 80
1663 5156 92
6675 1215 16
6627 1830 21
449 207 19
1536 3272 31
1172 6621 43
1133 6170 16
994 5555 52
640 5413 13
770 3366 21
770 6219 75
5862 2439 85
4425 4988 20
3303 4799 71
3280 3720 28
5277 5565 26
6667 3722 40
612 5365 71
2136 1642 49
456 5732 20
2443 1352 16
746 558 48
6281 4847 74
6281 942 22
897 1728 36
5630 2099 83
4727 455 95
5697 3725 3
2025 5881 20
205 2331 52
2331 3648 70
3244 6597 11
4333 582 82
4475 1150 22
3876 5379 47
6052 4127 53
2288 4081 64
5135 497 64
577 2931 33
3246 5610 57
2936 4361 72
4305 4860 69
2488 5599 96
6423 1769 78
1687 5282 35
3882 6032 41
5581 4226 27
5020 6276 36
1704 3351 8
2211 3800 38
327 2373 6
962 441 19
5314 4692 81
1082 1375 64
1563 5368 1
175 4804 68
728 3678 26
2617 3183 81
63 2326 86
2363 1068 70
5013 4959 17
5013 4460 83
3545 2023 86
2642 2212 35
977 1475 58
1200 6783 20
4702 6085 7
1640 3620 76
3417 10 95
5392 2950 78
4744 2569 66
444 1065 100
444 1739 66
444 1778 68
6332 238 55
2463 4281 50
5351 2323 4
6372 2344 38
676 5895 72
5274 3779 25
5230 5310 96
4347 1850 11
4347 6783 67
1283 863 59
3199 6524 19
6275 6387 16
533 794 53
1942 5043 13
1105 6535 35
6669 5640 86
774 5250 92
2813 5270 15
4886 2829 19
3650 3158 26
2082 6168 53
6593 1014 58
5866 6620 73
4037 971 7
2683 2180 94
1578 6389 10
6389 1042 88
2163 6502 63
5667 2613 28
5837 6553 83
6785 1558 66
5208 2793 92
1621 3936 96
1150 5129 56
6150 3019 21
6490 3288 68
1594 95 54
3679 1243 25
282 6 86
1998 5802 96
198 670 11
3845 2251 49
5583 3088 95
6779 4125 28
6279 4487 44
6408 6662 7
2944 1394 82
3059 2055 48
2115 5136 38
1344 6497 63
5481 1367 21
3289 4283 35
3082 2770 81
6378 3983 11
6790 4454 42
3147 5760 99
3263 5171 99
1177 1037 63
5934 5857 99
5857 498 25
5890 2058 92
2318 2775 79
2318 3958 61
3806 4117 7
93 6519 50
6598 2699 73
5542 5859 24
5030 3112 30
371 6754 52
6754 776 2
3323 2968 28
5330 1843 98
1557 3769 43
1468 6128 46
4212 5126 100
3413 2168 8
1889 498 83
2477 1810 91
4253 437 10
3345 2452 87
6309 1869 55
1118 2100 97
4958 5093 11
5093 4508 83
979 4105 12
4243 2553 2
4404 531 60
1604 4922 87
5436 6167 71
3745 3354 24
5254 1066 47
755 6412 14
755 3386 24
6663 5830 44
1217 6671 100
2850 2783 61
5785 76 73
1700 421 23
2880 6138 6
1851 5560 84
192 1537 67
4945 5219 62
339 5550 49
4255 3822 56
5644 212 90
42 5778 58
2019 2217 23
5695 2368 62
3172 4815 80
5863 2734 98
5104 4213 17
743 4701 46
