1235 6086 39
926 10 16
926 7446 16
926 5925 11
10 6872 10
10 4906 71
6907 6793 45
6907 5192 55
6907 4624 61
6793 3287 32
6793 4159 7
2395 5066 54
7669 297 30
7669 6177 33
297 3823 68
297 7862 11
1665 5502 41
1665 4164 92
942 3669 45
942 901 3
981 1243 99
1243 7286 80
1094 1750 88
1094 5492 53
1094 2232 83
1094 4405 29
1750 6171 78
1750 3120 61
6841 2355 47
6841 3959 24
6841 6222 58
6841 1679 5
6841 1344 40
82 3 19
3 1193 98
6732 7727 68
7727 5024 66
4080 7570 70
6431 1984 97
6431 2154 81
5144 2828 68
5144 211 84
5144 3131 60
2828 1205 72
6883 7063 71
2770 4542 51
2770 1249 93
2770 4475 98
6297 3197 81
3197 3633 39
3197 5088 13
1949 635 18
1949 2867 77
7847 7273 54
7847 4927 76
7847 7136 27
7273 1761 53
7273 1010 19
7321 6489 97
7321 2251 10
6489 7281 33
2736 7390 74
2736 5230 84
3401 120 27
120 6819 45
1196 3868 11
1196 2462 18
3868 1351 87
6057 7031 5
6057 3586 19
7031 2292 76
6577 6633 37
6633 4904 63
7490 2917 62
2917 1916 65
2821 1900 76
2821 4032 21
1643 3423 26
1643 351 33
3423 7851 45
5153 5840 40
5153 60 57
5840 7564 61
5840 2702 37
5368 4007 96
4007 7757 85
4007 2630 49
4058 2190 81
4058 2592 71
4058 3147 18
2190 3210 51
7698 7425 23
7698 2131 44
2538 3832 69
2538 3494 30
2538 3681 59
2538 7191 73
6802 5898 63
6802 6356 32
5898 5412 32
609 7113 64
7113 1898 83
7113 7259 51
6880 5858 89
6880 7022 30
6880 5274 2
5858 6573 27
5858 6783 78
2754 69 14
2754 7429 95
2754 2182 24
640 5990 64
5990 3001 94
6660 3047 88
3047 956 22
7150 7304 12
2082 292 88
2082 3508 15
4273 1280 6
4273 6621 37
4273 6301 42
1280 4041 13
2989 3626 92
5223 2116 8
2116 5691 24
6902 5341 70
6902 750 33
205 7074 64
205 1309 12
7074 222 40
6509 5667 32
5667 2998 68
2945 3969 67
3969 1778 13
3969 1057 43
3463 2456 43
3463 7376 16
2456 4994 40
2696 3859 74
2696 2026 31
3859 7840 75
3859 477 82
6702 696 84
7634 7000 67
7634 4182 37
7000 5613 60
1866 1014 11
1866 3357 12
1866 6163 42
4506 3553 76
4506 6240 10
5032 5603 56
5603 2966 40
5603 570 33
5603 147 47
5603 921 5
5603 3799 33
6028 2366 34
6028 3462 29
2366 3679 7
710 511 45
511 3410 4
5041 1909 68
5041 2480 20
4398 3184 87
3566 786 8
3566 2473 34
3207 4592 76
555 7051 89
6555 2171 81
6555 3270 78
3211 1809 97
1809 1653 100
7746 6544 21
7746 5382 54
7683 3113 68
2959 7525 2
2959 814 68
7525 5514 73
5425 6290 75
5425 1874 78
6290 3364 52
819 2823 18
5449 6991 67
6991 998 26
2110 5905 3
2110 460 55
5905 6784 96
5905 3072 46
4439 2615 51
4439 4079 20
2615 4331 84
2615 682 23
6051 5061 15
6051 2707 87
6051 6786 61
6051 7861 5
4140 1995 83
4140 4208 61
6943 3510 78
6943 1230 81
6943 4928 81
7468 7045 67
7045 3142 42
6467 7549 23
6467 7049 66
6467 6156 64
7549 7562 75
2885 7291 57
2885 2057 34
2885 4916 47
7291 6004 100
7291 3657 48
1734 5043 99
5043 6254 13
5043 4013 50
5043 6582 19
3688 495 13
3688 1674 53
3688 2298 23
495 7351 48
495 4234 33
2056 305 66
2056 1751 37
397 2039 11
397 7686 31
2039 7296 99
2039 7437 97
2039 1277 32
4312 7411 26
4312 1270 99
4312 4995 82
4312 3024 4
7411 3309 22
3711 3710 99
3711 6422 10
3710 2491 86
3710 7537 7
3710 925 62
6614 1142 6
6614 7355 53
6614 1352 44
1142 4237 20
1142 6545 77
1142 3511 13
1142 2118 3
1142 6679 88
7791 2081 19
3014 5510 6
5510 4316 89
7221 3915 92
7221 7743 87
7064 5114 4
7064 4878 14
5114 5279 28
5755 4186 31
5755 2649 4
5755 1343 97
4186 5516 40
3742 1175 88
3742 4410 15
3742 2354 22
1175 3012 16
1175 1180 51
1175 2580 23
7718 5188 47
7718 7151 57
7718 413 64
7718 4952 82
5188 3708 25
867 1912 5
1912 2370 95
736 3560 70
590 4780 86
590 7806 26
4780 1289 64
4780 5604 36
4780 7314 79
3140 6507 44
3140 43 36
3140 4597 14
6507 7293 64
3694 5645 62
5645 2069 53
6041 7487 83
6041 5535 62
7487 372 39
3277 877 41
3277 3346 35
877 7284 85
2240 5937 38
5666 5797 49
5666 4374 36
5797 1839 52
7715 5621 90
7715 4541 10
5621 890 47
5621 3544 65
823 1266 42
823 5155 49
823 1267 91
1266 6387 1
603 2623 95
2623 6457 46
5525 7395 93
7395 7584 19
4831 2592 82
4831 4729 32
2618 1832 34
2618 5058 70
1832 3440 49
2678 4973 7
1680 3755 30
3580 3480 29
3580 37 60
3480 5806 47
3480 7859 90
4454 6899 37
6899 2335 33
1225 5824 56
174 6445 94
6445 895 98
6445 5254 98
5189 4525 84
5189 3794 4
7735 719 15
7735 5816 72
7735 6682 90
719 2117 5
2762 5933 52
5933 1662 20
2966 4150 91
4150 3496 45
4150 5751 100
7677 3943 84
7677 1763 67
3943 6372 24
6007 102 87
102 164 87
102 3034 76
102 6889 68
3056 482 12
3056 1022 48
3056 1857 4
3056 1027 25
482 202 26
6029 4172 64
6029 2677 86
6029 4022 68
4172 4630 98
4172 3071 96
3790 6463 89
3790 5896 90
6463 4578 70
6463 1349 77
2660 3090 69
7102 1782 65
1782 1115 48
3815 1802 49
1802 6898 82
1802 2724 58
5431 5239 72
5431 1469 80
5239 2774 96
5239 7381 89
5239 7597 76
922 7449 99
922 6404 70
922 4261 14
922 3089 26
3425 2883 51
2883 4417 77
3582 1379 81
3582 1033 92
3582 3841 79
3582 3058 87
6350 2441 35
6350 1899 7
6586 2344 56
6586 1085 11
2344 3864 64
5646 3625 56
3625 5986 16
2282 5894 65
2282 3986 60
3912 2435 54
3912 784 1
2435 134 53
2435 4879 49
2535 5323 46
4902 1740 15
4902 2791 39
1740 6790 38
1740 2253 52
5644 2901 66
5644 1394 80
2901 973 34
2062 1130 43
2062 4248 47
1130 7508 27
1130 6714 97
5064 5371 97
5064 1028 93
3844 5068 17
5068 6527 47
6075 7029 77
6075 3934 7
7029 5610 18
7029 2936 90
7061 4934 24
4934 2398 14
4934 6961 6
4388 1941 37
7717 5533 31
5533 7415 95
5533 7820 44
4504 625 71
4504 7467 59
4504 2232 5
4504 6966 3
154 5499 24
154 2797 95
5499 558 81
5215 4124 53
4124 4642 28
1485 2721 60
1485 680 23
2721 5784 83
2721 2651 26
7010 6123 27
7010 5707 78
7010 4760 19
7010 1568 62
7010 5588 27
6123 5158 93
3467 1403 86
3467 2680 93
3467 1694 77
1403 7365 10
7077 660 58
660 6331 75
295 3349 28
295 2058 11
3349 2239 46
659 1990 63
3244 2741 98
2741 762 73
3433 5773 35
5773 5834 35
7456 1120 42
7456 6506 78
4515 2571 17
4515 2931 91
5333 3135 62
3135 3037 58
7438 5145 62
5994 5219 25
5994 7409 58
5994 1426 91
5219 219 15
6946 5489 39
6946 7420 63
6946 2654 18
6124 5384 76
6124 4067 76
6124 320 82
5384 3654 63
5384 6249 96
2647 1702 13
3870 2227 39
3870 1150 100
2227 2429 15
2984 6504 97
2984 6226 24
6504 4251 44
1599 2654 67
4967 7801 70
7801 5020 74
1891 3725 56
3725 6988 17
2782 6500 10
2782 4650 48
2782 5849 95
6500 4008 4
1135 1581 59
1581 2997 83
1478 4241 44
6699 2771 24
6699 1101 60
6699 2137 71
2771 2688 38
2771 6995 13
6964 5137 34
5897 1975 26
1975 5124 77
1975 1259 70
6833 6287 100
6833 1131 31
6287 1097 93
2422 2766 60
2422 1238 23
2422 6397 90
2422 5388 21
6201 2630 37
6201 2834 87
993 6891 17
993 6081 1
993 2511 51
6891 2743 48
1121 4547 37
1121 5738 11
6298 2881 81
2545 3106 7
2545 709 66
1238 7072 12
4530 6446 70
259 3573 14
4544 2308 97
4544 1884 86
3169 3284 61
3284 3122 82
3284 5781 84
3150 5448 47
5448 2985 93
5828 7741 76
1814 1952 74
4044 218 85
6859 644 40
3730 1603 45
3730 7738 71
3730 688 24
3730 3661 1
2797 4437 72
5610 5684 86
1916 4418 9
1748 614 1
1748 1012 98
1748 3803 96
1712 3080 34
3080 1464 61
6172 1365 16
6172 5388 3
6172 5125 99
6172 4187 61
1763 4975 17
389 2154 98
389 2671 23
1304 4059 68
5465 5085 75
5465 6059 76
5085 2304 32
5085 5511 35
6249 1384 79
7146 1505 43
7146 2930 2
1505 5399 48
5611 3283 49
3283 1691 62
3673 2521 41
2541 520 97
2541 2605 38
2541 7676 85
520 2134 53
520 4122 74
5685 7396 94
5685 3333 41
7396 3012 33
7396 447 8
2716 1355 53
2716 7142 96
1355 5422 43
6668 1160 52
1160 2648 9
998 1470 10
6126 6689 75
6126 358 96
4008 2223 4
2223 3347 96
2223 3448 87
4360 848 78
4360 4259 25
4513 3589 48
4513 756 36
4213 7341 2
4213 2964 76
4213 4643 21
7341 1312 89
2377 1656 10
2377 7498 84
2377 1495 86
1656 2226 55
1791 6202 77
3029 4720 69
3029 7307 58
3029 6240 2
4720 155 28
1963 4960 99
4960 7375 96
7092 6649 48
7092 1601 30
1778 163 49
1115 6927 2
1115 7157 20
1115 7485 84
5361 2174 91
307 1993 53
2515 5126 72
2515 6203 90
5126 976 18
5126 3335 7
244 6325 31
244 6366 17
244 238 19
6325 5924 59
6325 5938 34
6325 4812 92
4824 2930 29
4824 7415 29
4824 9 32
2930 5482 4
3843 7439 38
3843 5691 45
7439 5047 20
2267 4377 17
2267 1618 49
5494 7126 12
5494 534 1
7126 7879 42
6018 4416 88
6018 1435 42
4416 5759 69
1358 5508 76
1358 3471 97
1358 2208 19
5508 7617 70
5508 7552 80
5251 6771 90
5251 1834 28
6771 2089 88
6771 2195 27
6897 1540 45
1540 5398 90
4611 6589 62
7782 4932 30
4932 5338 17
4932 2819 67
1862 6741 37
1862 96 63
6741 4747 3
6256 4830 100
6256 2723 30
6256 1833 96
4830 6402 46
4830 4762 88
4777 5607 84
5607 5880 38
4606 7062 49
4606 3504 4
1440 4164 80
7355 4302 8
7355 1447 69
2848 4110 63
4110 7056 7
6727 7351 23
4217 7574 98
4217 874 25
7574 4832 66
2429 4205 13
7584 4088 4
237 5480 48
5480 7362 86
4336 734 76
2446 6197 79
2446 77 22
2446 7535 84
6197 6137 55
6197 2172 78
1170 2054 38
1170 2031 61
3299 4672 30
4672 6395 1
4036 5677 87
7772 5462 92
5462 7435 36
6768 4406 82
6768 4516 32
6768 3470 33
7686 4972 94
7686 1347 16
7686 3805 35
7686 1969 60
975 258 90
258 7387 55
2193 7014 57
2450 2837 56
2450 320 9
2837 5940 19
2837 472 8
6529 4180 42
6529 2157 48
6529 1592 49
103 3387 53
3387 4477 21
5740 4497 91
1380 2156 49
1380 3074 64
2156 7646 58
759 7027 11
7100 1711 62
4331 443 21
4331 3924 28
180 7752 30
7752 3750 47
7752 4909 31
5556 7283 58
2085 7553 45
2085 1029 89
7553 2581 49
7553 7368 72
6693 1972 82
6693 8 28
1972 7836 14
241 7233 97
3243 5922 19
3243 5772 30
5922 6252 86
5922 7861 10
6366 7666 96
6921 2349 50
6921 1192 89
2349 1113 59
2349 3196 46
2243 224 62
2243 3053 11
2243 1550 82
2772 3931 68
2772 5951 44
2772 5378 40
2772 754 39
3931 1670 33
4644 7724 37
4644 2300 26
7724 1455 44
7587 3048 39
7587 3253 30
7587 3512 56
212 7595 54
7595 4608 100
7151 2196 87
5608 7236 47
5608 122 90
2452 7379 25
2452 7056 68
155 7613 27
7613 1772 16
3266 247 1
3266 1383 13
5155 4345 35
4345 2927 18
4345 5356 19
4906 5193 14
4287 4061 17
4061 5688 99
544 1154 42
3619 4555 60
1672 3011 89
3011 2701 21
3011 7783 97
4671 4498 53
4498 2729 100
1409 2812 60
1409 5411 23
2812 1733 83
5204 7218 25
7218 7237 10
7218 7551 67
1041 7664 67
7664 1470 89
7664 7823 67
1859 4954 100
1859 4136 33
1859 460 77
4954 6530 77
7121 4467 26
4467 5015 63
4467 1438 5
4467 5518 55
5635 3811 48
3811 1257 66
75 626 55
626 7739 48
1320 870 43
870 2098 23
3769 7448 39
3959 4786 82
4786 7482 26
1636 4802 90
1636 488 29
4802 3096 28
4802 380 76
7110 7566 27
7110 1673 57
7566 6418 3
3569 703 85
3569 5024 29
703 4965 39
703 1532 58
2298 1727 15
1727 6801 35
1727 1742 60
1727 2410 18
6642 3464 14
6642 1549 98
1259 2818 52
1259 6806 35
1259 6038 92
2818 3682 87
2818 7615 98
1562 2239 11
1562 1507 70
2239 6453 72
2239 1270 25
2914 2378 44
3153 7612 90
641 7821 17
641 5772 92
6179 5453 89
5453 7285 28
5453 6470 30
5249 2215 82
5249 5192 34
979 670 79
979 3592 60
979 1948 47
670 5878 34
4778 6145 73
7318 1383 74
7318 6729 57
3639 6435 36
6435 726 68
7446 6136 86
7446 2720 4
7446 4236 44
4750 3225 23
3225 414 19
3225 6429 35
1169 1567 46
1169 6102 34
1567 3095 73
1567 1397 97
4470 7140 59
6224 2368 44
1780 4173 32
4507 6318 64
3175 5959 79
3175 6216 12
3175 387 44
3175 4726 45
5959 2266 55
5959 74 74
6552 886 83
6552 4011 26
4535 2886 78
2886 4511 26
4411 7628 21
4411 4510 90
7628 7205 40
7628 6230 40
7628 4452 69
2999 6296 81
6296 1597 51
1945 5803 35
1945 5501 52
5803 109 14
4556 6565 30
4556 2867 9
4556 4607 12
5303 5367 28
5303 2993 100
962 230 42
230 7823 71
2341 2393 7
2489 7859 91
3152 112 95
3152 515 21
3152 1875 27
112 7839 75
112 45 83
4405 2457 50
3438 1506 45
2495 6534 14
6534 4667 53
5763 3979 61
5763 1200 66
5763 2905 86
3979 6454 24
1653 3824 95
1653 6886 52
3824 7756 85
6505 5658 49
6505 6479 62
5658 3866 95
5658 6264 80
4318 6383 53
4318 4341 42
7703 855 65
855 2091 49
7119 1165 50
4817 6646 87
4817 141 60
6646 3975 99
6646 157 32
6646 3073 89
6038 216 90
3668 5372 45
5372 3012 61
80 528 23
80 5498 45
4961 2927 94
4961 2427 31
1228 3317 80
5266 1789 28
1789 5758 62
1789 916 85
1789 6904 95
5984 287 78
7276 1285 39
7276 1010 24
1285 4278 86
6165 1125 36
6044 2266 56
2852 4683 50
3413 5308 77
6235 592 76
6235 2278 63
7307 6881 81
7056 4958 54
5014 223 91
5014 7044 46
223 1767 83
223 2552 29
762 7193 29
762 1183 19
7193 1472 4
1200 5514 44
1200 7603 26
1200 3556 92
5514 4401 52
6371 6887 12
6371 4033 68
6371 6421 14
6887 1593 27
2726 3294 58
2726 4521 96
3004 725 42
2403 2611 97
2304 1793 58
2466 1152 79
2466 37 78
7286 2923 82
7286 3278 63
2923 6769 20
5701 1747 48
5701 2016 32
5701 1547 42
4850 6743 15
4850 5276 70
6743 6819 91
1512 1980 93
1980 586 78
4225 5241 56
4225 2280 61
6541 2331 60
6541 3369 41
6541 4711 59
6541 4587 46
2331 6736 59
2331 7639 67
7293 5381 56
7293 4756 40
7065 7732 95
7065 5624 21
7732 5383 57
4165 1865 14
4165 4726 2
4785 5874 17
5874 1374 99
5296 147 57
3968 2811 75
3968 6488 56
2811 7558 73
5095 126 34
5095 4462 38
126 6241 82
2815 5617 71
2815 1758 31
7205 5199 37
7205 4049 84
7137 7377 24
1188 1732 53
1732 2831 92
5707 7710 19
6453 2099 49
6453 6535 21
1458 2320 79
304 3259 89
3259 1655 56
5972 2512 23
5972 443 48
2512 5839 55
6128 159 12
6128 5796 73
3182 3554 84
3554 6264 68
3554 7249 53
3554 1901 11
5597 755 34
6385 4410 87
235 1676 92
235 3315 15
6306 1342 87
5527 3276 32
5527 6231 73
2805 6582 18
2805 5234 80
6582 1569 53
7784 5369 67
7784 70 52
5221 4160 34
5221 494 98
5221 6240 84
4160 673 51
6488 3394 2
3394 5326 64
481 5606 56
481 1215 17
481 2794 52
5606 2357 96
4136 5865 97
6591 2794 64
6591 6240 93
2967 4531 55
3176 374 76
374 661 75
1270 5398 41
2285 317 21
2285 3141 24
2285 619 67
317 4352 32
6782 6644 86
4084 1536 27
4084 2702 41
587 211 46
211 3828 30
3803 7006 49
7796 1081 49
3857 6278 25
3857 2682 43
6278 262 57
4775 2537 7
4775 4450 96
2537 2451 46
3609 418 73
3609 2711 3
3609 956 4
418 4002 50
5942 2126 37
2126 5957 42
2126 523 19
3808 6549 57
3808 5954 21
6549 2526 27
1294 1738 59
1903 1300 97
1903 3635 74
1903 2946 96
1300 2165 41
726 1819 87
726 2431 54
6412 713 91
4713 6926 48
6926 7022 3
1479 6430 87
1479 6242 85
1479 3491 54
6430 1594 59
4057 5770 77
5770 3275 76
3351 3834 90
3834 512 19
6425 2362 72
6425 3671 100
2362 2810 10
7620 2361 55
852 7246 14
7246 2291 22
7246 1148 63
7246 795 21
2822 7781 46
2822 647 83
1083 5687 37
5687 36 87
1899 1028 1
1028 4784 53
1028 861 71
6531 6609 21
6609 1176 27
1492 6354 48
1492 883 86
1492 3123 15
6354 5785 95
6354 6171 52
7053 3427 30
4085 832 87
7708 5468 79
7708 1639 73
7708 1009 77
5468 5391 95
2400 1187 35
3202 4015 46
3202 7237 15
4564 1278 36
2391 4349 64
5752 5487 47
4033 1982 92
4033 4294 18
3462 632 85
7740 2672 82
7740 2908 26
28 7118 42
7118 3517 36
541 2209 18
2124 1663 81
5960 1557 63
5960 5070 78
5960 4231 25
6066 3352 3
6066 6641 49
6066 6522 24
3352 872 15
6404 774 51
6404 6533 99
6404 2335 44
48 6934 48
6934 5688 23
1441 5476 26
2356 6799 69
6799 5854 91
2619 3513 20
1026 714 79
1215 6004 26
2895 4886 81
5806 2399 85
3149 5855 31
5855 7173 59
2182 5689 72
2182 7148 62
5689 4968 16
330 1634 38
330 283 87
330 3806 12
1634 3123 35
4251 7148 65
1162 1376 35
6136 945 22
4692 7706 14
4692 1650 13
4692 3752 15
7706 2596 3
7706 5175 81
1457 2704 62
2665 684 7
2665 1998 16
236 3896 54
236 598 99
236 1067 30
6823 2524 33
2524 1875 45
5228 2309 89
83 5281 23
83 4146 55
5281 1528 93
6764 3477 95
3477 4724 20
3477 4911 69
5192 2884 58
550 930 50
930 1432 95
930 3714 83
512 7385 84
7385 4665 1
7385 2627 35
6252 4294 58
6252 1037 61
4808 1755 24
5234 6816 8
5136 2465 6
7643 2202 38
2202 5056 62
2202 6223 89
2202 1648 3
784 348 38
2867 538 68
2819 315 85
2819 6139 29
315 3664 23
1229 1772 7
2357 3060 77
7835 3945 13
3945 5747 56
3945 4675 51
3945 3600 76
3353 6070 10
6070 1627 3
6070 4505 56
6070 6515 17
349 5441 83
5441 3483 41
5441 729 45
5541 3017 13
5541 2077 66
5541 787 58
5541 5183 60
5541 2299 32
3017 1795 29
5725 5314 21
6819 175 59
6819 2458 15
5322 3785 98
5322 996 59
643 6715 44
643 4952 40
6156 1646 34
1646 2163 93
7436 1597 74
1597 1717 31
1597 421 60
3018 7141 13
7141 1273 81
7141 3862 72
946 7028 91
946 2652 74
2985 5444 93
2985 5965 68
3404 7060 92
3404 6967 81
3404 3161 54
303 2860 10
303 2077 52
2860 6117 15
4294 2384 6
5751 2113 59
5751 610 66
5157 1407 69
2078 6951 19
6462 3323 60
6462 4574 78
6462 7728 65
3722 7261 43
300 3814 79
300 4935 33
5758 2381 54
5758 3409 21
598 4363 66
67 1360 37
67 35 30
1360 1262 13
1360 4730 60
6148 7554 6
7554 7471 100
3586 3393 4
3586 5342 59
617 4187 57
4187 1871 56
3473 3504 28
3473 4691 28
3473 6011 4
3473 2855 34
3504 5010 7
424 7320 41
424 7004 22
3904 152 59
3904 3699 32
1549 637 20
1549 3130 63
1549 86 9
1549 2233 69
7339 1332 48
7339 3071 98
2720 4822 31
2720 7417 77
5474 4258 26
5474 1554 23
4779 618 83
4779 6245 9
6265 7639 22
7639 4126 37
6191 3270 63
6191 6753 26
6191 6720 17
3270 477 7
4009 6839 72
4009 7315 1
6839 818 27
6839 772 17
7421 2332 64
7421 791 49
2332 1829 55
7851 4200 58
6471 751 56
6471 293 48
751 2101 48
7016 3995 31
3995 2203 31
3973 6820 12
6820 157 91
7068 4239 70
4239 744 65
1359 5242 78
5242 4923 94
3976 4257 93
4146 4278 53
4146 1801 52
1569 4339 66
7050 4324 100
7050 2183 70
7050 5584 60
6233 4019 77
6233 6250 43
3652 6027 31
2841 2009 9
6451 6722 99
6451 5684 71
586 375 25
6011 3884 65
6011 1333 17
3884 765 22
6838 5604 95
6838 7350 15
6838 1220 2
5604 7055 49
5604 7203 34
1024 6522 53
1024 116 87
5470 577 11
889 2042 7
2042 6912 12
2584 5736 4
2584 5903 40
4386 1431 69
1431 2825 87
1431 3059 40
1431 4629 16
5226 7251 59
7251 1249 97
7251 5008 67
3002 1991 28
4844 5760 49
4844 6665 66
2216 3522 26
3522 4434 48
6210 7195 76
7195 2977 47
3534 6218 73
6218 8 65
6218 4433 91
7317 7658 54
4339 5248 100
343 1664 14
298 3181 40
20 2574 92
2574 6650 18
2574 6734 59
2574 4330 50
7104 731 34
7104 6815 23
478 7433 65
478 4991 94
7433 5496 89
7433 7112 99
6913 6713 89
4453 6822 83
4453 700 35
6081 7274 64
7274 2918 84
282 7357 19
282 4897 46
7357 3373 97
763 7709 52
1671 3617 44
3910 320 77
3910 692 100
6082 5742 36
6082 5443 6
6082 1525 82
6903 7850 34
7850 1020 9
4237 4623 69
1236 7228 100
1236 5859 100
2642 3988 13
3988 5787 49
4586 1406 78
6698 222 59
222 3723 70
5842 4806 3
6320 7136 39
6320 6871 32
7136 4255 54
3411 4020 60
7437 2359 29
7437 5344 45
7350 3117 3
6981 5680 24
5680 5588 61
1171 4499 15
1171 1084 38
1171 3230 99
2508 1855 56
1855 4833 84
1855 229 40
1855 7688 45
6459 6337 36
4317 3134 50
4027 6626 82
6785 4636 3
4636 525 30
2638 4131 60
4131 347 56
3392 6893 52
7019 2735 90
7019 1390 22
2747 3105 94
2747 1202 28
3105 7501 28
3105 3921 8
7496 1673 80
1673 2949 21
5196 4520 77
4520 2714 37
2428 7599 54
7599 5199 30
3551 3563 76
4854 865 80
4205 1157 68
4205 3218 99
4205 2313 69
4205 4475 88
1157 3157 27
1758 5735 95
1758 7417 59
973 23 60
4898 1637 43
5334 2271 41
5334 410 70
5334 3472 87
2271 1369 67
5243 3515 11
5243 6101 16
5243 1035 22
5243 7079 74
6071 1282 90
4726 693 59
5938 744 46
1158 1502 39
2991 2170 66
2991 4836 73
2170 7294 5
2016 6378 84
2016 2918 4
2016 5175 99
6223 4696 26
6223 1902 11
4696 7172 86
4770 6251 8
4770 7857 6
5968 4860 79
4860 7272 69
6469 6125 38
5772 5788 11
5772 245 60
5772 3564 3
1455 2734 93
2734 7282 5
5592 4995 59
5592 2169 5
4995 2434 11
3278 1019 57
2870 1417 86
2870 3997 18
6054 4417 64
4417 6540 44
4417 3653 91
6288 6322 16
6288 2152 88
7684 3024 58
3024 7086 48
3024 371 62
2657 4147 94
2657 3990 50
4147 5813 10
4147 6720 84
917 5026 84
5026 5298 17
7067 6620 17
7085 3856 62
3856 3445 49
3856 1222 25
5450 4798 43
4798 1837 78
2718 2529 33
2718 4985 26
2718 7184 4
3664 3713 86
1601 3907 42
1601 2152 41
1601 3782 27
6473 2137 10
3894 6061 60
3894 7402 95
5845 4134 91
4134 6508 53
4134 5011 57
7635 5277 67
7635 7855 60
7635 7026 22
5277 7578 16
6925 1182 40
1182 1918 65
5056 3734 65
5056 5349 61
5056 177 21
3791 1762 59
1762 5063 14
1195 836 66
7739 6613 52
6613 6849 4
6613 2632 88
6613 3994 45
5957 2167 43
5692 3223 4
5692 797 30
4189 1884 63
1884 2701 26
7591 3601 61
7591 1063 70
4 4911 38
4911 3999 92
4911 5802 91
1411 4176 50
1411 6528 29
6484 5409 69
5409 2468 91
1790 1482 22
4575 650 38
7670 4207 8
7670 6801 52
4207 1366 15
6226 7389 57
4791 5021 41
5 2129 87
5 3298 67
5 5915 10
2129 4310 84
2129 6932 52
3990 5814 53
3990 2905 63
3990 7005 90
2896 1489 75
1489 4598 68
7488 1484 95
810 5532 100
838 2940 48
5992 4325 93
5992 6712 95
667 6979 42
667 2103 78
667 3088 49
6979 7370 36
6601 4307 37
6601 1578 45
6601 5720 22
6601 1164 61
3229 137 65
3229 7654 24
3229 3042 8
137 6579 54
137 204 46
6211 3151 8
3151 143 43
1930 7308 64
6357 5549 21
4822 7734 18
3982 3123 19
3123 7702 81
1776 1997 76
1776 2634 90
1997 5912 92
7753 2337 49
2337 767 58
6140 5080 63
2677 5859 27
6791 5517 61
5998 3941 65
5998 407 7
3941 5899 86
6362 489 43
6362 3414 89
6359 2548 30
5734 6776 38
5734 2090 57
6776 6160 43
1959 6669 25
6669 6205 42
3246 1397 68
7875 4182 21
2413 1951 36
2413 5199 84
2413 5258 6
1951 543 40
2701 2861 8
6869 7454 15
6869 3408 3
7454 5151 15
2242 7771 99
2115 6550 46
7757 6056 95
414 4867 51
414 4028 27
4867 1256 36
4867 6599 23
4837 1773 38
4837 1804 29
4837 3044 84
3250 4951 28
3937 2639 25
2639 4391 13
2639 798 39
2536 5863 10
2536 2614 100
5863 5914 17
5193 6742 58
6009 111 77
2581 3012 7
4126 3932 40
5813 2004 91
2077 1491 94
2077 262 39
2909 3370 48
3370 7326 82
3623 6686 67
3623 6677 34
6686 6213 41
6686 1566 17
6686 7430 7
6449 5177 85
6449 6909 28
6449 4122 4
6763 289 97
6763 5856 98
289 3861 92
951 5530 22
951 66 71
951 5199 24
951 7493 71
7843 2181 67
4986 7333 69
4986 3431 44
1715 3659 27
3403 3156 41
6335 5823 48
5823 2694 72
5398 6542 87
3280 4700 9
6736 6497 96
384 4292 8
384 7017 56
4292 6879 89
33 2035 73
33 5407 28
6752 3644 14
2297 60 12
2297 2407 10
2252 5356 85
2252 5100 71
7049 2152 68
2152 3679 28
906 7760 26
906 6580 77
7760 2375 15
803 2038 77
6784 1822 53
5544 4229 62
4229 5262 87
7393 5077 85
787 5563 34
787 964 7
7186 5105 46
4465 6584 88
4465 2983 1
4465 6147 89
6584 863 21
6584 2002 54
6584 4946 95
3422 452 9
449 415 16
415 1701 96
467 6932 18
6932 2869 33
6932 2807 14
5943 1753 47
5943 2954 18
1753 1954 46
1753 5087 17
6815 2567 95
7711 4552 15
1129 5995 55
5995 1914 60
5995 4991 29
3022 6653 27
3022 6480 85
3022 6696 30
3022 3315 95
6653 4045 91
6653 3115 62
6653 1291 44
5682 7614 51
5682 2616 39
5682 4267 77
2109 6186 84
6807 1147 92
1147 5142 64
231 3321 69
231 2149 84
1021 3837 99
351 65 83
351 7081 76
65 2065 64
7607 5452 2
2476 2675 30
2675 7744 73
4220 53 71
2099 4952 84
4952 4304 100
3088 2248 67
7324 6329 58
7324 1447 71
6329 1519 60
5047 3314 98
2244 1874 76
2244 5337 93
2244 5370 41
1874 3524 63
808 5096 8
3646 3610 19
5974 2228 88
5974 3812 3
5974 5405 5
5048 2969 44
2969 5662 51
2969 4689 19
1037 5745 27
1037 4231 43
1037 7199 19
5745 2953 22
6002 7162 93
6002 4026 97
3800 2322 23
479 12 8
12 3360 73
2635 5809 82
2159 6079 78
6079 6175 42
4511 4828 89
4828 1375 16
2406 3736 71
3382 864 35
3382 6519 45
5199 7552 69
5199 2872 66
4494 2286 60
4494 6637 97
2286 1494 35
3747 1960 16
3747 3274 90
7700 1112 42
2884 584 9
5353 5327 2
5353 804 46
5327 335 51
5327 5917 13
1886 2588 27
2613 7220 55
2613 7621 66
2613 5829 83
4442 7094 74
4442 2830 67
3593 657 76
3593 2421 90
657 5104 88
6464 655 100
6464 1321 22
6464 5593 7
655 6114 36
7674 4614 38
7674 4308 76
7674 420 46
7674 4753 39
4614 7748 41
6219 64 59
6219 5458 98
6219 1328 37
5175 3902 37
5175 3057 50
5078 1181 14
1181 4249 68
4914 2669 15
2669 4681 21
4989 252 92
1309 3192 57
447 7122 77
7122 5201 12
642 4250 25
642 7187 65
4250 4440 66
4250 1126 75
4250 1166 31
2460 7879 25
3247 5564 89
2155 5107 85
5107 6959 33
3421 3507 49
3507 5868 92
6503 6291 10
6291 2439 7
260 2880 76
260 6598 74
2880 615 11
1494 7177 10
4289 1661 64
1661 7560 99
1661 2032 35
7823 796 88
7823 383 42
4676 4127 30
4676 4322 88
3508 652 31
3508 5401 99
7022 1523 83
2433 3788 26
3788 978 5
488 2090 96
488 4781 50
2090 4226 54
2090 748 17
2075 7665 26
2075 5283 26
7665 4064 2
7665 4675 4
2206 6006 88
4078 896 40
4078 1861 14
4078 7800 55
3285 619 74
619 7831 34
619 5721 2
619 2559 7
7852 3360 50
3679 1657 67
3679 3084 54
3679 1911 64
2238 4518 26
2238 1882 41
6909 7550 30
2091 3242 61
3242 1372 23
5903 1150 84
5903 2345 23
3903 7492 4
2757 1306 51
1306 1602 82
1306 4391 63
828 6444 90
828 3383 15
6180 1217 58
6180 5954 61
5695 314 13
314 2416 37
3932 4814 18
3932 6682 75
3981 4370 14
3981 769 98
7036 5987 90
7036 851 56
7036 7502 25
5987 1362 7
458 5004 74
2597 1728 40
288 4108 96
288 6574 14
5946 17 50
5946 5152 34
6665 2739 14
5302 5202 71
240 7865 40
240 3391 8
240 23 54
7865 4999 61
4493 1051 96
4493 6506 27
992 3964 94
3964 7833 16
2012 4064 19
4481 3891 83
4481 2699 93
5706 6681 58
6681 6618 87
969 1927 15
1927 4665 94
764 6387 84
764 4000 12
1513 7187 22
2430 6574 98
7330 5675 76
7330 958 90
1156 6695 87
1156 5127 13
6695 5952 11
6695 3978 46
4568 136 86
5761 1586 86
3713 632 46
3713 7495 10
1918 3319 44
3319 4630 85
6656 1863 81
498 940 24
498 5917 99
7294 2188 53
7294 3079 44
2810 7089 52
2139 4659 98
4659 363 32
7194 5018 25
5018 4169 99
5018 2440 55
5284 4748 39
5284 7726 70
3218 5574 18
5912 1546 36
558 500 8
880 5222 99
1330 2257 14
1249 5715 70
1249 72 87
2632 7633 6
2632 3542 32
1843 6019 15
1843 7180 13
1843 884 27
2269 1277 36
1277 3377 93
7450 4362 83
4362 5149 48
4362 745 44
769 3406 81
367 5986 24
367 4143 32
367 7478 46
5986 5802 10
4745 1008 39
2682 2323 98
149 856 75
2671 2079 13
2671 7084 43
6381 1785 70
7857 697 74
2483 4868 16
4868 5634 79
905 6611 34
5926 7252 50
7252 6115 83
3530 4326 60
3530 6064 100
4638 4184 42
4184 3241 84
7199 3373 59
7199 3074 64
7017 6429 96
7017 6307 78
4107 2176 89
4107 4978 9
4107 5185 10
4904 7048 22
7048 6273 13
7552 1799 97
7630 5023 65
822 6652 21
6652 3016 35
5376 4816 9
5376 6406 33
4816 3936 79
679 506 10
679 7410 74
679 3335 61
506 999 54
506 1527 48
7041 7503 86
7503 379 44
5720 6518 69
5720 2380 26
6568 3666 3
6568 1079 63
2918 6334 84
5918 5878 97
5878 4711 6
5878 2631 60
7855 2318 88
7855 6358 66
2318 2593 97
2318 7482 85
7597 2225 54
2225 6680 9
6264 7300 14
6264 59 33
7744 2192 7
7744 6438 80
7744 2376 88
2640 4651 52
4651 3267 87
4651 4946 17
4471 7529 42
4471 1372 34
3362 6413 30
6413 2347 48
6413 3690 13
4975 6173 3
4975 557 63
1627 6878 51
1627 7182 67
2861 7200 4
2861 5413 71
7229 1017 57
1520 854 23
854 5919 73
854 5747 1
1690 3076 59
5274 5785 33
5785 2186 90
4403 6635 64
2101 3484 83
6746 5248 70
5248 7455 67
2203 601 97
3107 5122 49
3107 5071 20
5122 1575 29
5122 7047 94
5195 6237 96
4842 5819 6
4842 6301 50
4842 348 64
5819 7025 16
6457 7807 31
2084 3128 42
2084 4695 90
2084 1713 99
5420 5780 46
5420 6637 33
890 6733 94
890 1989 6
6419 3734 61
7644 4011 37
5923 6993 73
6292 107 2
6292 7161 81
6292 4958 36
7829 583 38
97 4384 65
4384 3476 99
2439 116 62
565 472 17
1736 2394 3
2394 3526 88
2394 3098 3
999 6879 69
2800 6808 17
2800 7548 38
6808 3686 27
2087 3130 32
3130 874 55
1998 5268 4
1998 4965 79
3682 5254 1
5652 1293 33
5778 2220 92
5778 3758 57
2418 3099 52
3484 6990 30
3484 365 74
3847 2993 82
2458 777 9
3919 1074 9
3919 754 3
3919 2350 87
1074 178 9
5003 6207 98
6207 5584 61
2928 2954 91
2928 239 16
1369 6821 22
1369 3552 21
7075 1273 49
3100 336 7
4578 4129 29
4578 3007 57
5460 4243 83
4243 3983 44
3057 7397 45
883 5349 58
3681 6182 44
7059 5138 55
115 508 20
508 6810 4
3075 6243 77
6243 3279 16
6243 1973 66
460 2048 27
1092 1405 34
1092 6478 81
1405 4263 63
1166 2667 56
1166 5132 35
4619 5896 46
5896 7661 25
5896 4190 26
5896 2211 26
1708 5812 92
5201 448 52
5201 245 35
7315 835 19
7470 3232 44
3232 6896 13
392 2694 83
5909 5536 4
7305 5550 50
6216 358 22
6216 5300 10
7329 5834 47
5834 3376 10
5834 162 18
7647 3732 55
7647 2905 21
7647 2559 86
3732 1167 83
2398 6572 78
6109 5385 38
3129 7055 1
3071 7585 33
7585 4697 37
974 4894 70
2201 1786 26
1786 4315 100
3493 7654 67
6182 768 82
7348 7241 51
7348 6560 40
7241 3570 93
5092 2534 14
3496 7447 69
3496 2424 85
3306 2194 5
4159 78 74
1590 6827 18
1590 3971 2
6629 5586 64
6821 5298 81
5712 3354 35
6959 3872 72
3635 3300 10
5859 2573 62
6770 894 61
5337 5521 93
5337 7561 20
570 1614 99
4643 5326 99
5628 4684 42
7663 5007 15
1114 148 46
3762 2237 74
4514 6299 47
1986 6475 97
1986 5208 100
6475 7231 20
7370 4006 32
7370 4549 47
4626 6812 32
3334 1240 96
4754 5769 65
4754 2903 39
4754 957 2
1629 4920 99
3944 1252 98
299 1931 93
7694 7540 66
7694 7834 33
5154 6188 16
5154 5469 57
5154 4591 48
226 2836 94
1892 1006 60
5412 2857 7
5412 1515 94
1491 4141 100
1338 2662 76
2662 5877 13
7766 2221 75
7766 3614 33
1009 55 32
1009 3936 61
1009 5822 11
55 1840 57
3562 6319 20
3562 3483 18
144 1756 58
7086 1582 16
2986 3019 53
2986 41 88
3916 7434 69
4284 3166 74
6876 3588 92
5375 2826 58
5375 7534 84
4244 5733 22
4117 4946 4
4117 5099 73
117 3640 29
7312 6380 56
7312 4809 7
363 5363 87
7671 1813 62
5142 1477 81
5787 7188 24
6623 4054 88
4054 7521 90
936 1219 69
936 7524 43
1742 6502 19
2464 5567 55
5567 4082 93
4913 2219 38
2219 2295 27
4450 4238 4
4450 2044 81
3391 4719 36
4719 5472 88
4719 6942 16
4719 6571 7
4895 6115 68
4895 3810 77
1434 1106 55
1106 3760 57
3226 2003 94
3226 6700 1
2003 1354 62
6742 580 78
5263 5390 71
5263 4073 84
5263 3607 31
5390 2409 20
5390 3700 56
7797 5873 17
600 4062 97
600 923 61
3971 3305 38
4434 7319 93
958 504 93
3760 1013 88
4082 1759 57
4082 6818 90
4680 4753 92
4680 4116 21
4970 6231 83
4099 3958 32
700 5117 18
700 1970 45
3645 7109 76
668 5311 24
668 7124 55
7376 443 18
3102 599 4
7845 1861 42
7845 15 62
7845 4962 21
2103 1815 71
6236 2157 31
4175 2915 30
5275 2440 28
2440 404 49
2440 7007 45
5352 5997 26
356 4010 94
356 5866 60
7578 1516 37
4589 6321 17
5570 1004 18
5743 3628 6
3628 4539 59
3142 7157 32
1801 3444 57
1801 756 46
1801 1535 71
3678 1754 10
1754 6080 62
5100 6486 98
5100 2291 36
7609 7577 36
4232 3908 7
200 6093 82
5660 3369 82
2291 6283 38
2869 3179 96
6406 357 81
357 5325 41
3444 863 64
4440 3449 67
5063 7494 41
6557 2314 40
6557 1452 64
2314 2025 93
790 706 49
790 6593 2
706 5299 65
4106 3867 32
4106 3706 66
4106 510 84
7172 4996 100
7172 2188 34
4996 4682 29
1173 7253 79
6375 1556 44
6375 6677 77
1556 2894 97
1556 3157 31
745 4609 100
745 2791 86
627 1936 4
627 4717 52
6844 4390 18
1245 1050 97
4075 5383 95
3895 168 51
3876 1889 90
4074 7689 62
7689 7602 88
3685 2482 33
2482 4435 37
5600 3254 98
5600 5807 13
3254 1286 83
1005 6889 81
1005 4664 91
746 5593 40
3145 7127 61
3145 7582 18
7127 7309 70
956 6000 78
3346 2751 28
6331 6447 39
6331 5537 71
6184 3691 47
2437 6003 76
2117 4900 27
7472 3238 57
5877 5935 7
5935 879 28
477 971 6
5413 5457 53
3194 5146 68
3194 6894 54
5146 2454 21
6138 775 37
5723 5669 5
5723 4701 6
5723 3098 71
3924 4236 26
4236 4428 35
1255 87 44
1255 4675 45
1124 3307 40
1124 4596 33
747 7138 18
6953 6927 42
2779 4594 16
2779 3642 61
7460 5231 32
2380 4479 70
5172 5663 96
1328 3417 50
3936 1744 82
1744 4712 70
1744 6001 90
716 2849 31
3045 4323 87
3045 2299 49
4323 5565 13
6870 5373 87
3483 6047 34
6047 1971 86
2813 6119 75
688 1098 58
4352 7582 25
6567 3162 45
6567 1978 9
6567 2752 41
7106 7808 40
6863 970 98
970 2641 62
970 6058 45
109 4833 4
846 1905 90
3192 6267 14
379 1521 83
379 5212 48
1521 442 69
3064 6558 60
2017 2196 89
2017 1850 11
4669 6107 31
4669 1269 70
1471 5040 88
7548 693 53
7825 1560 35
238 3880 55
3880 5673 38
3880 4485 14
3880 6602 87
3267 1542 46
901 7841 67
4926 7359 59
4926 486 40
1250 1979 13
3517 7444 86
3606 1463 12
6792 5777 99
6792 6931 50
7846 4616 89
4616 7736 71
7155 7601 54
3110 6881 75
2679 547 11
2807 2520 36
1141 5821 63
1141 3584 52
1141 3051 68
183 1389 47
7743 3996 43
7743 365 7
4214 4248 68
4214 4687 7
4248 76 70
5295 3193 13
3193 2744 14
2164 960 59
2164 1052 49
4347 3164 1
3164 4269 12
3164 1144 77
2053 2370 35
7340 6177 92
3572 7867 18
4833 5547 80
6532 1279 13
1279 6617 93
5280 980 47
194 7749 94
6898 5623 93
3701 3680 59
3701 7619 68
1194 4661 45
90 990 97
990 1098 88
990 3770 28
2399 5648 47
3926 3699 92
615 2898 17
3460 7303 48
6671 1091 57
6990 63 16
262 5387 70
1372 502 10
3765 5571 45
5571 7557 43
5571 364 73
5363 2350 22
2026 2765 69
1551 2934 63
2934 3686 89
6643 2260 21
2260 2903 71
1321 7777 95
858 5767 66
5767 4588 95
5767 6645 8
5454 7618 39
851 1689 33
2480 2871 67
18 5463 71
6004 118 46
7535 1607 19
1607 430 36
1573 3787 30
3260 2142 52
2277 5493 17
7523 4502 81
7523 2493 95
3431 2022 89
7167 1976 90
7167 6424 65
1976 1701 71
7365 937 91
3585 4245 58
3585 1241 92
7883 4269 95
3132 7302 90
4341 4731 54
4341 5312 95
3789 1019 94
7369 6924 24
7369 5313 95
6043 1356 34
340 441 86
441 1007 91
2136 629 21
4231 849 3
6875 6276 41
6276 7046 74
1966 1709 94
1966 4133 54
3636 3966 13
2052 3217 70
6720 2663 65
5705 1262 98
3841 4042 57
3841 6570 24
372 7873 62
1842 7712 87
7712 1757 77
7712 1659 91
2983 3752 62
3752 4089 66
4959 5572 19
4959 1307 41
5572 6355 53
6949 6130 99
6949 5272 7
6949 6214 54
6130 6407 51
4046 4891 94
652 2862 71
7804 518 100
518 6825 4
518 1922 94
2977 3591 99
2977 7479 53
190 1563 38
1563 2290 41
2634 3913 54
3862 5456 52
4045 4847 85
5568 3584 85
3860 4823 68
7501 5694 32
7501 3922 79
4596 6894 35
4596 4247 95
1312 2546 29
748 2974 68
748 1619 62
2021 5171 30
2021 3869 98
3538 1922 22
1922 2449 86
3412 3336 31
3412 1443 75
4073 7511 58
4073 5849 4
348 50 27
1592 6882 70
86 7142 89
6067 5351 3
5351 5101 72
6796 5875 62
3801 1132 26
5759 2104 14
5759 6607 49
997 7417 91
4905 2005 7
4905 169 12
4963 274 12
796 3042 61
133 4993 99
133 153 55
133 5789 15
4993 2427 74
1602 1251 80
1251 4227 70
1701 3655 26
1378 4979 74
2743 352 63
318 5696 41
318 2278 14
5696 3016 39
7171 7512 1
3495 2863 15
7023 6717 3
6717 834 69
4787 2445 79
4712 4193 38
85 6065 23
6858 3878 53
5641 4707 78
47 3086 36
6999 5488 1
4687 7033 94
7513 4799 91
7513 1622 23
5020 5671 85
3012 7176 24
4663 1046 37
4663 3655 33
3282 7848 97
1341 2972 61
2462 1043 61
2462 3604 55
1681 3835 78
1681 4348 15
1044 6439 65
6439 436 30
1650 2472 3
5102 5793 13
5793 553 35
2944 2594 91
5160 7860 83
6957 5599 22
4848 6284 72
4848 7143 97
4848 5165 94
5565 1392 13
4309 3386 57
4309 450 90
3386 566 91
2722 4056 4
4056 145 63
2353 2996 79
2353 1507 11
6700 4310 86
45 5106 22
3792 2013 90
5190 5446 65
5190 1149 64
5546 5012 21
7793 268 47
5839 3044 98
7314 2023 28
3692 1854 91
3195 6931 41
4510 1760 41
7238 5941 56
5366 5260 76
5260 6599 20
4365 4092 43
2907 6015 8
6015 1370 34
2280 4922 91
1025 5870 2
524 6848 14
5749 2706 62
5749 6014 51
2706 4653 8
6214 2258 62
6214 2148 93
6214 1481 83
5962 648 9
420 204 22
4143 6285 84
4496 5119 1
4496 2801 76
5119 4955 88
3432 6748 92
916 7269 16
6965 7600 44
6772 4161 81
4161 3748 6
1908 239 60
7367 6553 15
360 5579 26
4219 7499 82
2405 1686 76
2405 3437 40
2637 7567 21
1313 6818 90
1639 6757 3
6062 6947 39
6947 7364 8
6395 7413 73
2838 5464 36
2838 6809 80
1043 3984 67
1043 3451 37
358 3191 91
3215 7516 76
6327 2475 27
2475 2315 9
1614 4670 22
6261 3005 93
6261 1189 28
3005 3410 3
4843 5686 86
7272 7223 23
3748 989 53
5046 2890 14
4716 5197 32
5197 3853 37
985 3082 27
3082 5630 59
5775 7837 99
39 6740 52
1063 2712 66
1348 352 51
1348 1331 44
3363 4872 31
4872 830 32
2184 3187 72
2184 182 93
4222 7257 91
4222 5907 26
7257 2855 66
6596 6352 8
6352 3885 92
6674 1097 2
5300 328 100
773 815 44
815 4655 43
1385 6328 58
6355 6569 72
4305 752 49
4305 780 78
4305 368 30
752 7442 85
1670 2976 61
733 6458 37
6349 3429 72
6349 2336 45
1247 7297 60
6572 2212 78
5252 94 50
6621 5678 13
5633 6476 66
6391 1598 40
6391 1139 33
1116 4430 43
178 4413 88
5108 324 33
5108 4098 66
5108 1477 1
2095 5970 39
2095 2556 61
1558 4580 86
3295 4123 36
813 1221 70
1221 5555 32
1221 6523 82
2582 6587 80
7699 4065 12
3459 2273 29
2787 594 33
594 7713 84
5925 4815 38
11 4194 55
2098 4925 78
6016 496 100
3779 953 78
3104 5627 33
3104 7828 94
5627 4268 30
5456 5836 82
2281 6178 52
2281 571 11
2281 5466 55
158 829 21
158 3355 88
3974 3897 79
3974 7579 54
4815 2032 18
2032 7798 69
2032 923 97
3656 1504 33
3656 1099 57
1504 5560 2
925 3154 5
2814 2204 91
5500 7258 81
3523 6905 72
1612 3348 53
3993 2845 31
3993 5091 13
1177 347 1
347 1257 65
462 5394 19
4272 4681 15
5419 4137 99
2964 7519 49
2964 2859 57
3271 3118 31
3271 4727 59
3991 7052 94
7052 284 56
826 6460 100
5245 5392 83
4026 708 3
23 3224 21
6789 2868 12
2451 7267 9
770 4706 5
4706 4382 89
6407 191 63
191 4447 81
4355 1143 70
4355 3399 22
128 35 27
4936 6787 57
4936 5264 48
4936 5344 48
6787 3039 10
2781 7679 1
7679 3436 57
4635 2851 42
1047 3568 48
1047 6958 78
5035 2383 38
3290 2199 98
2199 6612 78
3591 2519 40
5534 2432 80
5534 1066 12
5534 623 51
1902 6688 95
286 3774 15
5664 1030 11
4041 6853 99
5792 3949 73
5792 7559 42
3949 5116 58
5097 1003 48
4366 6747 40
6266 1493 69
1493 3921 27
1493 419 65
532 4449 96
2686 6830 76
6033 1076 94
1076 5966 13
3947 4584 95
245 2806 39
6242 2369 97
3046 5588 27
5588 5374 93
5588 2133 29
5180 1085 83
430 1692 95
5268 5037 33
3532 5683 14
4129 525 99
2477 7479 37
3997 7175 51
5466 3920 9
5466 1284 24
1127 4311 43
7270 4095 11
4380 2783 63
4210 6615 16
3758 4322 30
3376 6580 36
3840 5320 75
4472 7704 19
7704 4896 94
7704 410 79
185 5286 98
4022 7347 49
4040 5143 2
4313 2343 70
3038 6020 47
1344 1210 16
2246 2224 80
2246 5560 6
2246 651 57
4310 687 19
6340 4023 28
1580 7546 29
2612 3696 25
2612 6976 77
1503 7128 75
1613 4557 79
1613 6627 89
3178 749 34
4295 732 91
1209 737 82
737 806 17
1327 1387 80
3984 5447 62
6468 921 10
6468 2059 3
921 4255 6
6053 6662 94
3109 5229 40
502 6773 62
1749 1714 39
2031 4664 81
1105 4030 38
4630 1806 91
1190 6842 88
5948 646 20
1604 3571 44
309 3707 21
2025 6483 27
6483 4908 86
4640 279 51
4640 2965 32
612 5477 100
4810 2631 6
4810 3627 50
1467 1824 62
153 6874 12
5560 6578 59
2293 7478 81
7478 1128 12
3704 715 45
715 4870 27
1704 6405 6
1704 6248 39
1704 1424 60
2251 4527 73
2911 6031 94
7316 3605 32
2552 6360 37
3115 6603 83
6497 405 82
6610 5325 36
3738 6523 86
3738 325 50
6523 3228 16
5656 4839 61
4839 5090 22
2300 1256 10
2300 3439 19
1848 7097 15
169 2758 31
6733 4279 61
5684 2576 69
5708 1640 66
1640 1464 58
545 6538 28
5168 5131 32
5168 6884 55
7836 857 44
7560 6089 80
840 7505 65
7505 6672 48
6719 5947 55
1868 4391 22
3627 1064 89
434 1935 49
4620 3089 58
2713 3702 26
2607 5084 36
2607 4038 70
1349 702 32
1692 7382 51
3552 229 87
4728 7586 54
5988 5637 53
5071 2733 51
1657 3527 61
605 4221 58
5700 6548 82
5700 4695 45
6548 6023 64
380 5185 45
5185 1677 50
4463 3234 54
4463 6289 31
3830 306 49
3830 4211 92
3519 7327 71
1830 7827 93
7827 3371 11
2605 7179 71
4485 6198 66
3634 2608 68
3634 7342 78
1346 5609 31
5447 6672 25
6672 4144 58
566 6837 96
6837 4962 7
493 5483 24
5483 5206 40
1178 7197 13
3147 5702 1
1844 7354 27
1844 5391 12
3347 4342 99
6248 1001 70
7651 3545 55
5735 3505 18
4428 6639 56
468 2763 44
673 480 13
3063 5116 92
3063 5159 51
5116 5717 34
4912 2922 69
4912 3977 17
2049 5216 71
5087 4211 65
6095 5358 91
6095 7174 64
5358 6094 44
1858 7785 72
3189 4607 71
5110 5152 39
2595 4091 91
3853 7279 90
1971 4279 41
1500 6834 89
6834 7818 18
4077 7337 91
4522 6676 11
2834 1726 19
5485 2330 39
5485 1223 38
5865 7323 64
7573 2040 80
6076 6433 92
6945 2261 79
1994 7469 66
1994 6919 96
7469 5186 18
3131 1468 35
1468 1510 50
1475 4344 14
4344 944 24
2188 105 83
3085 7090 79
1404 7298 69
6593 6092 14
6593 7375 26
693 3796 46
693 4114 48
4279 1743 51
2858 7641 91
2858 5236 64
4202 1987 49
4202 5551 22
3061 4055 10
3061 6127 38
1148 4813 100
7518 161 56
4246 3963 21
3963 2980 98
5768 3350 73
7375 4431 91
3772 4901 64
7500 4851 100
7590 5526 7
122 6069 14
501 5404 63
3766 6729 20
5038 7005 97
4940 5312 88
2412 5313 6
2412 7542 3
7882 2146 6
3839 2102 5
6472 6575 79
739 3651 42
388 6938 48
2878 1518 3
3852 5913 48
4283 1879 90
1879 5615 15
797 3101 7
5587 3201 46
3201 3724 53
4695 7870 21
7745 5167 35
5167 5889 23
3526 7809 24
7774 966 29
6701 5561 27
6701 6485 50
6401 6096 10
1291 5651 30
2938 2315 35
4111 2962 30
5728 1849 7
866 3865 80
5585 4271 53
7212 6314 44
2473 3341 50
5921 6728 40
4971 1788 16
7033 52 32
3161 6014 58
4276 7619 41
1929 1437 95
1437 7105 77
692 779 2
6588 2995 40
6961 4883 33
4093 5408 43
3615 5631 47
1179 2431 21
81 4532 13
1274 3222 90
2790 4446 78
5293 2312 91
2268 6997 35
1647 4797 77
1647 3219 85
3687 57 69
484 1018 19
5482 3928 25
5482 2359 99
3928 7363 29
830 593 39
6651 2941 20
5000 5473 11
5121 4741 98
6060 2438 60
3653 5531 24
5535 7287 85
4562 1464 50
4562 3406 88
4456 654 73
3204 2479 52
4233 1153 5
6361 3420 49
3807 2978 77
3807 2626 93
2454 3833 76
2454 6536 82
6039 7528 51
2097 595 89
595 4743 37
1816 4475 40
2651 1921 56
6598 7213 21
6598 4714 99
932 3103 24
1883 741 94
1883 1812 99
4142 6920 41
6154 14 12
301 3155 2
301 6034 8
3155 3757 16
2132 142 99
4462 1605 57
2629 7623 94
944 7400 54
944 4167 100
2526 7235 77
4610 4500 22
1222 2753 81
5318 1077 99
4135 7332 59
4135 345 47
7820 7280 32
2842 2547 91
898 6159 4
6159 2205 75
4128 6280 55
842 7362 24
7362 1841 42
3365 4558 3
3989 4252 14
4426 277 14
2633 4605 2
4605 6208 13
1559 4050 62
3721 616 85
2760 1654 35
3556 4204 92
2173 4888 74
2173 873 34
5236 6636 39
5730 499 37
1128 3318 96
487 4399 70
199 2492 47
3051 2738 90
6744 4152 30
4541 5421 36
2744 106 80
4539 5439 26
1674 5932 57
988 2719 48
3070 7260 4
5516 6166 45
3537 7139 48
2279 4694 49
2279 5256 16
4694 1815 99
1314 5455 94
834 5133 92
4969 403 69
5426 3854 16
3854 1268 30
1901 2249 85
1027 6648 33
3819 4003 47
6749 4627 93
362 3497 67
437 3475 39
3475 2955 41
5209 6304 84
2254 1659 28
806 5690 35
3180 4484 10
5287 3402 77
1469 7392 89
339 4929 18
2961 976 93
4145 927 95
1213 7819 70
7819 2600 19
687 1284 95
385 2390 43
2390 5031 93
3671 6759 30
1474 1564 55
4650 26 79
5029 7755 8
7755 6146 24
2965 2068 46
2965 5184 87
4330 6983 6
7432 4826 50
5415 5892 1
4144 419 24
1333 6058 22
3039 124 70
3039 1729 29
344 3836 83
2601 313 4
1399 393 74
5860 5289 89
5289 3474 75
4162 1465 86
628 4385 46
628 6345 43
7003 3845 93
3845 125 61
4622 206 28
7524 4424 69
568 197 71
5630 7250 43
608 4052 7
32 2125 57
2125 4721 96
3177 3512 87
3512 2396 91
6696 455 27
6244 201 80
3906 4476 91
4254 2092 37
1296 2316 74
1296 1566 77
7363 2968 80
7088 470 58
4043 4120 3
4043 7822 25
3073 5598 49
1408 6409 12
3487 2425 63
3487 1630 35
1118 677 19
824 1100 44
5557 2866 93
2551 7707 43
4267 2138 60
4125 3697 46
3697 3272 57
4871 3237 25
7208 5538 73
2593 2213 91
6939 5582 87
5582 7568 71
7266 3595 51
2419 3003 34
3821 5062 42
419 6750 53
419 1184 85
1911 7844 48
4253 2162 39
5861 2778 30
497 6450 36
4029 232 12
42 1577 77
5605 5543 38
4747 2887 23
52 5754 59
945 2939 19
2622 1088 8
1088 1324 94
5016 1117 4
7025 576 45
4629 1461 31
3253 1907 39
6832 5718 1
3575 1962 22
2758 3067 68
3084 281 38
6090 6918 12
1202 6725 4
5292 4617 38
5065 1771 30
6174 5931 4
7442 2919 79
2730 4275 16
7232 3506 100
68 3139 34
6072 4432 36
1480 3078 92
3172 859 19
3172 7690 9
2307 6274 16
7678 3740 20
1633 5651 40
1633 4705 50
7024 5900 89
4451 757 73
1237 173 90
2600 7604 41
6347 3514 33
2002 4051 98
3300 6270 26
676 5305 60
7347 5657 91
5442 5811 25
682 965 91
546 5655 77
5655 1837 33
4984 7403 53
7884 1638 32
5864 4460 75
6121 4102 77
4585 6706 84
5355 2820 16
7361 1123 43
5539 1261 38
1261 3624 85
918 537 79
321 3917 60
5714 13 21
5424 3501 23
3838 5073 63
1204 6625 67
5031 6133 67
6133 4118 72
5786 3820 52
5729 433 68
2681 2197 89
2197 1207 54
4103 3925 21
1072 3561 40
7189 1973 68
7265 1860 26
3972 6985 3
4618 3437 26
853 7657 6
514 4718 23
514 1825 34
3472 7765 33
7452 4407 44
5676 275 95
1391 266 100
2096 5129 70
6836 2946 74
1223 4673 68
1631 5198 19
4364 2550 96
1000 3581 73
2022 4727 5
3297 2348 68
7 7649 68
5906 22 70
7864 341 68
160 2306 85
1917 1938 53
4889 3009 28
6257 2071 53
891 1212 30
1212 5629 68
4988 2525 74
2525 2792 94
7289 776 24
3770 3170 54
6221 6151 56
5045 3036 4
5045 6937 80
1571 3069 61
4855 4118 5
5403 947 14
1476 1737 69
6263 5895 95
3275 3286 38
705 7002 3
7002 2230 26
4086 5665 3
3434 2644 56
6908 2910 82
954 3900 5
7532 1746 42
4488 1620 99
1203 6969 98
1531 3251 99
6813 3709 63
5804 513 97
2367 6845 18
2513 4017 96
2114 2924 38
5950 2166 100
7116 3335 18
3281 5848 78
7254 2786 3
6691 7196 84
4281 6718 68
5709 4862 48
647 6452 70
3705 5871 51
5220 1134 11
2854 1610 37
6756 4892 44
1817 401 84
3031 3026 18
3121 7153 99
6809 7103 13
1080 4296 44
3015 3200 20
1350 459 16
5331 4829 43
6603 3388 78
3509 2189 37
7443 6709 97
3899 3221 87
4534 3987 10
2670 98 39
6811 2621 45
1722 2816 79
4113 4314 5
3359 7204 26
1103 1570 15
2692 7035 96
4455 1299 68
5774 1864 89
1401 6502 23
7371 73 91
3183 6408 93
2564 882 50
3550 5210 37
4637 5971 5
3739 7209 1
2302 7445 86
5081 6624 71
457 542 14
5799 5827 55
4066 7095 11
5505 1907 95
3574 1725 24
3407 5554 8
3396 6277 9
5486 3616 57
396 6373 11
5324 6181 59
5835 2624 17
559 7701 30
7652 4921 97
1983 2803 90
4722 6097 8
2387 3236 16
6229 474 94
