3586 2701 39
3586 198 24
3586 1265 15
2701 2694 52
2701 2054 16
2701 3555 25
2701 423 18
2701 3502 100
2189 1340 66
2189 1192 56
2189 2387 19
282 2357 88
282 144 30
282 503 32
282 3184 49
2357 57 65
2357 1991 72
2357 1376 83
1159 654 73
1159 2436 94
1159 3112 20
1159 745 3
654 948 57
654 1696 11
2630 1976 99
2630 702 57
1976 1868 33
1976 764 74
1976 2037 92
1976 1415 54
1976 1796 97
3906 2922 31
3906 238 1
3906 1738 33
3906 519 11
3906 3463 73
3906 3005 21
2922 2892 12
3685 896 54
3685 287 24
3685 856 73
3685 361 17
896 2001 9
2764 254 96
2764 458 44
2764 209 52
2764 3760 21
2591 394 61
2591 1556 96
394 2448 81
394 991 21
394 184 37
3048 1964 69
3048 3112 21
3048 751 99
1964 3837 67
1964 1815 21
1964 2936 89
1964 997 84
1964 3846 55
2517 3023 57
2517 3653 77
2517 1887 25
2517 591 3
3023 3783 37
3023 1263 1
3023 1885 87
3023 20 48
3023 3188 85
791 302 89
302 806 94
302 2135 86
2991 126 48
2991 796 23
2991 3636 69
3827 2840 11
3827 3166 96
3827 3881 89
3827 233 78
2840 1220 80
2840 1397 10
2840 2143 29
2840 1139 22
2840 3264 67
2840 2877 64
2840 1701 19
2840 3858 27
3412 1944 53
3412 2000 75
1944 1390 21
1944 3339 4
849 3473 8
849 2553 58
3473 1890 83
3473 1389 15
2634 3182 33
2634 2134 77
2634 2105 1
2634 1754 72
2634 1855 54
2634 198 31
3182 1931 26
3182 1697 73
3182 95 68
2512 1254 13
2512 3245 39
2512 2113 58
2512 3181 40
1254 2948 25
1254 1578 22
1129 3905 44
1129 2163 76
1129 2320 31
1129 1814 28
3905 1130 97
3905 2174 24
3905 432 72
2776 1016 81
2776 136 8
2776 3917 24
2776 1010 45
1016 1385 86
1016 1758 56
3096 49 79
3096 3818 17
49 2020 40
49 2348 40
49 82 11
49 2847 31
1760 1573 16
1760 509 90
1573 740 75
1573 1604 97
1573 348 10
1573 3625 64
1573 2048 77
1573 2294 16
1573 3 70
3729 2585 49
3729 1814 26
3729 1615 95
3729 1776 65
2585 1972 90
2585 72 6
2585 909 74
726 3671 35
726 313 46
3671 519 23
969 1082 4
969 1827 39
969 3633 11
969 3172 55
969 1268 51
969 3457 17
969 1037 95
1082 2822 63
1082 3829 16
1082 1435 86
3136 2581 30
3136 1183 12
308 624 20
308 1103 56
308 2375 54
624 2969 8
624 3876 14
624 1767 77
365 1443 18
365 1970 85
1443 597 85
1443 1861 92
2956 446 45
2956 560 68
2956 2093 46
2956 1123 25
2956 2654 79
2956 3114 64
446 1865 52
446 1675 15
3437 1668 76
3437 2079 8
1668 738 71
1668 1811 92
1668 1341 46
1668 1288 60
1668 3053 23
1472 1807 48
1472 3902 76
1472 1255 85
1472 3640 92
1472 2617 79
1472 1750 69
1807 318 64
1807 2083 65
2508 2486 89
2508 3907 40
2508 1829 88
2508 1017 9
2508 792 20
2508 2600 98
2486 464 39
2486 997 65
2976 2241 79
2976 646 32
2976 3591 42
2976 2482 66
2241 747 34
1004 1028 67
1004 464 47
1004 3134 47
1028 3228 19
1028 3283 10
1864 3911 79
1864 2494 63
1864 3266 60
3911 3313 24
2467 2710 75
2467 1979 33
2467 3634 20
2467 149 68
2710 2811 20
1986 3696 63
1986 2307 94
1986 1671 7
3696 577 44
3696 2123 6
3696 1434 1
613 542 51
613 3923 64
613 3719 84
542 273 26
542 769 99
542 2859 2
542 1511 100
1185 2680 13
1185 2116 47
1185 18 58
1185 2959 66
2680 3203 26
2680 3670 44
1011 1537 2
1011 1003 13
1011 562 64
1537 574 90
1537 2813 5
2657 3208 83
3208 201 65
3208 2229 10
1567 166 19
1567 205 92
166 346 90
166 1126 13
166 1675 44
1373 891 37
1373 3645 38
1373 140 89
1373 1596 22
1373 1267 70
1373 1338 69
1373 1931 80
891 3531 23
3160 404 70
3160 237 10
404 1005 64
404 1963 96
545 2439 22
2439 1509 45
2439 102 4
14 2274 91
14 348 78
2274 3525 55
2274 664 43
2274 1485 78
2274 1876 33
2172 2557 98
2172 2283 76
2172 89 3
2172 2523 21
2557 2257 53
2557 918 27
2557 461 53
655 911 85
655 2769 6
655 565 72
655 1731 14
911 1543 10
911 2280 34
911 2519 45
2190 3237 17
2190 1648 20
2190 1332 97
3237 2775 85
3237 1677 89
3237 3295 93
2645 2609 65
2645 1425 56
2645 2757 97
2645 3557 64
2609 1879 22
1613 679 55
1613 2429 3
1613 3695 33
679 602 70
679 738 46
679 2391 95
2950 2119 32
2950 742 6
2950 3310 30
2950 3588 26
2950 1190 39
2119 34 36
2119 3199 43
1002 1449 46
1002 321 42
1002 1192 34
1449 981 89
1449 581 23
1449 1485 53
1449 2284 84
1509 145 17
1509 3713 47
1509 3591 16
1509 843 48
3469 2674 93
3469 1735 64
2674 2660 46
2674 3738 88
2674 505 9
2224 3512 82
3512 175 40
3512 3087 30
2374 526 71
526 1932 25
526 48 94
526 1119 11
526 3435 57
2891 2308 31
2891 3314 28
2891 2873 76
2891 2588 99
2308 2801 47
1846 851 78
1846 890 38
1846 592 38
851 1210 50
851 52 65
851 1044 38
1133 2475 61
1133 1743 35
1133 343 95
1133 1490 84
2475 680 84
1725 1380 70
1725 2988 58
1725 2789 92
1725 2292 35
1725 1297 95
1725 1728 71
1380 695 37
1380 1375 32
1380 1441 7
2497 160 60
2497 2601 4
160 3695 71
1718 1209 95
1718 343 48
1718 3709 65
1718 768 70
1209 3543 87
1209 1516 97
2464 221 18
2464 3836 78
2464 605 64
2464 1278 3
2464 3481 88
221 1617 41
221 2618 8
221 3865 82
221 1270 74
221 3285 53
221 1761 97
221 434 70
2388 3150 67
2388 1990 61
2388 250 20
2388 3311 14
2388 1796 41
3150 3158 94
3150 795 5
3150 1946 22
3150 1014 75
1762 3778 10
1762 3493 35
1762 1553 21
3778 1927 100
3778 3817 53
156 694 48
156 1149 18
156 2608 29
156 3611 23
694 1703 47
694 2048 91
694 3554 96
694 1979 13
2532 1971 40
1971 1844 63
1971 3340 1
1971 334 26
1971 2901 45
1093 755 38
1093 800 19
1093 2724 34
1093 284 13
1093 1914 35
755 1195 15
755 3692 61
755 2711 55
1145 1038 22
1145 2101 93
1145 2243 32
1145 1628 24
1145 3224 78
1145 3388 29
1145 483 53
1038 1770 33
1038 3072 39
1038 1700 1
1038 433 83
1038 1007 41
324 3350 22
324 2292 66
3624 744 22
3624 2435 15
3624 386 59
3624 1785 52
744 1979 43
744 1670 4
744 3280 67
3170 1247 27
3170 2588 79
3170 2490 15
1247 920 9
1247 3304 32
1139 2514 8
1139 1853 24
2514 2854 22
2514 1726 55
2514 2813 42
153 3520 95
153 2339 52
153 784 32
153 418 14
3520 547 19
3520 77 47
3520 3487 92
3520 1954 34
2494 2440 52
2494 2931 50
2494 1181 1
253 2821 30
253 3904 33
253 1973 13
253 463 7
3490 3831 75
3490 209 70
3490 2698 93
3490 59 54
3490 2877 21
3490 846 16
3490 3071 55
3831 3276 4
3831 966 60
2694 2546 81
2694 502 39
2694 2712 62
2694 2543 93
2546 1951 67
2546 639 70
2546 196 14
929 87 24
929 1332 71
929 3249 42
87 37 66
87 1840 37
87 3881 22
2968 2342 47
2968 3403 38
2342 3051 80
2342 2462 74
2223 2529 16
2529 1403 74
2529 645 26
2988 3201 10
852 3732 27
852 2593 48
3732 1337 21
3732 2876 1
2290 288 74
2290 565 59
2290 3783 61
2290 3572 9
288 3065 88
288 3199 100
288 2996 26
3228 193 91
3228 206 50
3228 1981 27
3697 1248 40
3697 789 55
3697 1165 90
1248 3694 28
1248 2289 45
3648 1394 90
1394 3395 47
1394 3543 1
1394 2969 94
1394 1276 43
3184 311 54
3184 3632 100
3184 2913 8
3184 3300 56
3184 3334 5
3184 2015 45
311 3197 71
2689 2510 89
2689 444 4
2689 101 16
2510 240 89
2510 3093 31
2389 3334 9
2389 1167 94
2389 2367 79
2389 657 77
2389 1414 97
2389 3888 33
3334 2972 28
3334 2973 6
639 2503 25
639 2025 71
639 3745 84
2503 2756 32
2503 2603 30
2503 844 39
1516 2287 86
1516 777 61
1516 3211 93
1516 2087 10
1516 2273 13
1516 141 52
1516 3816 23
2287 3364 64
2287 3408 8
2287 3141 91
2287 3320 57
2948 926 10
926 2594 71
926 962 22
1116 976 30
1116 1232 95
1116 209 53
1116 2602 99
1116 2295 69
976 514 77
976 788 3
976 626 90
1813 3844 27
1813 2917 71
3844 40 63
3844 2822 34
30 876 75
2286 1346 31
2286 2179 62
1346 1239 92
1346 1155 33
3564 3719 92
3564 2250 8
3719 2492 41
3719 1996 16
1646 3368 21
1646 1027 100
1646 1290 36
1646 1294 52
1646 2148 16
3368 3258 86
3368 2077 90
3368 2983 59
3011 2335 57
3011 418 28
3011 2035 91
2335 2115 97
2335 2899 84
34 2833 23
34 3590 62
34 2028 12
1494 1927 52
1494 1581 24
1494 1758 32
1494 2267 74
1927 1439 80
1927 2394 75
1927 2879 4
3427 3706 56
3427 16 59
3427 1344 42
3706 2759 93
3706 1000 59
3706 986 87
3706 1353 78
11 1399 27
11 299 39
11 127 30
11 1862 99
1399 68 32
1617 317 74
1617 1067 9
1130 3870 64
1130 3650 15
1130 275 2
1130 1953 42
3137 3362 14
3137 2719 45
3137 1153 41
3137 3248 42
465 2902 94
465 251 94
465 626 82
465 1357 100
2902 241 11
2902 645 84
2440 3221 79
2440 1417 70
2440 2992 25
2440 155 71
3703 1610 98
3703 1895 2
495 1329 63
495 1889 61
495 340 97
495 3053 78
1329 2384 52
1522 2452 39
2452 1728 85
2452 3218 25
2452 1386 30
2452 3385 16
2700 1843 93
2700 1659 74
2700 1961 11
2700 2432 59
2700 3119 100
2700 714 54
1843 2400 59
3864 1543 32
3864 1902 25
3864 2205 17
1543 3379 30
1543 3798 92
1543 3471 42
1543 1407 29
1543 1631 12
2963 2940 2
2963 2350 48
2963 629 46
514 1448 91
514 1663 9
514 3292 43
514 3809 86
514 1162 98
2143 1656 87
2143 2779 20
2143 548 5
1715 1778 59
1715 1667 96
1715 3449 100
1715 559 37
1715 3792 89
1778 3366 67
3678 603 85
3678 1928 1
3678 1818 42
603 114 24
1548 3610 75
3610 1480 67
32 2186 69
32 2900 57
32 2184 9
2186 691 89
2186 1757 10
2186 323 40
2186 1155 17
2889 2406 58
2889 3324 18
2889 1299 47
2889 2016 71
509 2247 7
509 2348 11
509 3428 34
2247 1288 52
2247 2270 37
1731 1706 95
1731 3369 39
1731 836 81
1731 1371 52
1706 2138 12
1706 2365 73
746 1271 75
746 2141 88
746 2092 60
746 768 34
746 1913 40
1271 604 33
2539 593 39
2539 3889 45
2539 2898 30
593 505 6
593 2651 56
593 2209 43
1519 3548 24
1519 2949 41
1519 140 57
3548 67 93
3548 225 58
621 1552 14
621 3884 60
621 51 19
621 1198 73
621 3571 12
621 1958 62
1552 1422 98
458 1377 86
458 1300 93
458 1301 17
2650 1887 27
2650 923 88
2650 399 84
2650 2929 75
1887 2458 62
1887 3091 82
3543 861 49
3543 1022 18
861 1186 93
1695 3454 98
1695 1597 47
1695 2619 7
1695 165 80
3454 1822 19
3454 2796 39
3454 3877 89
1639 3708 21
1639 2748 12
1639 1261 61
3708 683 76
2192 2078 76
2192 1386 96
2078 1113 10
2078 3739 7
2078 275 57
2078 518 28
2078 3374 80
1045 980 70
1045 2098 89
1045 585 12
980 2723 61
980 1372 9
980 269 75
2842 1300 8
2842 3443 37
2842 3384 14
2842 3683 41
1300 3511 34
1300 150 41
909 1625 14
909 2187 13
1625 2816 2
1625 453 69
3884 529 3
3884 910 7
3884 1726 41
1879 245 55
1879 3840 50
245 957 91
245 3121 3
271 3158 99
271 604 9
271 3846 64
3158 625 11
3158 3297 42
3158 1030 89
3158 281 100
1710 638 43
1710 3291 90
638 3167 98
638 3082 18
638 3853 81
789 910 82
789 3686 39
910 964 64
910 822 32
3462 471 53
471 1739 17
471 1343 5
3061 2199 91
3061 3402 49
3061 2712 98
2199 2961 26
626 2163 96
626 2379 41
626 1294 48
2163 3702 74
2163 2693 11
2163 800 67
2163 3344 81
2157 1122 25
2157 2857 3
2157 1866 2
2157 501 15
2157 2219 83
1122 2665 83
867 2050 35
867 552 1
867 931 45
2050 2813 81
2050 3559 1
2050 3754 51
2050 1217 81
2050 1578 78
2050 2327 96
2185 2744 12
2185 1378 40
2185 1954 84
2185 2351 91
2763 1375 62
2763 523 88
2763 2617 77
1375 3646 9
1375 2663 61
1375 3269 36
1703 3572 28
1703 970 66
1257 3232 46
1257 3081 38
3232 2722 25
847 1192 18
847 1507 79
847 2122 55
847 152 31
847 596 59
847 1432 40
1192 644 97
1192 406 8
1192 2553 10
83 2264 55
83 3181 62
83 3222 17
2264 2489 52
3627 3101 88
3627 3206 40
3627 2197 72
3101 3765 2
3101 3360 68
3101 2852 94
3101 3606 85
3101 2481 87
3101 838 67
3101 1292 3
1670 2526 36
1670 2703 88
1670 1641 92
2526 3458 67
2526 890 58
2526 2558 52
1895 1892 1
1895 1065 50
1895 1367 47
1892 1833 35
1892 3468 83
1526 3012 95
1526 866 100
1526 863 46
3012 668 34
3012 2522 9
2941 260 67
2941 1258 52
2941 734 51
2941 591 76
260 3342 81
260 974 27
1868 2498 63
1868 2847 81
1868 2692 9
1868 3014 75
1935 1899 10
1899 3567 12
721 2178 2
721 497 39
2178 3783 85
2178 306 32
716 1136 98
716 2577 37
716 149 64
716 8 79
1136 3140 28
1136 991 63
3203 1339 34
3203 1676 75
2899 3923 8
2899 649 23
2899 184 26
2899 1535 30
3923 3713 29
3923 1828 44
3923 2544 84
3637 1874 84
3637 821 61
1874 1107 5
1874 3141 1
1874 3737 84
3791 1113 84
3791 3795 65
3791 3508 77
3791 13 94
1113 2261 51
1113 3568 71
2138 3825 6
1907 2086 58
2086 1973 20
902 2153 28
902 1861 17
902 764 39
902 1769 94
902 1355 33
902 2251 21
2153 2354 49
2153 2376 25
2153 2036 30
2153 2298 56
2153 1428 64
1427 3834 92
1427 1385 50
3834 3347 56
3834 2482 2
3834 1455 75
3834 2702 52
1601 2599 13
1601 3619 23
2599 2373 18
2599 1364 85
2599 782 38
2599 316 50
2599 289 4
2599 2673 37
532 2252 8
532 3089 58
532 3549 41
532 788 52
532 963 42
2252 44 28
2461 1003 74
2461 1908 50
2461 3636 50
2461 2793 70
2461 2768 27
2461 944 36
1003 3399 49
1003 3794 90
1003 3801 48
1003 808 10
1003 1071 10
1393 3185 64
1393 3375 54
1393 287 17
1393 1842 29
3185 3285 6
3185 2417 54
3185 334 82
1420 3161 62
1420 2351 69
3161 165 46
3161 569 27
3161 1293 48
3161 1054 87
2723 1114 90
2723 3755 91
3402 1267 96
3402 1292 4
3402 2424 62
3402 1023 67
2184 3867 78
3867 582 9
3867 1838 42
429 2019 30
429 2594 31
3055 1198 4
3055 1376 54
3055 1226 81
3055 3290 92
3055 123 44
1198 2107 76
1198 3784 50
2381 3404 69
2381 1701 17
2381 2139 98
2381 1430 33
2381 3589 61
3404 1674 23
3404 1984 6
3404 3392 47
3404 1686 57
3404 3483 100
1167 467 25
1167 2062 43
1167 2386 26
966 3500 1
3328 303 65
3328 3903 11
3328 1240 3
3328 2063 25
303 1029 89
303 92 34
3702 399 60
3702 241 60
1320 2766 72
1320 1495 9
2766 3904 17
1036 931 15
1036 674 61
1036 819 42
1036 2229 33
1036 1611 73
931 1404 86
2376 3770 76
2376 73 14
2376 3193 56
3770 2844 37
3770 3043 89
242 2671 68
242 1603 88
242 1676 85
2671 2198 37
2671 457 53
2671 1402 68
346 1250 63
346 359 9
817 348 86
817 748 31
817 2071 93
817 944 83
348 2042 16
348 885 39
348 396 20
348 2939 25
2090 1319 8
2090 2228 39
2090 3698 28
2090 1461 97
1319 2611 15
820 989 96
820 3234 47
820 3138 73
989 916 89
708 3815 12
708 550 68
708 2203 42
708 2715 56
3815 2566 13
3815 3714 68
1188 1411 82
1411 1782 96
811 1982 4
1982 908 96
1982 568 47
1982 1595 95
1043 2394 8
1043 2688 19
1043 305 23
2394 1689 16
2394 591 33
3022 3866 44
3022 2169 95
3866 357 60
3866 3919 48
163 1554 28
163 453 62
1554 3268 45
469 2445 24
469 1596 25
469 386 77
2445 1640 95
2854 1834 29
2854 3267 58
2854 219 69
445 1978 90
445 2455 60
445 157 37
445 1358 28
79 617 85
79 2137 21
79 2431 20
79 1146 23
79 522 1
79 3907 37
79 3277 30
79 1448 32
617 1603 74
617 299 39
2158 3173 36
2158 3097 31
3173 2749 52
3173 1713 16
3173 1291 19
3173 788 15
3914 2320 62
3914 862 55
3914 952 21
3914 3650 26
3914 3618 28
3914 715 37
2320 1532 24
2320 1689 62
1928 3641 5
1928 1367 5
1928 1785 71
3641 1267 28
198 2166 75
198 2482 93
198 1422 50
2166 1048 23
2768 272 6
2768 1252 90
2768 132 73
3765 2437 83
3765 3663 73
1645 753 41
1645 1631 33
1645 2814 57
1645 3 65
213 557 37
213 2016 47
213 3117 85
213 2918 77
557 3263 49
557 1636 63
623 3371 86
623 1285 27
278 10 14
278 610 72
278 2851 4
278 2702 19
278 1795 12
10 3809 4
899 2028 84
899 3046 4
2028 2908 52
2028 1335 42
2028 3683 87
1825 2031 93
1825 1948 73
1825 1688 96
1825 2092 19
2031 1992 1
905 2483 22
905 1644 50
905 1922 91
905 1883 18
905 2011 13
905 355 50
2483 1107 27
2483 319 70
2483 1903 95
2833 2003 77
2833 3248 68
2536 2371 5
2536 2923 73
2536 2918 81
2536 275 47
2536 2893 39
2371 935 48
2371 3514 52
2371 2251 47
2416 3024 61
2416 1326 17
3024 1669 82
212 1365 15
1365 2298 20
1931 371 80
1931 531 73
1931 1317 63
1931 3040 53
2662 665 2
2662 885 22
2662 601 59
2662 3192 2
665 3064 46
665 309 78
2606 2013 21
2013 1450 74
3046 3264 47
3046 3779 95
3264 2951 36
1532 1212 68
1532 996 11
1532 1417 79
1212 1793 70
1212 1180 20
1212 3200 72
1212 2573 31
3236 1855 96
3236 1451 5
3236 2760 98
3236 1754 55
1855 3200 97
1079 2271 84
1079 3420 29
1079 2191 34
1079 1432 86
1079 1867 100
1079 767 34
1079 663 13
1079 1434 54
1079 1307 31
2271 813 57
220 2907 68
220 2604 2
220 724 31
220 1114 12
220 1943 10
2907 413 39
516 1485 10
1485 3115 67
1273 1780 43
1273 3246 86
1780 1206 46
1780 1503 38
1780 306 24
1948 2228 51
1948 200 13
1948 565 75
3813 2669 46
3813 2188 25
3813 1205 96
3813 3550 26
2669 318 39
2669 3776 48
2669 2209 28
2669 179 48
1897 782 80
3229 472 29
472 357 54
472 2783 34
2813 2301 93
2813 1465 92
2813 2608 34
2813 1432 21
2301 2676 26
320 3650 4
320 2404 63
320 1979 37
320 2422 91
320 3009 23
3650 572 71
3650 1224 72
3650 3794 44
3650 855 32
3650 350 26
2814 2069 57
2814 2713 18
2515 487 80
2515 228 75
2515 3291 85
2515 89 23
2431 2283 57
2431 986 25
2431 2346 25
2283 455 87
941 908 5
941 901 20
941 729 41
3781 3301 30
3781 2074 20
3781 1475 9
3781 57 65
3301 2531 47
3301 3496 3
1223 1612 72
1223 463 55
1223 3113 49
1612 3644 30
1612 2279 61
1612 2117 82
1679 1398 85
1679 1936 57
1398 1081 55
2571 2298 22
2571 1521 97
2571 3728 20
2571 1328 88
2298 3538 68
1754 257 42
1754 2352 5
257 1511 27
257 3155 17
2346 2148 71
2346 698 64
2346 2706 78
2346 1154 98
145 102 7
145 1429 63
2670 2442 66
2670 2316 2
2670 2401 7
2442 1033 25
396 977 86
396 2253 45
396 2041 16
396 879 39
977 3323 73
3270 2391 84
3270 808 2
3270 3602 56
3270 2159 53
2391 2219 73
2391 3314 20
1112 1970 92
1112 957 64
3709 1918 15
3709 2666 41
3709 2545 35
3709 1246 19
1918 334 8
2026 3504 62
2026 443 32
2026 462 97
2026 3068 22
3504 766 78
3504 2175 27
2850 1239 44
2850 2033 60
1239 972 99
1239 3294 15
1239 2408 74
2602 2191 27
2602 2305 55
2191 537 61
2191 3016 96
2816 205 98
205 3254 55
205 1508 69
205 2522 58
205 961 66
205 1246 74
1551 1738 15
1738 1653 29
1738 2375 74
1851 2740 24
1851 3872 53
2740 1687 3
2740 3167 60
3220 2321 11
3220 2648 89
2321 2217 17
2321 1277 40
2321 3577 76
104 1657 14
1657 2232 10
1657 2755 3
1657 3896 40
89 285 43
89 3303 46
89 1653 33
89 1280 70
89 1235 41
285 373 45
285 650 84
285 1091 98
2430 116 73
2430 2635 74
2430 3784 81
116 94 76
1765 3796 10
1765 2752 36
1765 3561 23
1765 906 24
1765 1529 91
3796 1740 35
3796 2319 94
3796 1315 62
3796 730 69
3796 1741 38
2923 2307 37
2923 915 94
2923 1913 89
2307 2720 87
493 3664 19
493 246 27
493 2641 35
493 1714 40
3664 2092 90
3566 982 2
3566 797 21
982 1980 2
982 106 22
3749 1972 28
3749 1027 93
3749 3662 10
3749 2883 34
1972 2883 46
165 3756 48
2132 813 25
2132 1591 93
813 3665 19
428 3313 34
428 9 14
428 2212 60
3313 733 50
2677 3 56
2677 492 11
2677 2047 59
2677 1856 21
3 850 85
3 1408 31
3 984 42
3375 2386 88
3375 2084 90
2386 154 90
2757 503 34
2757 2888 30
2757 2703 43
986 2146 92
986 200 55
986 2362 36
986 3032 26
3903 2554 88
3903 1781 60
3903 3794 34
3903 1267 70
2962 1838 33
2962 787 14
1838 3439 53
1067 3457 72
1067 3406 49
1067 1326 24
1067 187 64
3457 717 55
3457 2064 95
373 2711 24
373 2216 15
1937 3331 22
1937 1291 29
1463 1902 3
1463 3880 97
1902 1457 77
1902 210 87
1902 3010 73
1902 2177 66
1902 588 12
1902 222 42
3345 2693 79
3345 2377 54
3345 1246 91
2693 1456 74
2693 906 73
2693 2560 39
2693 3266 60
2593 798 78
2593 3353 84
1805 1823 37
1805 1027 58
1805 2755 93
1805 1890 95
1805 136 12
1823 3363 99
1823 3529 45
1823 3814 46
2204 672 80
2204 1697 74
2204 3547 27
2204 2746 75
723 1849 83
723 1482 40
723 2555 50
1849 3332 38
1849 3519 65
1849 179 3
1849 2681 83
2306 372 97
2306 1117 32
2306 2336 65
372 3736 78
372 1826 60
3725 504 78
3725 3711 83
504 2629 55
184 2929 45
2929 3201 82
201 890 46
201 3094 3
201 947 71
890 2895 31
890 914 16
890 330 53
539 3734 74
539 2919 85
539 625 57
3734 780 29
3734 3852 73
37 3225 77
37 287 96
37 1591 67
37 3194 83
3225 2565 62
3225 2009 20
3225 1396 72
3225 3426 50
604 2559 76
3342 993 81
1404 2356 69
1404 3756 41
1404 1405 7
1404 2256 82
2841 1123 83
2841 3799 79
2841 349 26
2841 1342 54
2841 180 63
2841 540 46
2841 480 49
1123 1713 88
1123 2373 35
2552 3872 38
2552 130 29
2552 58 74
2552 2231 35
3872 1202 8
3872 3176 31
3872 47 4
2860 409 66
2860 979 38
2860 1078 1
2860 3854 78
409 3336 83
409 3776 22
409 933 22
1819 3458 58
1819 1886 91
1819 3888 20
3458 1578 52
3458 992 7
3458 1908 20
3458 2531 46
3458 3104 28
3458 3356 76
2938 3009 81
2938 3485 65
2938 2733 65
2938 375 34
3009 1272 21
19 1231 73
19 2847 94
1231 2541 52
1231 1824 49
754 2082 30
754 3479 62
2082 2830 81
2082 2164 26
2082 1206 74
2082 589 40
1865 1216 41
1216 2695 100
1216 3219 53
3307 3138 89
3307 2614 65
3307 2249 73
3307 2232 100
3138 2447 65
3138 2969 31
3138 3125 81
3138 149 23
3068 3710 57
3710 3119 31
3710 940 98
3710 1255 57
3710 3216 32
777 2029 55
777 1269 53
777 2975 55
2029 987 59
776 3858 42
776 3754 87
3858 3405 25
2556 576 25
2556 1371 41
2556 1014 77
2556 2130 55
2556 3025 84
576 2939 93
576 1109 69
576 1222 92
576 2317 70
576 3115 62
2688 1604 63
2688 2989 62
2688 1620 98
180 1138 51
180 1804 4
180 2780 20
180 3597 90
1138 552 89
1138 3486 6
1138 423 76
3303 1436 56
3303 2737 81
3303 568 80
2417 1435 5
1435 22 99
1435 1592 94
1435 1354 4
1435 2731 21
1435 2088 55
1435 3574 84
2983 2549 58
2983 3430 2
2983 474 50
2983 1844 32
2541 2790 27
2541 551 99
2541 1155 89
2790 3386 65
2790 3233 47
2790 590 55
2790 1640 90
2790 567 27
2790 3808 56
140 2827 69
140 3053 88
140 1753 65
140 204 69
140 3748 94
2827 2160 49
2827 1021 11
985 2009 85
985 2319 100
985 506 32
985 1290 24
2009 3067 29
2009 1061 22
2009 3897 57
209 625 78
209 2798 83
209 379 61
625 693 26
625 336 69
2246 435 12
2246 1568 5
435 953 97
435 2436 5
2594 1676 1
2594 1932 69
2134 155 46
1685 794 42
1685 2161 70
794 3481 81
794 1336 74
174 2828 67
174 388 33
174 1977 50
2828 2695 65
3420 3663 63
3418 2024 1
3418 996 26
2024 2565 31
259 2135 71
259 1991 13
2135 2267 11
2135 1571 94
1456 247 80
1274 233 62
1274 2219 84
233 1839 64
233 1562 8
1917 1400 71
1917 283 100
1400 3537 60
1400 1131 43
1400 3666 79
1400 594 45
3285 255 52
3646 252 29
3646 1100 61
3646 3822 89
3646 403 18
3080 2647 41
3080 1872 88
2647 1896 62
3779 2212 45
3779 3750 6
2212 3636 35
2212 2637 10
2212 2996 58
2707 98 6
2707 3721 61
98 1605 94
98 1012 59
936 1739 84
936 2355 79
936 1963 89
936 2895 85
936 1075 52
1739 206 42
1739 1429 90
1739 2182 32
1739 1990 1
442 3860 70
442 1000 95
3860 316 75
3860 2806 69
3860 2482 96
3560 3083 25
3560 3021 21
3083 2692 95
3083 3499 72
3083 3917 34
2562 3645 75
2562 401 39
2562 1019 64
2562 2627 35
3645 1381 82
3645 1489 5
3645 1774 63
800 2046 19
800 2617 21
800 3603 100
800 1162 58
2209 3870 16
2209 3066 48
2209 596 84
3870 2062 18
3870 1866 87
3870 3042 9
3870 1100 67
1662 246 78
1662 357 54
1662 2337 4
1662 1334 46
246 1173 10
246 1793 70
3041 152 44
3041 786 53
3041 3481 94
152 1044 66
152 3909 39
2319 1158 10
1372 2018 47
1372 2259 64
1372 2873 89
1372 2300 5
1372 3052 19
1372 3257 94
2018 2332 69
2066 1788 4
2066 973 35
1788 413 67
2789 709 24
2789 3511 55
1206 2822 84
1206 3233 38
1206 3446 88
2822 2004 75
2822 2432 30
2822 75 75
1337 3078 56
3078 187 24
3078 299 13
3078 1758 3
3292 2931 14
3292 3104 62
2931 3656 35
2931 3823 63
1603 3809 40
178 3195 4
178 1478 19
3195 3907 57
1448 1781 64
1750 2239 24
1750 2201 12
1750 2587 68
1750 3215 74
2239 1619 24
2239 3054 11
8 3679 91
3679 3545 91
2042 88 29
2042 3019 19
572 95 29
572 682 13
572 2795 47
572 1886 50
136 2263 3
3580 1719 51
3580 3487 38
3580 162 19
1719 2973 60
1719 2314 24
1719 3204 64
2784 1359 26
2784 2921 88
2784 743 38
1359 2447 79
1359 2333 5
3178 1441 7
3178 2149 81
3178 176 36
1999 347 51
1999 2934 82
1999 3139 5
1999 2121 14
3485 3234 52
3485 2053 32
1103 3218 75
1103 1607 69
1103 3559 35
1103 2121 28
1103 3657 26
1103 12 55
2137 2030 29
2137 2323 60
600 501 98
600 1086 87
600 3360 99
503 3410 46
503 1479 90
2174 329 5
2174 3538 59
2174 2614 93
2174 511 96
2174 2421 38
2894 1888 71
1888 2618 22
1888 2368 54
1829 189 55
1829 1775 83
1829 239 8
189 1332 20
2531 2243 85
2531 2785 63
991 1924 61
991 952 24
991 2141 88
3526 29 21
3526 904 37
3526 1863 38
3526 315 67
29 761 84
29 3254 3
29 113 16
29 711 100
2146 2745 94
2146 555 78
2146 3684 79
3748 2044 56
3748 117 25
3748 543 29
3748 561 76
2044 2947 93
103 2864 44
2864 125 28
2864 1557 44
3056 1906 70
3056 605 35
3056 2884 52
3056 1491 91
3056 57 37
1906 1641 82
1906 2660 4
2292 1224 87
2292 1688 10
2292 551 78
2292 2006 56
2292 3122 8
1659 2487 30
1659 1353 3
1659 3377 6
1775 3383 75
1775 1232 100
1775 390 70
1775 1301 41
3383 2155 97
3383 3070 85
3383 370 79
1065 3153 87
1065 1056 90
1065 1020 26
3153 1349 5
424 1688 77
424 65 96
424 230 96
1688 1684 23
3714 3266 6
3714 158 82
3714 2313 61
3714 1177 65
3266 2898 73
3266 3042 40
3266 2908 21
1267 3477 62
1424 3261 41
1424 1392 31
3261 339 5
1752 332 22
1752 606 75
1752 2277 51
1752 1480 64
332 474 9
332 3865 21
332 2888 21
332 3814 50
1520 2262 31
1520 2801 8
1520 208 63
2262 2404 89
2262 3590 70
2262 499 33
2262 2060 72
2262 2778 100
3832 2291 56
3832 610 76
3832 850 35
3832 1190 9
2291 2106 16
2291 1525 42
3899 3717 77
3899 2081 9
3899 2831 71
3899 2838 87
3717 2220 70
3717 47 73
3760 1120 34
3760 3812 70
3760 1575 53
3760 130 57
1120 1432 33
1120 2277 70
1120 3390 94
1120 2955 75
610 2213 57
610 258 72
3175 466 53
3175 309 43
3175 2665 11
3175 430 2
466 470 49
466 3478 49
1179 2583 7
1179 63 94
1179 3452 32
1179 480 16
1179 2878 96
1179 234 29
2583 3210 35
2583 3324 71
1284 2994 94
1284 2084 91
2994 3823 60
2994 2415 57
2994 3363 43
2994 3761 96
3140 3904 41
3140 2722 17
3140 1225 37
3904 3707 84
3904 3416 15
3904 1781 18
952 2812 53
952 122 53
952 3134 96
952 2083 33
2812 2278 97
1568 2188 75
3196 582 59
582 238 93
1221 3835 59
508 3684 20
3684 294 6
3684 1698 46
2918 1105 71
2918 3838 65
2918 2696 97
1105 1261 13
2348 2871 94
2348 1018 33
2871 3701 7
2871 620 34
2905 1278 82
2905 2697 56
2905 2217 50
1278 331 98
2131 3577 73
2131 3584 85
3577 1477 2
3577 2806 34
1985 269 24
1985 2939 16
269 2454 56
269 666 35
269 1152 75
2020 1793 42
2020 1560 5
3846 3551 45
3846 3172 46
3846 115 83
3551 3198 26
3551 2118 35
3551 1421 64
3551 418 32
3551 2782 35
1055 3251 12
1055 3038 23
1055 2966 32
1055 1867 17
1055 55 44
1055 1671 24
3251 1467 78
1539 2105 38
1539 374 17
1539 3801 50
2105 3784 56
2105 1487 10
3594 1622 83
3594 731 64
1622 3377 84
2257 3092 87
2257 1155 44
2046 3468 27
2046 1196 32
2046 1811 20
2046 1876 35
2046 512 40
2046 3269 71
3468 2638 41
3468 2773 28
3430 2446 84
787 3115 36
787 1131 63
652 2008 1
652 2032 30
2008 3922 29
2008 263 65
3755 1930 11
3755 268 63
3755 183 81
3755 3282 67
1930 1334 5
1075 117 9
1075 2145 99
1075 3665 24
1075 1146 98
1075 367 89
117 1859 30
117 3756 36
117 956 35
3675 2900 70
3675 3132 33
3675 2793 84
3675 3667 31
2900 2550 18
2900 3151 100
2900 2314 40
2900 2392 51
2900 416 45
252 1307 38
252 1217 45
252 1261 61
1307 3615 30
1307 186 56
1307 3381 71
1307 3882 49
920 1507 51
920 2661 82
920 3169 32
154 2133 45
154 1746 70
154 1582 14
154 3223 11
3247 3155 34
3247 345 47
3155 2098 65
3155 673 9
3155 2984 9
738 2229 80
2177 1609 69
2177 836 76
2177 3042 56
1609 2480 26
1609 3319 39
1609 3658 62
2217 1306 94
2217 3801 20
2217 2758 57
1037 1256 63
1037 1842 10
1256 660 93
588 2629 71
588 2477 39
588 695 15
2629 3162 44
2629 3338 2
531 815 25
815 1730 68
815 1786 87
815 1577 41
2447 2017 61
3395 816 29
2754 2460 92
2754 440 47
2754 3097 53
2460 244 59
2460 856 66
2460 1620 20
2460 2003 83
1046 713 84
1046 316 22
713 3361 96
713 2610 69
914 3171 9
914 3038 86
914 2867 11
914 437 34
914 1413 79
3171 1172 30
3171 483 25
904 3253 10
904 2751 47
904 1821 54
904 63 19
904 60 52
3253 3286 1
3253 486 19
3253 2809 75
3826 96 66
3826 240 70
3826 130 70
3826 1974 40
3826 354 15
3826 2267 33
3826 1817 72
96 3106 48
96 3529 31
96 1063 50
2266 1820 27
2266 3135 60
1820 1901 43
1820 2817 8
2106 1156 90
2106 2312 10
2106 3718 34
1156 3269 29
2807 607 31
607 650 48
607 1457 73
607 2495 74
607 2085 64
3907 1203 78
3907 2676 67
1203 2862 66
1203 1044 30
3107 1054 68
3107 3570 97
2451 84 15
2451 2843 30
2451 2098 65
2451 2377 14
84 1299 87
3256 2122 32
3256 292 89
3256 1858 58
2122 3758 76
2122 3257 73
2122 2835 84
3047 1017 74
885 2817 27
885 60 53
885 1207 30
645 1455 93
1455 1684 72
224 2960 33
224 3243 16
224 400 6
224 2059 53
224 917 7
224 3252 70
3659 2377 97
2377 3582 52
2377 732 42
2498 1755 38
2181 2996 60
2181 1184 35
2996 2382 65
2996 251 76
3538 2535 20
3538 1243 41
2535 179 63
2535 1200 100
2535 578 85
3812 2509 42
3812 142 21
710 182 83
182 2222 24
182 39 22
336 3621 89
336 2568 61
336 1383 50
3621 3094 17
3621 2838 39
3621 2237 71
2276 1460 39
2276 2815 91
1460 266 63
3110 57 29
3110 3280 32
57 3750 64
57 491 9
57 1845 55
1697 215 45
1697 2925 15
1697 2582 14
1697 1546 47
215 1034 42
215 2640 78
215 3035 43
2160 2588 9
2160 3711 26
2160 2077 60
2160 3477 100
2160 1451 45
2198 2997 43
1889 3818 30
1889 2115 68
2596 3575 26
3575 1515 45
3575 331 20
3575 2999 29
158 3166 55
674 3585 7
674 305 85
2219 1627 4
1627 1947 91
3493 743 40
3493 698 68
743 1859 87
743 2211 46
3417 3366 47
3417 870 44
3366 3701 57
1142 2527 22
2527 3363 2
2527 2893 10
2527 2638 29
3612 1605 17
3612 3528 70
3612 2164 48
3612 731 6
1605 2332 24
747 3356 32
747 1202 92
747 1250 66
3356 2016 93
3356 3426 63
3407 3352 92
3407 3806 92
3352 432 81
2848 1462 69
2848 2407 75
2848 1063 76
2848 567 76
1462 3587 42
1462 333 53
1462 1637 64
1462 2608 5
1027 981 88
1027 2254 88
1027 1699 73
1027 874 56
1027 2618 35
1027 577 27
2852 1434 7
2852 1597 34
2852 3094 9
2852 934 29
1434 3464 70
1434 3672 82
1434 2795 62
1434 50 13
432 2164 27
2164 397 80
2164 3589 32
2164 470 34
2164 2118 10
3066 1559 12
2253 13 24
2253 729 28
2268 454 77
2268 3631 20
2268 1215 83
454 3364 59
454 686 40
1594 784 52
1594 3595 52
1594 756 97
1594 1298 73
1594 2323 81
1594 2800 63
784 3528 37
784 1673 62
784 3618 78
85 238 71
85 1022 61
85 2435 25
238 3887 24
709 2844 40
51 3801 16
51 475 52
51 1366 55
577 3777 63
806 2334 14
2002 671 13
2006 3014 41
2006 417 3
3014 3274 94
187 474 23
187 1648 52
187 3463 17
474 1229 48
474 2422 27
193 2779 3
1021 1593 65
1021 676 81
1021 2076 87
1021 3218 60
1021 1721 85
1593 1808 61
1593 2392 41
1376 2638 33
698 1748 58
698 3442 42
698 692 93
3595 1477 90
3448 3488 56
3448 2214 36
3448 2289 60
3448 858 25
3448 2618 20
3488 3873 77
2424 3037 7
2424 2273 9
3037 3880 13
3037 3200 41
858 315 22
858 1809 72
858 3093 86
315 3652 55
541 2728 60
541 3079 73
2728 2392 56
724 3157 75
724 2091 11
724 331 80
3157 2819 22
3157 1262 23
1408 641 47
1408 2462 56
641 601 67
268 2462 9
3330 3861 81
3330 3617 68
3330 356 21
3330 3464 15
3861 407 53
3861 1042 40
3861 2404 1
2173 2222 20
2173 2761 41
2173 247 40
2173 2378 90
2222 1977 12
2222 3112 42
2222 2084 77
1469 2151 59
1469 1341 4
2151 2492 55
2151 3241 67
2251 486 38
486 1521 73
486 559 72
486 2819 86
2716 444 61
2220 229 61
2220 430 91
2220 2409 68
229 1048 72
1480 1569 43
1480 418 94
1480 2315 28
1480 1143 91
1569 2454 86
1569 3799 36
1569 2725 13
248 722 57
248 350 37
722 366 86
981 963 29
981 3890 95
2305 2218 52
2305 1919 92
2305 410 45
2305 757 78
2218 1160 90
1433 3406 27
1433 3400 31
125 3480 51
125 1325 100
125 3519 25
3324 3652 65
1107 1418 93
1107 6 31
725 1062 29
725 371 14
725 3079 40
345 779 53
345 3112 66
345 2225 67
779 616 63
934 3332 19
934 161 25
934 1950 54
3332 3147 31
2465 573 27
2465 392 70
2465 592 66
573 1699 44
573 1196 56
573 2188 29
573 2059 69
862 3117 64
862 1570 100
862 1929 91
862 3382 63
3117 1353 23
3117 597 74
2815 3561 31
2815 3044 10
2815 1549 72
2815 1477 42
3754 3085 57
3754 1993 90
3799 1908 39
3166 2566 24
2350 1296 7
2350 3766 78
2350 3386 77
742 1951 16
742 3829 48
742 333 98
742 1842 34
742 1091 36
505 2608 11
505 3510 78
1272 369 41
1272 1102 69
1272 1318 10
1272 2726 96
369 1643 60
2565 1720 28
2565 1015 7
1111 71 12
1111 1561 30
1111 2071 86
1111 967 95
71 273 76
2101 1199 87
2101 2076 32
666 928 46
666 3802 77
666 879 23
928 3724 13
2422 26 97
26 3576 5
26 2293 47
2278 3877 85
3877 715 35
3877 3183 87
915 3592 60
915 1542 58
915 2924 42
3592 2249 41
65 2909 36
1164 543 4
1164 2097 36
3823 433 57
1549 128 67
128 903 29
128 1515 16
2356 3769 75
2356 580 22
1367 2450 15
1367 1265 23
1367 752 80
3197 2208 31
3197 581 30
3197 1153 9
2208 450 79
2208 3364 26
2208 3200 82
2208 1229 39
767 376 49
767 3611 92
767 364 66
376 1341 63
376 1321 23
376 571 88
376 3132 17
376 1757 28
2604 2353 83
2604 1392 50
2604 3873 71
2093 2934 5
2093 3597 30
2093 1818 70
2093 3660 30
2093 405 67
2934 547 5
2819 2624 73
2819 2047 3
2819 3049 39
1815 758 92
1815 2415 45
758 883 5
758 1878 61
2183 1042 69
1042 1757 93
1042 488 97
3894 3521 4
3894 711 99
3894 768 87
3894 3122 75
1908 1019 62
2939 194 18
2939 2210 63
3633 447 16
447 1504 55
218 3259 84
218 1131 29
3259 3274 34
3259 1301 21
3259 668 88
64 3532 58
64 1933 85
3532 1632 80
3447 581 35
3447 2244 7
3385 368 53
3385 1647 9
3385 513 80
3385 266 26
368 1957 88
368 2387 67
551 2270 50
206 2030 75
206 1442 50
206 1577 70
2519 421 41
2519 3422 68
421 13 42
2782 2877 90
2782 1388 68
2782 3794 1
2782 2875 75
2782 3666 62
2877 1470 34
2877 3216 29
3865 718 51
1674 3817 31
3583 1557 43
3583 1699 3
3583 2734 4
1557 619 78
1557 2718 49
1557 3535 67
732 1401 64
974 387 71
974 97 67
387 605 72
387 411 81
1681 410 47
1681 3250 67
1681 2367 17
410 2605 49
410 2000 72
3283 203 88
3283 1114 5
2062 207 8
2062 3591 75
1588 2817 44
1588 2014 23
786 1558 85
786 1924 2
786 1051 73
3441 538 26
3441 897 80
3441 3472 26
538 798 6
3733 522 27
3733 2638 48
3733 2577 15
522 3295 82
522 611 62
1922 2140 50
1922 135 53
1922 2829 22
3172 2351 82
1669 3891 98
1669 2016 59
1669 2001 82
1669 298 99
1669 1546 29
3891 646 100
3891 2616 1
3723 139 20
3723 2156 14
3723 1663 67
139 102 73
3879 1562 6
3879 2538 81
3879 1658 74
1562 3611 1
1562 968 81
3750 1283 57
3750 3828 2
207 3805 86
207 3194 39
3805 1783 68
31 2980 20
31 3181 55
2980 1147 51
2980 1965 12
2980 2360 73
964 3797 3
964 537 47
1137 330 93
1137 2589 96
1137 460 17
1137 2096 5
1137 3915 9
330 3688 65
330 3274 6
397 845 75
3344 3336 39
3336 2614 41
3336 819 65
3245 1280 9
1280 978 7
728 3690 99
728 3657 63
2098 1083 76
1083 1746 8
1083 774 54
1083 459 88
3912 334 86
3912 1576 26
334 1310 50
334 1546 23
334 1263 46
334 1034 50
2488 1860 49
664 2845 40
664 1900 6
1444 3001 69
1444 2485 62
1444 3828 56
3001 279 2
3001 1833 36
2867 2732 68
2732 529 17
569 1368 11
569 477 77
569 3833 85
569 3103 57
1534 2957 69
1183 2407 34
2111 3411 87
2111 3299 84
3411 798 62
1461 2433 4
1461 438 44
2433 3739 7
2433 809 71
912 3053 55
912 214 30
912 3665 12
3053 1832 76
3053 2322 23
1507 1518 6
2779 1779 97
2779 3782 63
1977 2370 23
1977 523 95
1977 3789 1
3127 3179 91
3179 2304 19
3179 2712 63
783 1389 31
783 2496 49
1389 1131 91
2843 3804 88
2843 3871 65
1705 1195 29
1705 3026 3
2569 3284 28
2569 1244 19
2569 918 88
3284 996 89
3284 2761 39
2339 2928 75
3915 1987 33
1987 3790 25
1987 3669 2
810 2618 46
810 68 77
179 249 48
179 243 2
179 3089 32
179 3219 6
2437 565 100
2437 3148 34
1510 2083 72
1510 2914 42
1510 3057 62
1510 3916 47
2083 309 27
1310 3226 84
690 1910 25
690 2129 77
1910 2826 73
536 2480 43
536 2254 59
2480 2632 7
2480 2580 27
2480 3605 90
3837 809 92
1039 1074 16
1074 3343 52
1074 249 59
1074 3632 43
1559 868 61
1559 1332 45
1559 3676 3
1559 1490 7
2666 3689 86
3806 2281 46
3806 2985 75
2232 2855 20
2232 1628 25
2232 2872 9
2855 2179 78
2855 3882 2
1667 477 30
1357 3662 72
3662 3000 65
2722 1154 27
2722 882 53
2722 1417 73
2722 552 43
1154 990 39
1154 1905 21
3071 329 79
3071 1193 62
3071 1243 97
3071 3780 16
1451 1524 57
1451 2289 69
1451 1308 35
2676 3460 65
2676 439 54
3460 2380 88
3460 2974 22
3460 2161 23
748 359 34
748 3377 72
2261 3620 8
2856 3202 90
2856 3442 53
2856 3562 69
2856 2398 2
2856 1713 92
3202 2667 28
3202 293 34
203 3528 69
203 1181 80
151 2249 21
151 15 93
151 3506 45
151 2661 77
3304 2955 76
3304 1529 65
2955 1689 47
2955 2256 2
2955 499 50
2955 479 8
2955 2869 22
2955 1792 69
3487 927 15
3487 1853 26
2 984 39
984 2378 98
2704 1799 96
2704 2592 2
1799 2427 76
1770 2937 41
3632 2316 8
3632 1994 65
3632 1295 18
2316 2385 35
2316 3746 82
2316 2878 52
2316 133 18
906 2794 75
906 1934 21
615 3893 35
615 2365 58
3893 1061 20
3893 196 17
882 2022 20
882 1555 25
882 3686 11
882 2428 27
826 2942 33
826 3386 79
826 3391 11
2715 304 89
2715 3573 96
2715 1920 62
2715 1446 82
304 2808 95
462 441 3
462 3921 86
2982 1623 65
2982 2375 56
1392 948 89
948 1121 90
2438 3360 79
2438 1915 6
3360 3215 65
3360 1421 74
240 2749 14
3399 3674 45
392 2095 92
392 3896 16
1950 1713 15
1950 3156 50
1950 1 13
1713 2051 11
2883 872 9
2883 2036 50
2545 1596 53
2545 3435 81
3465 646 39
3465 954 99
646 1869 7
646 3087 15
1341 1677 56
1341 2004 29
1341 3275 47
1854 3363 48
3363 2551 92
3363 2053 89
3363 2986 100
262 1068 5
262 2544 38
1068 1483 66
1068 2036 15
1068 556 60
680 1611 43
680 416 14
680 2648 24
1611 2586 2
903 1636 54
903 2355 51
903 1891 84
3141 2329 21
3141 1904 52
3141 110 13
644 2060 54
644 2872 60
644 731 89
2060 634 15
68 3036 78
68 1193 8
3036 195 56
3036 3598 98
3397 1238 53
1238 200 37
1238 706 4
1323 3529 68
3529 1620 52
3529 1175 49
3859 837 48
3859 580 24
3859 2273 68
3859 1835 24
3859 3156 10
3859 1960 32
837 3913 32
2436 1484 74
2436 3209 68
2155 1650 8
3467 2921 34
2921 2331 78
2921 1362 22
2921 658 11
2921 7 55
2759 2362 45
3886 3822 72
3886 2414 37
3886 1988 26
3886 1421 83
3886 3097 27
3886 3174 72
3822 405 20
3822 1915 52
437 1370 27
437 1478 83
437 2361 82
3804 2709 13
3804 443 48
3804 3070 44
3804 3435 80
1098 548 85
548 3390 40
548 1106 38
2147 3549 44
2147 2890 39
2794 1698 61
2794 3751 65
2794 2489 56
463 312 47
1640 1314 16
1640 2213 3
2378 90 29
2378 1085 65
2378 3004 34
2378 3306 23
2610 2654 82
2610 3118 5
2610 468 16
2610 692 48
2610 2245 34
2654 3839 85
1529 843 94
1529 1794 10
1529 1517 23
3069 2100 52
3069 219 91
3069 118 31
3069 1024 55
3069 1163 72
2100 1072 49
2100 3503 28
2100 3273 22
2100 5 14
1995 1194 4
1995 1439 29
1194 2313 61
1194 3688 77
568 2327 49
568 878 78
568 1030 49
568 632 51
568 1177 97
2836 453 51
2836 1457 48
453 2912 30
1984 3738 4
1984 164 17
3424 74 63
3424 2699 67
3424 3085 42
3424 1213 42
3424 1791 3
316 975 51
1720 223 98
1720 1973 97
1720 3797 59
1222 2909 45
2909 3722 30
2909 3673 77
3567 2979 43
3567 3480 56
3567 1379 46
730 53 86
53 3010 49
3873 403 35
3873 3798 95
3873 241 36
2116 2370 73
2116 574 2
2116 773 84
2667 3716 31
2667 3874 86
3130 846 68
846 1292 87
846 3652 81
846 1115 20
846 475 76
2038 1735 35
2038 3091 71
2038 88 29
2038 1891 15
1735 3365 68
1735 1347 45
1735 44 70
700 3667 15
700 2063 60
3667 2032 27
2456 2079 71
2456 1429 88
230 994 2
230 780 87
994 2194 57
994 3766 28
994 527 85
2063 2383 16
2383 1893 81
417 1324 47
417 1087 67
417 636 33
417 2458 47
1378 1348 31
1378 1957 9
1378 1916 98
1378 602 94
267 264 20
267 1326 48
264 2661 28
264 3525 99
44 105 23
44 3688 38
105 2761 43
105 1467 40
2649 2413 98
2649 1957 71
2413 2882 71
9 3772 18
9 2947 91
2834 1126 20
2834 586 57
2834 1924 67
2834 251 57
1126 1236 90
2195 2432 60
2195 1432 68
2195 1572 24
2432 2411 65
1421 3337 17
3337 1925 7
3561 643 96
3589 3351 39
3589 2347 67
3589 3545 13
3876 3494 22
3876 1607 89
3876 244 29
3876 819 82
691 398 92
691 3077 45
592 1830 2
592 383 78
2225 2886 30
2886 2474 9
1890 448 63
1890 2752 65
1253 1330 2
1330 2326 25
1330 3381 14
1330 2702 97
1381 412 37
987 2917 4
987 518 10
987 3442 98
2331 2242 11
2331 1347 35
2331 2145 23
1742 2582 59
1742 127 96
2582 2785 91
823 277 58
277 3433 12
277 1545 21
393 360 48
393 913 98
360 3354 91
1292 3463 46
2734 1869 46
1869 3762 96
3576 953 79
3576 3204 47
953 950 98
953 886 74
953 1141 82
953 216 95
3628 3226 4
3628 1806 6
3226 2443 38
3226 1100 60
3221 3547 64
3221 1700 36
351 2317 98
351 3892 26
2651 2708 25
2651 833 79
2651 2623 32
3880 1237 73
3880 1196 33
835 635 85
835 829 85
1345 2741 46
1345 3442 98
1345 3111 75
2741 2382 80
3649 2795 76
3649 2967 36
3649 564 63
2795 2354 24
3777 1334 37
1334 1286 33
3573 93 8
3573 94 44
3573 3227 62
3573 3192 74
696 3452 36
3452 2499 81
3374 2168 43
3374 2612 43
2168 18 29
2168 2916 32
2168 3070 29
2401 3004 84
3004 3017 48
3004 547 53
448 3077 60
3077 630 41
3077 1587 93
2714 1387 71
2714 1943 88
2714 1475 56
1387 583 95
1387 3476 5
2089 1218 22
2089 1884 76
1218 2397 84
1218 2879 9
3472 3845 69
3845 1678 58
3845 3535 100
3845 2811 76
3249 1571 22
1571 1366 28
1571 2964 19
616 1886 77
616 589 21
1886 863 63
2925 3897 49
2925 818 41
1125 3638 63
1125 3794 42
1125 185 99
1125 16 58
1125 1121 81
1125 3518 82
3638 1530 92
148 2471 88
148 2441 39
148 3506 63
1787 924 77
1787 3095 9
1787 2786 41
492 2861 64
3820 1402 100
3820 2926 78
1402 3415 69
2484 2380 54
2484 3883 7
2484 142 72
2484 1430 45
2380 3389 15
2380 5 25
1085 1789 80
1789 443 21
3314 3604 44
3314 1008 73
3314 979 81
3314 1911 1
3604 584 90
3604 2778 82
3365 382 69
3898 273 85
3898 470 42
3898 1152 44
3898 114 48
273 749 67
273 317 25
763 307 95
307 1525 57
795 1958 23
795 1774 76
1628 196 43
1628 1654 88
2303 1903 87
1903 1863 17
438 1872 42
438 778 83
1872 142 39
3059 23 80
3059 3019 69
3059 2898 81
3059 286 44
23 3131 4
3428 1106 47
3428 2873 25
1106 141 47
1106 2826 22
2123 1072 76
2123 2805 44
2123 2188 25
1072 3571 13
1368 3288 48
2738 1459 62
1459 2791 79
1459 951 87
2761 258 50
3072 3661 19
3072 3000 49
2926 1152 59
2926 1884 41
1431 2005 78
1431 878 6
2005 289 18
2005 25 74
3527 1586 57
1586 1632 32
1586 357 39
1586 2229 24
574 2969 81
2033 3320 14
2033 1707 89
1801 1796 79
1801 7 68
1801 2589 34
1801 3857 26
17 3478 79
17 3103 97
17 3909 82
17 2332 86
3478 3271 39
123 3555 5
123 3492 28
3555 3204 81
3883 3563 37
3883 2617 56
1491 2022 95
1491 1709 50
3333 291 65
3333 3280 97
291 3539 30
3288 3017 91
2450 2470 55
2450 2655 62
3408 1119 93
3408 1147 93
1119 384 97
24 2712 61
2712 2655 81
2712 636 15
1740 2469 89
1740 2511 8
1740 1914 78
2469 818 31
2469 1771 21
2469 2296 12
2469 2128 56
3479 884 2
884 76 55
884 3124 62
884 1980 48
583 2641 35
2641 3451 17
2641 1531 80
2641 177 84
3590 886 3
443 3426 94
433 1870 60
433 875 48
433 3168 93
1199 940 80
292 47 32
292 3287 37
2803 1328 70
2803 1652 75
2803 596 68
1328 2476 83
1328 3503 67
3027 1023 42
3027 793 70
1023 2895 65
1023 2170 37
1583 265 88
265 2236 34
3391 159 46
3391 2345 14
159 3416 19
159 1960 36
223 599 21
223 3513 10
605 2660 95
605 1230 24
3267 591 62
591 2136 72
591 1692 39
591 2289 95
2895 3640 84
2895 176 55
2895 2600 85
2851 3489 5
2851 2117 82
3693 525 8
3693 2025 4
3693 2739 51
3693 2048 66
525 2730 94
2696 317 68
2696 464 33
2696 2315 6
457 1577 23
241 1104 42
241 1414 83
1104 3450 25
1104 38 27
2869 2952 75
2869 745 12
843 584 7
843 3647 57
843 1727 52
1467 1953 27
119 1758 44
119 1230 87
119 1019 16
119 2936 41
250 3200 85
250 1053 29
250 2835 88
1358 3039 1
1358 765 96
1358 1913 30
1358 3013 91
3039 2597 71
3039 801 51
1745 3585 71
3585 3205 74
3347 863 64
3347 1315 4
3243 962 13
1124 1585 95
1124 3616 26
1124 181 77
1124 155 25
1585 1584 87
1585 2284 45
1881 1896 81
1881 3133 12
3795 1693 92
3795 1515 81
3795 391 22
2697 874 26
2365 1619 94
2365 1382 25
2365 2543 88
1276 3630 4
1276 1831 54
1276 1641 48
1276 1773 6
1521 3829 42
1521 975 84
1521 1536 88
2165 3079 59
3079 109 82
3079 1757 60
584 3522 81
1219 3104 95
1219 3766 3
3104 1794 47
1579 2928 85
2928 1530 29
2194 2207 47
2875 2975 99
2975 3207 72
1436 3622 82
1436 618 40
1436 632 62
261 1481 2
261 2901 34
1481 549 20
1481 2458 51
2214 2297 47
2205 3588 36
3588 1053 68
3588 945 64
1041 704 40
1041 1717 64
704 3134 87
2004 3456 32
3349 1833 55
3349 1092 10
3349 1967 16
3349 2659 19
3349 419 71
3349 3131 44
3349 2463 38
3349 378 36
2108 1836 9
1836 2085 33
1836 3539 26
1836 571 27
3718 3317 79
3718 2958 85
3718 2730 66
3317 1512 24
3095 284 30
3095 219 89
1339 1229 1
1339 3704 31
1339 2537 53
1339 54 15
3239 2664 55
2664 3134 43
547 2360 76
1923 2000 69
1923 614 80
1923 1363 69
2000 1800 87
1689 2210 85
1689 2036 20
3213 2267 74
3213 3248 76
3213 2279 69
2267 1031 77
3767 1790 14
3767 2935 99
3767 3666 48
1790 992 6
1790 898 48
1525 2052 80
122 2966 33
416 1135 82
416 1761 95
416 637 18
1135 2364 63
342 2207 49
342 191 72
342 3169 60
2207 2639 44
2207 2036 55
1675 3574 18
1675 740 46
836 112 83
1246 967 4
1246 1052 74
1246 337 80
831 2215 33
831 3793 94
2638 430 21
2638 1019 59
2255 2347 36
2255 1798 62
3466 860 74
3466 1446 25
1744 477 46
1744 1981 52
2354 2698 14
3403 1061 7
3403 3480 88
1921 3400 32
1921 76 95
1921 580 23
1921 2102 57
3400 2216 14
3400 75 35
3049 293 77
3049 3744 69
371 478 52
371 423 33
1730 171 55
1730 3223 36
1730 301 28
1730 2615 27
3784 3840 73
400 2324 2
400 2652 63
585 3762 96
2932 3006 13
2932 2254 30
2932 3091 63
3006 2017 84
249 760 43
249 1602 57
249 1764 47
2133 864 30
1746 2969 55
2256 2555 12
3495 3442 60
3495 322 73
3495 895 63
3495 2756 44
3495 2021 80
3442 2332 45
1528 1863 2
1863 528 9
323 3097 13
323 2774 85
323 2120 47
323 2893 83
3477 115 48
3477 2880 28
115 1205 15
3652 502 28
780 1058 38
780 2333 48
3309 642 38
642 227 58
1288 3705 80
2655 500 93
2655 2720 92
1189 580 71
580 2965 63
580 2597 21
3600 756 44
3600 3738 52
756 3622 51
3615 1975 78
2081 56 81
2081 2284 66
550 1005 73
550 3394 100
550 1034 100
3896 3010 23
3010 2061 15
2979 1217 55
2979 3603 16
2979 590 48
2040 3565 14
3565 2920 88
3565 3013 26
3565 3300 23
3565 1737 69
3484 2628 20
1014 1237 2
1014 2600 17
1237 1604 38
1237 398 68
312 1658 73
312 3316 49
312 5 53
312 3090 27
1658 3852 42
2407 3121 45
2407 3745 93
2745 2048 30
3087 3240 3
3087 1362 27
3240 3492 85
3240 2908 60
1217 167 25
1957 1355 70
108 3668 25
108 3499 40
108 3707 75
108 3508 15
3668 1175 81
2454 2010 74
1489 2405 91
2760 2625 84
2760 1524 3
2760 3740 78
2760 3825 84
2760 2490 52
2625 2773 42
923 661 58
3386 949 31
3280 824 25
2025 1243 89
3794 2873 6
13 287 33
13 1875 35
13 2972 49
3277 3751 59
3277 3099 81
3751 2603 39
3751 406 64
1723 2653 20
1723 3901 25
1723 967 77
2653 2324 82
2097 3376 58
2908 1517 28
2908 55 1
3525 3422 85
3525 1802 47
3525 3207 46
3525 1988 48
1575 2039 44
1575 2094 18
2443 356 41
2443 2853 1
1008 95 86
1878 283 52
3901 2242 5
2242 2355 24
2242 3491 48
2242 3769 29
2071 2660 33
2071 2601 66
2553 3746 35
3746 1737 63
3746 3663 90
2059 1776 80
692 484 44
692 595 82
692 3666 53
484 761 83
3581 1012 27
3246 1541 94
1304 494 23
1304 1234 40
1304 1677 40
649 3305 72
649 2859 61
649 2974 53
649 328 50
649 36 40
1620 2504 27
1022 177 9
1022 1616 35
1022 3294 88
1022 892 63
2793 3591 58
2793 3838 62
2051 3763 36
2051 2502 45
2755 2810 51
740 2159 38
740 2771 61
3216 3517 28
3216 3476 37
555 350 31
555 2660 20
555 1171 29
555 3874 50
3722 2853 14
3722 3743 76
2853 2052 24
2355 2642 1
2355 589 59
2355 186 17
266 1595 21
1465 63 54
1465 1684 37
1465 1477 1
2555 1664 72
2555 1709 91
1664 3319 7
1664 1412 36
886 2727 64
886 3119 22
1296 1244 28
1296 2683 21
1296 1721 72
1296 3241 66
1244 944 43
1244 502 51
1063 2206 96
1063 2953 81
1063 2580 25
1926 3676 6
1926 711 35
1926 2969 47
1926 1490 76
2681 608 95
2681 1335 86
2681 3830 62
608 1832 68
1478 1511 61
1478 3177 35
1429 379 3
1811 2878 20
2878 1261 53
2878 2375 82
356 774 51
356 2805 48
1619 1213 65
3311 634 98
634 1476 78
634 973 33
2561 1727 84
2561 1026 64
2504 954 86
2504 2349 24
2504 2501 69
2504 3507 46
954 1743 13
3451 1497 28
2660 2410 21
657 2924 77
657 761 74
2924 2057 31
2924 1912 52
3739 138 56
1356 3651 26
1366 2746 21
1366 2121 59
1366 2906 53
3582 1148 61
3582 1087 38
3582 399 87
1842 422 75
1842 3164 14
3201 381 95
2872 3286 30
2156 366 44
366 1641 52
403 2713 10
403 3013 12
403 1331 21
403 167 22
1677 3819 60
3065 186 40
3065 1303 86
718 353 46
2804 1911 65
1911 1086 57
3847 2340 92
3847 2737 8
3847 1265 4
3847 3747 37
2340 2783 30
2752 1468 95
1604 1438 56
1438 3050 68
1438 932 34
1757 3890 4
294 2887 72
294 1405 76
3134 3692 43
3134 2993 32
2550 3727 53
3656 322 94
3656 1289 13
599 1374 94
3474 802 71
3474 2589 22
3474 3863 92
3508 3503 81
3508 3620 40
1193 1259 58
1698 2414 22
1698 1498 33
1698 196 38
270 3348 75
270 571 32
3348 3603 39
3348 3824 90
3348 470 43
3051 533 20
3222 2564 68
3222 2516 59
3222 1001 98
2564 2275 31
2564 1262 20
2995 1051 81
2995 1009 51
1051 917 31
1051 3204 93
1051 1496 16
1051 2187 30
1782 1766 49
595 1409 50
318 3593 70
380 828 56
380 132 58
380 3890 42
380 2990 67
828 2127 97
459 3393 22
459 2229 43
3393 1755 72
3393 2577 33
2969 402 8
3255 2690 66
614 1099 3
3318 2139 58
3318 897 71
3318 3909 70
3318 1450 39
2139 3073 90
2139 1019 14
1302 1600 89
1302 1797 46
1600 155 26
464 663 72
1313 2428 64
2428 379 80
2428 3687 72
2874 3552 96
1053 2228 77
1053 2687 25
1053 3154 28
1053 661 11
528 1087 53
2953 854 83
2953 3370 26
2953 803 12
854 1186 30
297 2375 5
2375 693 37
683 12 92
683 856 48
683 434 11
2055 20 54
2055 1097 33
20 1298 97
20 1034 13
596 973 59
2989 2099 11
2099 1019 28
765 2021 97
765 1228 55
765 3183 18
765 407 19
2003 1048 39
1005 1581 83
1873 1178 15
1873 2589 89
1178 518 62
1635 3354 4
1635 3591 9
3354 3082 2
3354 1163 88
3528 1968 26
797 210 47
797 3106 74
797 559 8
570 1916 14
1916 1816 26
1916 1969 38
529 2792 95
3853 1080 62
1080 2370 17
1511 2765 63
3409 3302 48
3409 2115 59
3409 3654 13
2972 1355 81
2972 1361 93
761 2820 54
1726 3889 52
2730 3002 12
2730 455 24
2730 2639 94
2730 2453 90
2229 2067 22
2229 3241 15
3492 778 60
650 3133 94
650 2548 72
247 3578 79
3578 2336 19
2001 1050 78
132 1614 46
1716 2272 12
2272 1524 63
3756 3433 16
3756 1318 32
3433 2337 89
1524 773 93
1808 1240 79
406 276 3
354 3461 24
354 2974 80
354 988 65
354 2370 17
2713 340 28
2713 1266 74
1432 70 61
1555 3607 88
1555 1069 79
560 1641 20
560 2580 29
2462 3768 52
388 478 52
2589 1784 61
2709 2825 41
2709 519 86
2709 1755 65
2136 2993 8
2136 1979 71
2748 1321 5
2748 2613 2
3281 3510 81
3281 1508 31
3281 1277 12
3510 2466 1
1245 36 60
1245 589 6
2839 2382 9
3587 112 59
552 1101 33
3701 1581 84
3293 2057 13
3293 2912 18
2057 3642 57
668 3325 45
668 1499 72
668 455 66
3103 1466 98
3103 2169 36
60 295 28
60 3092 83
769 2736 63
276 2858 24
276 2322 8
1227 2919 71
1227 1169 61
2919 688 6
1355 172 61
1355 2466 4
2913 461 38
461 1570 76
191 1181 97
3892 1316 2
3892 2311 82
3892 793 6
2706 200 56
1362 759 28
2193 1102 72
2974 1797 15
2974 3143 19
1797 1755 5
1797 653 65
781 1969 18
781 1616 13
781 1547 98
527 1839 26
527 3005 19
1839 16 39
1839 3797 1
1676 1035 48
2072 219 51
2072 1157 55
2072 3109 23
219 1240 73
219 2824 42
219 717 43
2810 523 1
917 2684 98
2847 3105 11
2847 3609 29
75 3124 72
75 2961 50
75 2665 98
3124 217 38
3124 2293 66
3124 511 35
1650 1134 66
1650 374 28
1650 594 59
1134 3622 24
2997 1410 68
2997 3509 77
3758 490 51
3758 3188 49
490 3920 80
1508 110 81
3198 618 90
3198 2453 5
618 3372 74
2577 558 46
2577 2109 7
3031 1943 69
3031 3410 70
1943 2368 85
16 2293 42
16 239 9
3013 381 52
3013 3900 58
3013 3744 77
381 3821 57
1592 3057 79
1592 2114 45
2032 1131 63
2032 2085 81
1131 2637 77
1700 3509 92
1700 3120 92
1700 602 38
470 688 74
3665 46 24
3665 611 80
46 3188 68
46 2762 62
1146 2235 50
1146 2231 41
1032 2076 81
1032 841 80
2076 2930 37
3736 3842 29
3736 2478 76
1834 301 50
301 1249 30
301 865 53
3489 1966 45
3489 3570 87
138 803 55
1073 751 84
751 2742 76
751 2720 55
82 1338 30
82 1437 68
82 2691 57
82 3463 53
3319 1776 17
186 540 37
3286 2945 88
3286 510 4
3286 3618 28
2945 3854 29
3168 1989 55
3168 590 14
1989 194 79
2243 2074 25
2243 892 20
38 1853 39
1853 3000 49
1853 239 57
1326 3742 20
1859 870 6
3067 1990 26
3067 137 7
3067 1856 62
1990 3035 89
2756 2159 95
2756 482 55
2756 2788 77
2756 2809 80
1699 842 71
1699 3129 63
1699 3737 70
3921 3769 58
940 1734 65
1734 1391 28
1734 2802 6
3550 2687 75
3550 3346 100
2687 3316 52
296 1606 16
296 1458 53
296 3042 8
1606 1186 43
1606 3455 68
1606 3000 46
3842 681 10
2324 1140 100
2324 3753 24
1182 1088 66
1088 4 65
1088 1006 10
1088 1647 60
1088 2615 43
2398 963 62
2398 2434 46
2398 1686 31
512 859 59
859 993 44
859 3839 12
1148 1621 14
2107 2142 6
498 211 80
498 384 3
211 3090 9
667 1468 73
667 3335 44
667 2279 45
667 3118 81
1162 15 5
1162 2112 93
1048 907 81
1048 2045 5
3731 3193 72
3731 3557 46
3731 517 20
3193 413 84
3193 3542 27
2248 2463 25
2463 3108 39
1056 658 54
3833 3320 4
659 1500 64
3444 684 11
3444 415 77
3444 3421 13
1991 1019 86
1991 2149 92
2943 3507 6
2943 3546 51
3507 3029 2
3507 2007 84
1518 803 33
1518 3471 93
2179 1979 54
2179 427 19
693 2554 100
693 1517 42
693 3034 60
2935 942 100
942 2187 2
942 3378 93
1298 3327 65
1298 3421 30
3480 2791 32
972 150 60
972 111 24
150 3378 52
2299 1282 80
2299 21 94
1920 54 67
1866 2944 31
3381 1714 2
3381 629 19
3381 1277 39
1714 1776 83
565 2911 68
3783 1097 77
3783 2201 81
3783 1942 18
3783 2573 73
537 3040 11
1804 147 13
1804 3085 92
1804 1228 33
2213 3455 40
2213 1802 56
2087 2534 36
2087 3584 89
2534 3316 87
715 1783 19
1466 3596 32
1466 2390 68
3596 2150 79
3596 865 57
2798 2037 97
2798 3054 90
169 3299 53
3299 695 31
1951 389 56
1951 2399 15
3269 1171 68
1171 1953 92
63 799 86
63 2169 68
63 1200 97
1680 1884 11
3713 3192 80
2911 106 67
2911 3506 67
2015 809 70
2015 2085 65
809 1501 17
95 1251 78
95 298 99
515 1826 73
515 2221 44
2686 181 48
2686 1905 47
1924 2837 89
352 699 17
352 916 25
352 653 7
352 3050 64
699 2769 64
2485 377 97
3699 2231 36
1015 1565 13
1015 590 45
1632 2126 73
2774 3728 50
1348 3623 85
1348 2811 100
1349 995 53
3623 3212 12
3623 2837 19
663 2400 16
2586 485 6
2121 2285 89
2121 1686 85
2490 2658 74
2490 1696 62
2658 2449 14
3167 2426 57
3167 2861 91
3167 3028 39
3167 2584 15
1293 2228 95
1293 2920 21
1293 1550 56
3900 1147 74
3900 887 9
3900 1351 32
2708 21 7
3062 1132 72
3062 1961 96
3062 1821 57
1132 1060 76
1132 3177 35
1132 2479 11
3398 2333 20
3398 824 52
513 2897 93
513 3000 90
2566 3121 33
2566 3186 42
2566 1621 63
2275 3035 49
1070 3584 35
1070 3394 8
3147 1641 86
3147 2466 37
1641 3541 8
2898 3654 20
2898 1160 92
81 2567 87
2567 2170 90
2567 3602 7
309 894 56
3828 204 51
3828 456 67
764 1168 48
3531 3841 68
1351 1314 88
1314 1783 98
1314 2064 63
3289 1828 57
3289 2154 18
3289 3789 89
3289 995 70
1157 3681 61
2459 2124 74
2459 3483 50
2459 48 37
2124 2910 50
2124 2203 36
3809 3291 32
451 1791 35
451 2397 54
962 1234 39
962 2927 59
962 3414 61
1904 656 12
3125 143 9
395 558 25
395 897 35
3093 3000 24
3093 3291 84
3093 419 67
3890 168 32
168 875 62
3909 3035 31
1034 1405 38
1034 1312 40
1034 535 23
2554 3250 67
2554 222 36
1391 1018 59
1391 712 34
1018 3850 19
2216 2420 74
819 374 89
819 3415 26
35 3074 88
35 870 88
35 1643 37
35 2211 51
1363 2411 46
3620 507 99
3620 998 65
1652 968 72
434 2140 37
434 1798 11
2140 3227 97
496 1584 34
1584 3924 67
3922 3673 84
1506 3698 50
1506 3131 75
1506 2126 6
1701 995 25
1701 1947 16
864 1446 65
2605 1318 2
1631 2887 100
1631 3373 52
1631 2115 78
1631 656 5
1570 3007 38
1570 571 85
1570 995 8
1743 1998 1
3547 3145 13
2477 772 73
2477 1234 86
772 131 45
1335 489 89
489 1837 77
2646 3282 48
2646 1621 28
3282 341 29
3282 2832 18
3282 2237 42
2326 3496 22
3742 350 26
2187 2499 55
2499 1000 77
3762 28 60
3762 2360 3
3762 2574 52
2820 1202 7
22 2344 25
4 3459 32
2154 1932 17
2154 2396 38
1932 2780 16
2482 1692 98
1321 2844 70
1321 2343 13
1047 1422 42
1487 2656 38
1968 3379 6
1968 1269 15
1968 188 75
799 359 12
799 1172 94
359 3705 74
359 612 40
210 3287 35
3674 2648 4
506 875 60
506 113 100
875 3856 9
2773 2884 87
656 480 11
3654 2992 21
1264 658 91
1264 3518 95
3455 2372 71
3455 3851 40
2372 1235 63
2372 3358 76
3410 3780 17
112 2801 6
1786 1396 81
1255 236 52
1255 2233 98
1255 2876 46
236 480 50
236 567 80
3215 3572 86
1377 3522 43
1377 3635 84
3776 1418 12
1418 1975 39
3483 2128 62
3118 3015 6
1614 1177 61
2337 3743 95
144 2330 66
3516 194 71
194 3152 71
2698 997 73
3616 2094 5
3616 1564 91
2036 3570 48
3486 2718 70
3486 2971 77
2785 3878 93
2978 2128 66
2128 3618 56
2169 2753 98
2169 1893 57
922 1297 19
922 3689 76
922 877 67
1297 1176 92
97 1783 16
1827 3294 37
1755 3644 21
2702 1536 28
2206 2392 98
1800 1081 65
3432 1963 87
3570 1501 10
280 3574 94
2597 1006 8
1006 1649 93
2095 2621 16
3378 3233 90
561 2159 33
2159 3518 85
3829 305 60
2621 1471 86
1776 2801 20
284 3188 68
25 1561 54
25 1020 42
25 497 94
1561 2736 69
3075 2910 96
3075 2731 40
2363 1687 61
2363 2788 17
2363 3149 67
3169 990 29
3169 2868 60
2705 1071 39
2705 353 5
2705 3780 62
2705 1190 8
2705 2501 16
1919 808 9
1919 1040 37
1919 838 32
2999 2622 90
2622 827 33
916 3133 51
916 3902 19
3133 1186 69
3133 1649 97
3081 2639 44
3569 3018 89
3018 3359 99
102 1168 44
102 2125 3
102 2560 30
102 629 74
3537 93 21
2188 1997 54
2188 2537 16
2616 2397 30
3622 1101 57
752 1545 67
752 1934 89
752 3045 6
2858 1265 84
331 3689 15
331 1876 72
331 3212 95
331 2021 88
427 1707 94
1707 2211 7
1707 1513 7
3377 2403 65
2403 1495 18
3740 55 77
3740 488 96
55 1938 16
55 1354 10
2052 227 26
2052 93 5
227 3394 58
2977 2639 18
2977 2818 41
821 2627 52
3681 3609 93
3681 3509 60
3681 1095 95
995 3438 89
995 804 85
3211 473 83
3211 3064 59
3839 2959 30
3839 2068 47
3606 3807 20
961 1933 86
961 2360 52
961 2035 16
1933 2349 96
2985 3238 5
3241 530 61
530 305 26
530 712 19
2400 2041 85
636 1187 70
275 3852 79
3481 2130 100
1749 2736 46
2736 52 81
3248 225 37
2110 3194 77
2110 3279 85
76 1291 23
52 3735 6
2721 792 16
468 1629 68
1115 1512 13
1673 1166 65
2310 92 5
993 968 3
28 589 87
480 2210 24
2458 1386 10
2027 1317 89
1161 1440 71
1440 3297 62
3305 1840 40
58 1153 96
58 3800 32
1783 3787 49
897 3557 25
2170 938 46
1514 2064 19
2064 2502 19
2397 1773 62
1153 1962 9
3559 370 66
349 1616 31
228 2457 61
3227 1501 12
1883 3635 100
1110 2862 2
2862 1000 75
2615 3159 52
3159 258 28
1768 2879 73
2879 2678 17
855 1975 60
1975 739 75
3199 162 99
814 2387 62
3210 1419 39
1446 2818 2
1446 2695 85
1446 2525 36
1832 590 13
1832 1163 90
1947 2489 98
1947 3716 46
1947 627 96
1905 3774 85
1905 1445 60
1905 1301 8
3774 3540 92
3346 33 34
3346 1686 24
33 1475 57
244 3115 52
571 627 67
2152 2682 90
2152 482 35
2682 3370 31
2235 842 19
3438 1672 41
3212 2245 62
3212 895 22
1181 520 10
520 3003 54
520 3639 10
289 2873 70
2457 419 46
419 2115 6
1556 3405 76
1556 1541 69
3704 1044 27
1059 719 67
2393 3753 87
2393 675 58
3753 3601 68
2418 2762 95
2053 1428 98
510 1416 35
510 1945 24
177 2635 49
1379 2426 84
401 3920 6
833 1050 88
997 1423 11
997 805 77
3339 3852 94
3339 2576 30
3852 2496 58
587 2035 31
587 1876 93
1876 420 64
1876 1961 51
2390 669 61
3881 48 35
3686 1184 53
3686 355 53
7 2548 62
299 1956 67
299 3838 45
1794 157 31
2360 3761 49
2468 517 68
517 1589 43
449 3491 32
449 3054 83
86 1291 53
1291 3265 38
413 235 77
3902 1536 68
3902 3060 77
1536 1413 39
3042 3421 1
2880 1333 90
3415 3205 17
3233 2588 66
439 3782 64
1544 263 29
263 3088 43
263 1305 36
533 1275 42
3268 750 28
170 2279 67
170 3848 42
1812 3188 48
1812 3205 36
1812 222 17
1812 361 79
3188 999 30
1840 1475 35
1840 564 64
1722 1343 60
3741 2120 19
2825 1450 45
1243 2954 94
93 1089 43
695 281 22
1979 601 37
1898 412 60
1898 1208 65
1898 2537 97
3131 1704 36
3032 1155 82
3032 1150 38
2011 196 75
622 1691 7
2699 3435 1
2007 1490 78
1490 2530 23
1578 1708 28
717 1946 18
717 3546 44
3376 1858 9
2362 2801 98
2415 2607 33
2601 2359 62
2601 1118 65
3180 1442 93
1442 1708 1
121 2992 46
121 2631 25
3562 426 91
3688 1024 85
1089 1616 73
921 841 50
1149 2068 86
3341 1505 29
1636 2540 67
2920 840 35
2920 1630 61
3499 546 48
1877 358 17
1877 3747 49
358 1214 41
358 900 34
300 2103 82
300 3811 64
300 3035 75
2103 3316 71
1880 3287 32
1880 2818 46
3287 2449 34
482 2288 69
1275 2725 78
1275 155 54
1275 2542 25
500 681 88
2211 1180 51
2558 1530 28
2558 1492 54
1530 1289 60
3151 1150 51
559 3174 37
255 2865 82
2865 295 7
3716 1007 92
1996 3139 48
1289 1301 72
1289 2887 19
1250 1772 35
279 1651 7
2888 3043 40
2888 3128 30
251 741 10
375 1885 13
375 714 70
375 2300 69
589 1170 47
1824 2718 62
2967 1763 58
1301 364 95
1069 930 25
2048 3294 36
2048 3414 65
3254 825 12
1315 534 23
1252 1127 44
1945 685 50
675 3629 98
3629 338 13
1101 3925 53
2313 2750 7
2313 2493 3
1230 1190 41
944 3146 88
944 670 20
1936 807 40
1936 2505 48
1086 3639 69
762 1914 11
762 3819 2
355 853 75
355 898 93
3611 946 76
1176 3020 8
2399 611 21
2543 930 100
2543 1751 33
3088 2631 65
3745 2161 94
3541 3885 41
3109 2088 35
2859 3189 44
2859 992 54
729 3278 29
930 832 10
930 3329 54
110 511 43
110 1766 19
110 3882 23
1437 2563 43
3260 1626 41
2844 1213 6
2580 2892 94
2580 2419 26
970 1992 75
1407 971 26
999 1144 39
999 3308 59
601 788 93
3440 757 17
231 2491 79
1236 2643 45
185 364 61
2626 1361 54
2408 3634 93
2783 1590 65
2783 2588 45
1590 2777 55
768 131 60
1283 1712 77
3605 869 95
3605 2796 85
869 973 16
3340 2772 26
1259 3315 74
2672 2800 96
2672 2570 6
3711 147 29
918 1413 17
1033 3122 71
3384 1084 20
590 956 29
1540 1925 93
3025 325 41
2396 2056 18
2396 3759 90
2588 2984 91
1753 3111 27
1753 1344 62
3908 2366 23
1997 2070 89
1997 1369 96
1708 2014 89
1708 627 60
2537 2034 58
1572 932 54
1572 2392 14
3207 2971 42
2315 3530 77
2315 2330 81
2315 511 18
56 3925 48
2412 1128 88
3146 3145 25
3146 1587 98
3146 2352 65
807 3910 51
3910 1598 22
3910 2238 76
1311 2578 29
2578 3026 9
3597 1717 39
77 2876 60
1084 3840 41
1050 844 96
3456 3367 22
2125 1493 62
1060 2809 3
1946 701 52
147 3775 14
2735 1711 22
2735 2933 95
673 3857 30
3593 3326 71
314 2572 24
2572 2325 67
808 2289 54
2665 3388 93
1501 1447 68
1447 853 40
1447 485 10
2336 2771 59
824 1096 3
70 2425 31
70 812 100
70 3854 34
1474 2675 40
3154 155 90
3768 3445 78
2644 2954 93
2644 2524 42
2644 834 52
1010 2777 17
2115 2419 93
2302 1151 22
3840 2506 84
3692 1210 7
1482 3524 45
2533 2384 5
3297 2201 32
3116 925 64
925 1169 40
2144 3657 51
947 2590 75
947 378 95
947 1651 36
2590 3176 19
3849 2846 23
2846 2505 85
3129 3854 34
3687 133 50
2112 425 17
2659 3052 3
127 2200 99
1285 2870 97
204 1747 82
1560 1464 28
1560 1476 66
745 973 25
1912 2265 48
682 3357 70
3357 3238 35
1308 3439 28
3868 2678 76
3868 2171 37
2352 1527 68
1269 1817 45
1269 173 92
3329 1660 59
3482 3290 30
1226 2507 27
452 1066 7
2772 1672 35
1228 575 70
1228 2970 61
3084 737 23
3294 1266 49
750 3843 73
1806 3163 1
1806 553 79
1550 2726 39
1837 647 72
1249 2540 48
2540 1998 56
2300 3152 37
2300 3608 90
2731 3720 73
2673 1634 33
1629 1535 72
1629 1492 4
3869 628 13
3869 2309 31
759 2429 44
483 2600 23
54 1983 20
973 2023 41
973 363 35
2479 827 40
3683 1672 90
2775 3579 28
1992 873 12
2258 3788 6
840 3670 31
2652 2944 33
3082 3608 61
1312 2893 53
2584 2409 47
1602 770 44
27 3918 74
27 1630 15
3843 1077 41
1942 2747 87
1331 3272 44
1672 3076 13
2544 234 15
3800 3353 66
2542 3673 41
1798 1197 68
3359 2236 42
3373 1953 21
258 2282 72
258 871 82
2296 2196 11
3599 3874 44
402 546 79
497 199 74
497 2930 41
2171 1174 20
2478 544 64
3372 197 43
534 2234 33
933 2345 35
2196 2866 35
2058 3715 62
3720 327 75
1638 2930 28
2127 2358 69
3382 3757 31
2309 2525 41
3030 385 21
385 2915 98
2970 2903 47
2986 2260 31
476 1025 26
3536 535 57
3272 771 1
3429 3058 26
195 1690 36
880 736 97
3102 3523 40
1882 1702 47
1618 362 68
