236 1121 7
236 866 58
236 370 13
236 361 60
236 55 96
236 843 13
236 237 78
236 286 65
236 932 49
236 220 17
236 817 26
236 818 35
236 511 43
236 612 76
236 358 80
236 233 85
1121 158 99
1121 659 49
1121 697 59
1121 326 38
1121 564 76
1121 702 84
1121 601 58
378 1032 22
378 649 5
378 555 52
378 619 69
378 250 87
378 427 49
378 368 6
378 1054 99
378 4 72
378 55 52
378 773 58
378 412 27
378 776 63
1032 257 39
1032 453 30
1032 335 94
1032 691 10
1032 574 67
1032 725 18
1032 93 79
1032 98 67
1032 897 37
1032 777 48
1032 458 81
1032 75 92
1032 99 70
1032 1049 44
1032 918 68
1032 752 95
1032 374 45
778 636 60
778 952 100
778 519 53
778 416 45
778 975 68
778 794 4
778 897 16
778 576 93
778 316 82
778 410 42
778 178 72
778 881 75
778 124 60
636 441 41
636 557 14
636 688 24
636 1020 8
636 367 41
636 477 5
636 551 9
636 1139 54
80 409 44
80 874 10
80 884 99
80 593 62
80 429 44
80 1123 29
80 191 30
80 705 45
80 177 26
80 106 51
80 308 9
80 1139 70
80 367 7
409 581 50
409 820 83
409 335 54
409 625 44
409 1175 46
409 754 52
409 1009 90
409 816 15
409 662 91
409 733 69
409 667 77
409 893 53
409 193 56
409 676 2
124 1082 66
124 705 16
124 267 96
124 534 43
124 186 47
124 292 41
124 1114 5
124 392 99
1082 5 5
1082 213 100
1082 287 52
1082 808 73
1082 789 46
1082 677 17
1082 1076 76
1082 949 65
1082 117 28
1082 970 93
1082 622 19
346 1113 91
346 1066 88
346 1036 96
346 702 87
346 117 2
346 184 89
346 605 60
346 257 13
346 613 25
346 61 34
346 783 91
346 773 25
346 990 66
346 1031 77
346 728 95
346 101 76
346 247 67
346 853 69
346 910 23
346 1047 24
346 158 35
1113 299 65
1113 969 7
1113 389 87
1113 919 64
1113 673 42
1113 1044 44
1113 882 67
1113 806 42
1113 630 31
804 296 42
804 893 59
804 708 79
804 631 89
804 833 82
804 293 27
804 206 72
804 13 29
804 181 91
804 730 85
804 482 52
804 872 96
804 911 51
804 261 1
296 1191 56
296 679 58
296 481 88
296 204 55
296 103 48
296 1067 70
296 82 3
296 1176 62
296 427 58
296 938 75
296 878 35
126 1074 98
126 1084 68
126 5 61
126 1108 68
126 415 2
126 1163 44
126 1027 97
126 571 65
126 550 81
126 1199 78
1074 564 11
1074 1104 2
1074 297 28
1074 572 56
1074 964 70
1074 187 52
1074 890 88
1074 1027 78
1074 13 40
1074 7 5
1074 633 10
277 896 77
277 406 49
277 722 89
277 398 84
277 966 19
277 23 9
277 869 69
277 855 73
277 410 31
277 55 48
277 1155 1
277 767 35
277 937 46
277 246 66
277 718 22
896 748 77
896 369 36
896 595 100
896 470 72
896 1195 64
896 437 25
896 721 92
896 465 49
896 30 35
896 70 54
896 100 94
896 1185 25
896 783 58
896 563 96
878 837 78
878 931 32
878 640 3
878 13 17
878 1198 49
878 291 83
878 1140 22
878 472 72
878 523 7
878 914 69
878 540 62
837 1063 83
837 14 70
837 1173 100
837 67 56
837 542 34
837 383 67
837 147 27
837 642 5
837 1018 73
837 189 60
837 441 93
837 129 36
837 202 71
1118 187 89
1118 1189 44
1118 224 69
1118 352 52
1118 300 26
1118 758 26
1118 588 8
1118 406 8
1118 554 28
1118 508 86
187 1141 97
187 1124 40
187 1008 15
187 954 46
187 1103 91
187 1035 42
187 637 87
187 800 45
187 1171 7
187 966 6
307 166 34
307 1039 3
307 499 15
307 162 47
307 209 82
307 933 99
307 442 19
307 606 94
307 880 19
307 272 92
307 300 18
307 1043 72
307 1061 33
307 1196 36
307 1174 8
166 195 61
166 300 76
166 278 62
166 960 76
166 308 2
166 1049 51
166 446 15
166 710 31
166 1027 62
166 292 70
166 253 90
166 764 1
166 920 87
166 893 67
166 489 97
166 707 43
884 943 82
884 991 20
884 53 36
884 364 23
884 438 13
884 440 52
884 1158 10
884 879 9
943 25 91
943 63 29
943 157 43
943 365 67
943 1005 44
943 1079 53
943 22 38
943 542 1
943 1182 51
943 434 99
943 313 72
943 844 99
943 740 33
943 1171 98
943 427 15
943 1038 35
943 891 64
943 84 58
943 591 92
943 716 93
137 872 44
137 374 87
137 391 17
137 955 2
137 673 86
137 499 68
137 738 100
137 8 94
137 83 21
137 464 25
137 736 80
137 229 12
872 496 100
872 457 99
872 519 45
872 184 22
872 329 70
872 1133 57
872 274 68
872 628 13
872 598 62
872 617 16
872 781 77
872 443 25
872 554 60
872 359 71
480 968 45
480 472 44
480 195 92
480 605 74
480 1075 91
480 217 5
480 652 16
480 673 12
480 311 79
480 1097 67
480 147 59
480 189 62
480 45 73
968 349 93
968 848 61
968 626 99
968 415 50
968 705 26
968 881 89
968 807 91
968 92 48
968 800 30
968 550 62
93 643 49
93 311 95
93 165 43
93 539 47
93 947 36
93 38 94
93 639 3
93 319 41
93 991 83
93 883 89
643 209 89
643 58 81
643 89 81
643 1163 64
643 907 18
643 970 29
643 461 97
643 745 22
363 400 13
363 26 67
363 918 50
363 299 52
363 142 14
363 1196 88
363 686 81
363 579 27
363 516 54
363 312 4
363 464 47
363 765 29
363 554 79
400 1139 88
400 1017 14
400 1052 37
400 289 27
400 381 19
400 695 92
400 917 4
400 348 21
400 782 25
400 1007 2
400 707 49
400 569 62
400 688 95
400 522 19
400 230 90
402 67 32
402 829 82
402 508 54
402 21 10
402 1122 44
402 996 10
402 405 64
402 1029 96
402 1105 8
67 651 9
67 561 46
67 22 22
67 1078 57
67 14 28
67 27 40
67 72 71
67 1152 67
67 1189 46
67 455 90
67 720 16
818 555 94
818 776 69
818 1129 85
818 584 85
818 1125 35
818 749 91
818 203 94
818 583 32
818 77 71
818 1023 100
818 979 55
818 308 28
818 365 76
818 991 31
555 527 89
555 1006 91
555 51 66
555 473 92
555 7 58
1160 1033 62
1160 1022 42
1160 986 44
1160 390 36
1160 942 28
1160 1134 70
1160 799 62
1160 927 80
1160 1005 98
1033 951 49
1033 231 74
1033 483 85
1033 7 23
1033 22 51
1033 938 20
1033 1128 90
1033 498 99
1033 477 94
1033 1196 54
1033 788 74
1033 932 25
1033 365 40
1033 172 30
148 928 72
148 589 75
148 469 60
148 877 41
148 699 26
148 1083 32
148 53 70
928 666 66
928 989 4
928 672 57
928 947 64
928 310 73
928 495 74
928 231 50
928 567 5
928 405 5
928 327 45
928 1134 6
928 1115 22
928 997 99
928 344 37
928 729 33
928 934 89
928 75 61
48 750 79
48 947 95
48 924 65
48 1089 88
48 743 77
48 983 43
48 840 92
48 1192 31
48 1090 14
48 479 17
48 702 24
48 1188 67
750 737 30
750 15 63
750 617 86
750 764 39
750 1007 46
750 454 97
750 960 94
750 190 75
1173 923 44
1173 405 60
1173 153 77
1173 360 10
1173 554 84
1173 384 69
1173 777 16
1173 769 54
1173 1048 17
1173 732 77
1173 670 86
1173 865 33
1173 144 71
1173 1200 35
1173 848 73
923 468 20
923 202 21
923 235 85
923 786 53
923 1061 40
923 497 42
923 703 91
923 1085 49
923 930 84
934 1054 85
934 603 96
934 610 85
934 470 27
934 1023 38
934 71 3
934 881 8
934 852 24
934 853 50
934 390 55
934 519 93
1054 591 55
1054 773 15
1054 530 53
1054 799 72
1054 353 57
1054 1193 100
813 416 75
813 722 49
813 389 89
813 958 23
813 253 15
813 223 36
813 1065 3
813 235 100
813 482 44
813 1190 74
813 228 32
813 946 69
813 1056 97
416 1022 8
416 209 34
416 954 45
416 1078 75
416 754 56
416 196 42
416 602 73
416 686 17
416 1079 51
416 252 89
416 725 98
416 1194 33
416 454 7
416 816 88
5 414 97
5 334 48
5 865 6
5 774 8
5 1101 88
5 435 63
5 743 20
5 287 15
5 721 34
5 423 93
39 925 98
39 235 88
39 946 20
39 211 8
39 374 21
39 726 74
39 195 56
39 640 53
39 446 6
39 129 29
39 763 59
39 1099 18
39 604 41
39 719 2
39 101 24
39 1020 49
925 488 72
925 1053 1
925 233 39
925 744 96
925 821 18
925 1133 5
925 70 59
925 1140 89
925 311 89
925 455 58
925 140 13
947 344 51
947 839 37
947 225 37
947 600 23
947 742 97
947 1087 35
947 281 51
947 406 78
947 457 27
947 244 7
947 131 83
291 519 36
291 517 55
291 779 45
291 944 74
291 179 18
291 926 9
291 971 39
291 990 72
291 580 34
291 749 48
291 581 83
291 1167 89
291 998 19
291 451 17
519 566 32
519 1041 16
519 997 97
519 838 96
519 1085 54
519 673 45
519 672 52
519 270 71
519 350 91
519 892 33
519 1076 36
519 171 44
519 204 100
519 583 89
519 106 18
892 38 31
892 879 31
892 741 42
892 756 99
892 962 98
892 550 25
38 333 70
38 858 63
38 234 91
38 1004 100
38 1135 90
38 714 63
38 195 22
38 1109 13
38 130 68
38 332 91
432 816 21
432 871 76
432 141 84
432 982 65
432 639 14
432 1156 52
432 575 40
432 23 47
432 132 100
432 135 69
432 288 81
432 838 54
432 596 10
432 990 35
816 468 97
816 92 88
816 534 77
816 987 47
816 1198 88
816 144 70
816 575 87
816 1161 97
816 1079 86
816 853 32
816 32 63
816 339 72
816 2 60
816 776 44
816 1062 89
816 913 95
526 331 55
526 293 24
526 779 12
526 568 53
526 630 89
526 204 42
526 550 35
526 393 76
526 408 85
526 181 18
526 625 24
526 839 66
331 119 30
331 267 10
331 1077 29
331 773 6
331 222 30
331 546 26
331 787 17
331 368 33
331 320 25
28 1187 63
28 604 43
28 1172 41
28 9 22
28 1163 97
28 300 18
28 829 76
28 141 60
28 877 62
28 721 84
28 27 73
1187 138 70
1187 1009 59
1187 739 63
1187 172 67
1187 758 5
1187 243 80
1187 640 84
451 1077 13
451 1178 60
451 423 55
451 551 9
451 1047 74
451 468 47
451 799 93
451 1100 46
451 445 43
451 373 87
451 82 2
451 1151 62
451 1068 34
1077 1137 13
1077 305 24
1077 1104 100
1077 1198 34
1077 761 82
1077 443 17
1077 670 59
1077 364 39
1077 1147 60
1077 784 53
1077 111 35
1077 948 27
1077 685 47
338 263 63
338 1090 6
338 85 76
338 871 6
338 785 74
338 694 9
338 768 28
338 125 61
338 935 17
338 486 74
338 629 73
338 1181 21
338 1104 55
338 1143 70
338 550 57
338 110 30
338 298 89
263 1075 78
263 77 24
263 940 7
263 655 100
263 962 79
263 524 43
263 149 60
263 779 44
263 676 73
263 697 86
991 466 54
991 755 96
991 351 98
991 350 31
991 630 57
991 633 97
991 161 24
991 259 79
991 497 51
991 590 63
991 612 16
991 634 61
991 1018 63
991 691 90
991 685 8
991 861 80
991 901 95
991 549 23
991 842 34
991 596 36
991 468 47
991 942 45
991 92 67
991 116 10
991 221 17
1102 304 23
1102 10 56
1102 894 8
1102 570 10
1102 342 74
1102 749 58
1102 353 9
1102 700 42
1102 1196 22
1102 587 26
1102 92 85
1102 781 43
1102 312 74
1102 905 80
304 686 21
304 794 58
304 766 32
304 1002 29
304 539 85
304 1196 87
304 753 99
304 218 63
304 728 58
304 436 21
304 145 34
304 756 54
304 94 42
304 285 15
304 1158 29
423 615 43
423 1095 1
423 102 19
423 282 62
423 462 28
423 845 59
423 474 84
423 1180 61
423 197 9
423 472 10
423 832 70
423 1075 87
423 684 7
423 380 25
423 1156 48
615 852 73
615 407 35
615 1191 75
615 442 3
615 139 13
615 982 71
615 930 31
615 141 2
615 862 80
615 388 6
615 1195 35
293 879 93
293 983 18
293 173 23
293 1085 15
293 269 12
293 869 91
293 1134 70
293 826 20
293 121 51
293 918 84
293 98 87
879 412 88
879 980 47
879 871 75
879 322 39
879 576 91
879 317 87
879 867 5
879 1064 86
879 389 31
879 430 73
879 774 4
879 910 38
879 477 87
879 1111 97
879 862 35
292 873 29
292 803 71
292 775 47
292 773 54
292 1035 41
292 281 29
292 1014 12
292 163 62
292 784 37
292 1049 42
292 1015 71
292 87 82
292 1188 11
292 1132 54
292 147 81
873 350 29
873 537 24
873 1037 75
873 125 31
873 150 84
873 1172 23
873 8 49
873 95 61
873 269 5
873 494 43
794 245 75
794 698 26
794 466 45
794 733 94
794 1163 82
794 493 37
794 389 86
794 450 47
794 130 73
794 405 63
245 805 85
245 317 7
245 757 86
245 438 94
245 85 72
245 865 4
245 151 48
245 970 79
245 531 19
624 53 95
624 1035 43
624 266 78
624 867 19
624 1044 5
624 1197 19
624 1062 41
624 670 58
624 298 86
624 305 2
624 10 100
624 397 42
624 808 99
624 206 19
624 499 6
53 1111 2
53 1021 23
53 948 94
53 648 3
53 824 81
53 857 65
53 10 67
53 1177 1
53 414 98
53 509 83
53 1117 76
53 52 28
53 954 20
1025 276 45
1025 8 100
1025 9 87
1025 547 12
1025 645 51
1025 25 45
1025 714 26
276 730 56
276 680 88
276 1091 82
276 408 51
276 90 32
276 112 39
276 179 8
276 570 5
276 850 26
1165 101 17
1165 458 79
1165 33 5
1165 645 6
1165 930 43
1165 638 63
1165 401 28
1165 792 41
1165 141 19
1165 108 27
1165 105 63
1165 69 80
1165 268 83
1165 1200 87
101 788 2
101 699 41
101 955 81
101 458 19
101 280 37
101 144 62
101 136 77
101 281 1
101 103 98
101 194 37
101 1031 53
944 213 29
944 809 7
944 135 55
944 422 58
944 198 75
944 329 96
944 815 79
944 208 18
944 980 33
944 65 60
944 564 82
944 54 37
213 1198 18
213 552 15
213 1064 17
213 1186 52
213 194 25
213 1199 89
213 1129 84
213 1070 22
441 30 97
441 952 58
441 312 92
441 874 56
441 688 55
441 484 86
441 47 3
441 677 62
441 1005 50
441 773 91
441 827 8
441 461 93
441 289 22
172 1172 50
172 748 66
172 632 19
172 619 14
172 141 9
172 471 60
172 366 85
172 998 90
172 661 76
172 238 12
172 808 95
172 800 6
1172 24 56
1172 560 40
1172 1060 43
1172 948 52
1172 551 56
1172 902 5
1172 438 74
1172 1081 23
1115 114 11
1115 599 55
1115 949 68
1115 146 77
1115 1008 53
1115 955 72
1115 1151 24
1115 1175 14
1115 360 85
1115 619 68
1115 98 93
1115 605 50
1115 8 34
114 930 92
114 355 45
114 791 58
114 897 51
114 822 80
114 15 33
114 146 23
114 332 4
114 9 49
680 603 55
680 619 8
680 927 26
680 531 83
680 366 26
680 629 71
680 990 40
680 838 82
680 151 51
680 832 63
680 392 5
603 164 8
603 694 56
603 77 77
603 287 35
603 541 5
603 592 88
603 1108 59
603 525 29
603 1193 23
603 142 2
603 770 75
603 800 57
603 136 12
846 254 60
846 314 63
846 163 42
846 637 33
846 577 67
846 194 99
846 77 9
846 664 83
846 1186 69
846 1159 25
846 150 90
846 1130 56
846 657 48
846 819 37
846 152 13
846 1047 10
254 18 32
254 58 1
254 793 26
254 472 18
254 618 84
254 380 16
254 1004 19
254 895 23
254 330 69
254 556 50
254 957 30
85 472 7
85 786 56
85 658 40
85 895 27
85 440 61
85 851 22
85 994 75
85 864 20
85 229 79
85 1006 25
85 827 91
85 936 87
472 471 79
472 195 26
472 1068 89
472 107 87
472 757 94
472 894 91
472 841 68
472 1001 13
472 1103 30
472 601 62
472 678 14
472 665 60
785 107 96
785 1071 56
785 899 100
785 1060 17
785 562 65
785 1170 36
785 771 49
785 362 65
785 727 82
785 1008 57
785 612 23
785 1021 77
107 51 21
107 418 25
107 36 15
107 911 21
107 907 26
107 1062 38
107 162 48
107 332 83
107 644 46
505 1125 96
505 829 42
505 495 26
505 242 89
505 614 12
505 200 79
505 883 43
505 642 56
505 1014 97
505 418 31
505 414 57
505 1065 41
505 201 62
505 106 10
1125 619 70
1125 788 30
1125 21 79
1125 877 34
1125 1127 26
1125 159 23
1125 131 11
1125 238 58
1125 76 98
1125 861 99
619 389 21
619 502 52
619 856 67
619 167 71
619 893 85
619 810 97
619 281 26
619 765 30
619 1119 84
619 553 71
619 49 67
619 870 42
619 600 75
619 202 85
619 566 78
619 30 33
619 183 24
389 799 46
389 202 24
389 767 77
389 1044 61
389 129 39
389 854 44
389 613 94
389 408 88
389 984 43
389 97 27
389 951 35
389 917 99
389 1016 51
389 982 20
389 617 77
389 332 1
389 950 7
1150 1142 90
1150 960 77
1150 512 78
1150 975 38
1150 718 1
1150 90 76
1150 327 18
1150 942 28
1150 959 63
1150 443 62
1150 627 72
1142 1021 22
1142 843 87
1142 614 89
1142 759 20
1142 912 89
1142 1108 24
1142 157 7
673 650 52
673 238 55
673 344 41
673 1135 8
673 653 29
673 1122 16
673 769 90
650 466 50
650 670 93
650 218 68
650 760 97
650 30 100
650 1123 11
650 617 77
650 832 9
650 886 55
650 104 39
650 371 44
650 729 51
650 517 37
650 1042 81
650 59 47
650 210 1
936 870 1
936 417 56
936 433 39
936 1127 34
936 104 70
936 730 89
936 199 68
936 1048 40
936 247 13
936 3 7
936 558 36
936 1066 66
870 653 25
870 1132 39
870 806 47
870 1062 35
870 60 98
870 33 43
870 827 50
870 358 23
870 589 11
870 125 12
870 515 49
870 239 66
870 54 63
870 62 3
29 15 1
29 701 55
29 429 78
29 498 78
29 1098 64
29 776 74
29 25 70
29 576 45
29 718 63
29 723 42
15 701 78
15 1196 39
15 1128 83
15 314 37
15 1052 92
15 618 2
15 315 81
1080 248 6
1080 479 14
1080 881 63
1080 1178 84
1080 814 1
1080 262 45
1080 711 13
1080 973 23
248 370 49
248 780 40
248 342 97
248 656 27
248 1171 9
248 287 49
248 1062 83
248 160 71
776 169 14
776 106 71
776 774 70
776 590 32
776 165 43
776 1029 9
776 586 32
776 123 39
776 843 94
776 426 5
776 54 49
776 200 1
776 301 85
776 755 48
776 34 36
776 728 2
776 1057 64
776 81 26
425 727 74
425 325 95
425 840 19
425 12 71
425 43 75
425 297 11
425 933 23
425 538 45
425 592 34
425 195 6
425 1137 91
425 891 27
727 359 71
727 1196 79
727 483 30
727 96 8
727 200 70
727 970 50
727 948 92
727 1041 42
727 437 21
727 714 44
727 3 54
727 221 57
1039 392 62
1039 744 13
1039 288 99
1039 100 19
1039 459 78
1039 730 52
1039 1188 25
1039 18 5
1039 684 65
1039 647 72
1039 370 25
1039 208 12
1039 802 51
604 9 2
604 208 11
604 880 24
604 898 4
604 513 3
604 283 64
604 374 50
604 381 53
604 17 47
604 490 6
604 1197 35
604 938 85
604 158 92
604 50 7
604 155 46
604 684 24
604 238 88
604 211 74
1141 195 28
1141 491 72
1141 1008 36
1141 581 63
1141 547 31
1141 383 4
1141 549 100
1141 761 20
1141 51 80
382 1158 23
382 488 6
382 993 92
382 311 55
382 458 3
382 547 69
382 113 65
382 1162 24
382 459 50
382 571 78
1158 421 19
1158 883 85
1158 422 86
1158 33 67
1158 305 32
1158 699 82
1158 464 79
1158 274 22
1158 960 80
1158 605 44
1158 260 75
1158 214 32
1158 774 46
45 515 97
45 633 97
45 58 56
45 136 4
45 438 55
45 377 45
45 865 64
45 1170 26
45 68 90
45 189 49
45 260 98
515 709 61
515 791 25
515 420 99
515 911 87
515 983 24
515 1138 69
515 912 24
515 666 7
515 529 91
515 1178 25
515 654 75
515 224 75
515 772 95
515 223 50
466 606 78
466 339 80
466 1105 37
466 122 83
466 328 93
466 985 41
47 717 100
47 810 21
47 760 57
47 641 66
47 224 51
47 219 2
47 998 18
47 198 94
47 353 81
47 655 46
47 129 32
47 328 71
47 946 23
47 780 18
47 273 64
717 468 32
717 310 42
717 334 96
717 667 39
717 6 83
717 467 42
717 582 70
717 227 69
717 843 80
760 1038 81
760 1086 35
760 384 23
760 374 87
760 895 50
760 722 12
760 836 21
760 442 15
760 820 7
760 1026 93
1038 635 74
1038 930 46
1038 265 77
1038 1084 9
1038 297 6
1038 560 62
1038 442 22
1038 454 17
1038 599 36
1038 483 86
1038 278 11
1038 557 29
1038 600 23
1038 19 30
350 810 31
350 1144 18
350 732 97
350 1190 82
350 622 81
350 1146 66
350 374 4
350 407 49
350 1061 98
237 868 24
237 7 70
237 986 84
237 850 83
237 914 61
237 817 20
237 327 70
237 394 6
237 251 76
237 405 8
237 1171 2
237 700 47
237 815 61
237 217 10
237 315 10
237 1022 26
868 195 66
868 75 48
868 1015 8
868 632 31
868 737 17
868 663 40
868 59 39
580 1124 93
580 809 24
580 26 97
580 1091 69
580 1000 71
580 129 86
580 205 19
580 319 89
580 188 35
1124 819 67
1124 257 18
1124 984 88
1124 489 14
1124 809 8
1124 503 80
1124 437 67
1124 762 26
1124 119 25
1124 662 38
1124 912 21
1124 531 73
1124 458 17
786 737 67
786 127 42
786 683 56
786 1098 73
786 435 68
786 747 30
786 270 70
786 64 7
786 809 58
786 1019 26
786 606 11
786 7 63
989 493 75
989 1164 30
989 314 44
989 1177 3
989 234 44
989 921 87
989 1058 42
989 379 56
989 440 65
989 1108 15
989 805 45
493 105 28
493 361 96
493 422 10
493 226 35
493 264 19
493 698 49
493 610 29
493 647 24
493 564 87
493 790 8
493 789 38
941 912 98
941 853 16
941 682 69
941 538 78
941 476 34
941 574 27
941 169 88
941 881 39
941 396 21
941 743 48
941 586 74
912 469 76
912 478 21
912 1149 60
912 486 76
912 21 32
912 805 72
912 246 99
912 1055 22
912 1030 45
369 685 9
369 935 85
369 366 81
369 845 52
369 40 97
369 1194 83
369 924 2
369 701 67
369 722 28
369 518 9
369 179 69
369 200 99
369 309 9
369 1046 93
369 95 63
685 239 88
685 503 22
685 141 20
685 698 73
685 578 94
685 728 85
587 848 74
587 16 66
587 565 82
587 523 77
587 745 67
587 854 96
587 1017 56
587 18 17
587 1015 12
848 1155 2
848 1018 78
848 417 78
848 1096 69
848 626 75
848 229 74
848 150 44
848 286 18
848 762 1
848 1163 63
848 853 66
848 453 4
848 368 36
848 72 39
848 79 98
848 1109 29
848 261 84
848 4 84
456 104 60
456 628 66
456 1099 80
456 709 54
456 330 69
456 275 76
456 491 30
456 494 83
104 726 94
104 681 81
104 164 7
104 996 68
104 628 32
104 660 60
104 856 84
104 268 83
104 1011 65
104 710 63
104 784 94
1091 802 20
1091 681 91
1091 960 84
1091 179 25
1091 343 79
1091 736 56
1091 834 39
1091 996 42
1091 134 69
1091 117 94
802 937 67
802 1101 32
802 1081 70
802 1047 33
802 1097 69
802 875 14
802 999 62
802 360 29
802 659 19
802 267 91
1161 1169 76
1161 748 91
1161 640 94
1161 614 45
1161 579 76
1161 596 38
1161 113 36
1161 442 92
1161 170 74
1161 412 16
1161 895 69
1161 518 91
1161 903 31
1161 549 31
1161 532 29
1161 13 33
1169 204 38
1169 529 73
1169 242 19
1169 312 29
1169 622 8
1169 646 50
1169 503 61
1169 49 40
1169 909 53
1169 862 69
1169 138 58
1169 83 18
1169 682 82
1169 805 26
1169 1154 88
1169 666 39
1169 922 27
353 1024 24
353 799 36
353 352 96
353 340 63
353 832 53
353 1011 4
353 1122 61
353 356 58
353 8 29
353 565 20
353 909 56
353 190 5
353 547 88
1024 1069 40
1024 692 72
1024 62 26
1024 1170 8
1024 491 5
1024 1004 26
1024 753 81
374 1180 80
374 582 33
374 260 75
374 652 50
374 160 40
374 199 2
374 324 1
374 119 25
1155 1185 63
1155 683 81
1155 361 92
1155 143 39
1155 196 20
1155 607 40
1155 383 93
1155 653 56
1155 42 16
1155 577 93
1155 52 45
11 215 68
11 478 98
11 487 84
11 900 64
11 645 7
11 775 80
11 883 57
11 842 49
11 42 94
215 130 53
215 1099 19
215 1044 76
215 726 42
215 591 98
215 483 74
215 800 33
215 163 59
215 3 23
215 863 81
215 723 8
215 459 38
215 438 98
215 491 52
215 529 53
553 298 81
553 594 59
553 1101 95
553 125 75
553 742 64
553 701 83
553 131 8
553 770 68
553 988 49
553 1086 15
553 593 63
553 473 80
298 1072 58
298 1067 83
298 1061 81
298 1062 67
298 645 13
298 863 65
298 225 45
298 713 61
326 448 42
326 744 64
326 702 32
326 959 91
326 932 100
326 1021 71
326 721 50
326 310 15
326 634 26
326 894 57
326 590 39
326 324 90
448 509 11
448 271 14
448 408 53
448 386 10
448 588 21
448 833 14
448 994 5
448 875 86
448 274 50
448 477 57
448 310 50
448 1139 9
448 1190 89
60 653 88
60 986 58
60 508 58
60 1004 59
60 629 64
60 479 9
60 719 63
60 560 6
60 1133 36
60 976 84
60 805 79
60 1001 21
60 539 2
60 1099 36
653 1176 65
653 469 61
653 1096 39
653 904 4
653 516 38
653 128 15
653 1180 85
653 373 13
653 917 25
653 91 32
653 695 76
653 1008 14
653 712 22
653 322 89
1138 663 69
1138 1056 3
1138 300 81
1138 281 10
1138 699 49
1138 665 86
1138 998 42
1138 573 52
663 530 80
663 392 100
663 874 2
663 219 30
663 230 73
663 413 74
663 257 64
663 743 16
663 711 19
663 889 74
1084 693 53
1084 599 51
1084 1006 29
1084 661 57
1084 976 27
1084 510 21
1084 698 17
1084 348 37
1084 642 1
1084 836 31
1186 482 61
1186 971 1
1186 22 29
1186 495 15
1186 73 98
1186 453 33
1186 922 35
1186 707 84
1186 1189 51
482 170 94
482 459 72
482 982 59
482 821 35
482 1112 31
482 151 32
482 586 48
482 850 53
482 949 32
732 563 51
732 342 8
732 847 75
732 297 43
732 1176 59
732 798 100
732 23 52
732 1073 62
732 770 10
732 518 54
732 791 57
563 814 52
563 108 95
563 667 45
563 325 51
563 336 76
563 689 20
563 1174 86
563 6 30
50 457 26
50 864 49
50 347 57
50 930 25
50 578 63
50 289 16
50 1192 28
50 197 11
50 348 22
50 24 47
50 183 73
50 1071 17
50 631 73
50 623 33
50 801 73
50 551 95
457 999 19
457 1179 1
457 70 40
457 560 97
457 777 90
457 975 1
457 272 31
457 646 1
457 677 94
457 960 97
436 909 3
436 197 55
436 1004 62
436 496 26
436 629 91
436 930 95
436 347 60
436 744 94
436 965 32
436 914 55
436 147 88
436 652 64
436 491 24
909 252 55
909 979 31
909 730 71
909 189 63
909 782 75
909 606 100
909 542 75
909 258 99
909 901 75
909 362 88
909 1111 6
1149 687 1
1149 544 91
1149 759 81
1149 831 87
1149 65 4
1149 787 29
1149 359 56
1149 434 73
1149 1030 19
1149 1189 57
687 249 83
687 13 3
687 1042 31
687 556 10
687 494 64
687 539 50
687 969 22
687 768 11
687 219 26
687 1159 68
687 370 73
687 117 54
687 914 98
687 86 20
308 764 74
308 756 30
308 847 73
308 893 61
308 182 83
308 964 39
308 963 77
308 266 41
308 95 66
308 561 4
308 1131 36
308 243 26
308 270 97
308 152 77
308 1001 29
308 365 87
308 719 68
764 1045 61
764 1198 98
764 201 64
764 330 40
764 469 91
764 688 59
764 693 17
764 596 21
764 180 12
764 288 33
1176 1058 60
1176 476 27
1176 644 74
1176 174 8
1176 155 52
1176 757 64
1176 499 7
1176 937 59
1176 910 83
1176 371 3
1176 525 46
1085 830 46
1085 1152 100
1085 84 94
1085 980 60
1085 718 66
1085 1181 70
1085 344 67
1085 881 19
1085 724 63
1085 543 17
1085 320 68
1085 136 78
830 799 79
830 219 95
830 772 57
830 1189 74
830 1046 23
830 863 86
830 420 32
830 525 78
830 538 64
830 340 2
830 575 87
830 850 5
830 761 34
830 397 14
620 158 5
620 123 60
620 513 99
620 46 8
620 37 7
620 146 77
620 986 81
620 939 85
620 334 85
620 299 5
620 749 66
158 66 39
158 452 30
158 383 42
158 385 83
158 1154 90
158 197 60
158 840 52
158 335 51
158 544 5
158 713 74
158 832 69
158 305 72
158 642 11
488 863 37
488 1197 85
488 1166 96
488 179 49
488 1122 91
488 599 92
488 168 57
1058 301 81
1058 749 24
1058 577 98
1058 825 74
1058 322 14
1058 186 61
265 14 12
265 343 88
265 1000 18
265 755 23
265 666 49
265 632 63
265 769 27
265 1035 7
14 41 37
14 428 11
14 58 11
14 287 23
14 763 95
14 697 19
14 880 97
14 606 10
14 1013 43
14 98 11
14 1097 23
702 1143 4
702 69 5
702 390 89
702 930 57
702 795 71
702 394 82
702 686 58
702 1044 32
702 531 5
1143 1191 21
1143 27 28
1143 219 59
1143 577 12
1143 43 28
1143 421 87
1143 528 5
1143 772 75
1143 25 100
1143 229 71
222 1062 43
222 561 73
222 573 35
222 86 96
222 731 77
222 588 73
222 139 64
222 282 99
222 559 95
222 600 87
222 25 43
222 330 25
1062 723 38
1062 1065 33
1062 798 65
1062 529 93
1062 438 67
1062 918 54
235 259 19
235 491 6
235 1136 87
235 285 19
235 548 16
235 822 1
235 573 75
235 508 78
235 315 27
235 1180 79
883 44 34
883 972 88
883 189 57
883 390 99
883 91 9
883 426 27
883 386 99
883 255 63
883 130 81
883 1168 38
883 1002 31
883 607 42
44 259 90
44 581 18
44 602 94
44 951 97
44 886 19
44 58 39
44 915 44
44 335 78
44 691 10
44 506 81
686 241 8
686 864 27
686 229 53
686 675 9
686 976 44
686 1072 2
686 639 10
421 665 8
421 975 71
421 841 93
421 1170 35
421 503 95
421 1059 71
421 577 63
421 343 77
421 147 32
421 459 97
421 199 50
421 999 96
421 281 95
421 789 13
421 602 66
665 1123 33
665 1043 83
665 640 50
665 793 26
665 528 58
665 165 20
665 768 49
618 130 85
618 396 99
618 384 49
618 649 72
618 597 28
618 356 11
618 1021 94
618 783 38
618 1081 18
130 117 53
130 735 94
130 154 74
130 798 25
130 91 3
130 128 2
130 345 46
130 655 79
130 544 28
130 1049 85
130 420 79
130 123 33
130 926 39
130 701 61
30 656 93
30 12 36
30 856 16
30 207 17
30 453 24
30 477 48
30 1065 84
30 699 42
30 801 37
30 952 70
329 710 10
329 1185 74
329 514 81
329 1104 53
329 1086 44
329 811 58
329 706 53
329 2 53
329 716 32
329 1175 100
710 1000 5
710 733 89
710 224 67
710 900 9
710 305 9
710 486 53
710 692 60
710 1108 52
710 367 5
710 622 35
710 988 86
720 866 26
720 70 84
720 1139 24
720 1017 86
720 355 83
720 244 27
720 574 45
720 475 77
720 1053 27
720 127 81
720 211 3
720 181 93
866 121 40
866 1050 91
866 313 21
866 305 32
866 37 89
866 324 75
866 737 40
866 381 85
866 479 66
866 242 7
18 310 22
18 625 10
18 525 10
18 1000 89
18 614 79
18 464 4
18 170 34
18 578 8
18 738 36
18 787 30
18 1051 25
18 287 26
18 520 17
18 414 26
310 196 64
310 920 73
310 280 78
310 132 34
310 79 57
310 713 23
310 238 56
310 676 57
310 752 91
310 617 78
310 737 66
310 241 6
560 612 32
560 241 45
560 976 11
560 1119 81
560 648 13
560 1144 33
560 793 46
560 57 65
560 922 38
560 908 41
612 907 41
612 825 57
612 380 79
612 986 90
612 100 9
612 826 75
612 565 39
612 257 51
612 1094 93
612 1063 31
612 973 44
629 88 94
629 769 100
629 799 2
629 503 89
629 630 18
629 1151 75
629 713 70
629 434 69
629 632 23
629 654 25
88 31 69
88 468 91
88 1075 71
88 92 3
88 826 100
88 524 81
88 131 25
88 413 14
88 929 62
88 852 75
88 240 53
1000 1140 100
1000 511 39
1000 1072 67
1000 781 52
1000 875 61
1000 240 55
175 443 44
175 194 64
175 958 74
175 330 20
175 954 89
175 834 62
175 639 31
175 1097 3
175 183 74
175 72 49
175 973 86
175 342 90
443 434 61
443 589 73
443 355 45
443 285 11
443 795 30
443 1117 47
443 1134 67
443 899 32
443 1120 35
443 638 33
443 701 64
443 875 18
443 865 88
443 311 67
173 264 10
173 648 87
173 476 52
173 901 72
173 956 86
173 824 2
173 894 93
173 877 58
173 1178 93
173 857 38
173 87 9
264 1003 58
264 1090 92
264 1063 94
264 393 23
264 793 12
264 697 87
264 770 70
264 957 74
264 279 17
264 319 31
264 977 91
264 774 77
264 828 24
264 59 57
244 289 30
244 468 100
244 715 93
244 1053 85
244 460 19
244 1002 34
244 545 56
244 1052 82
244 191 69
244 921 5
244 1168 42
244 266 7
244 312 79
289 574 86
289 970 12
289 72 9
289 328 96
289 161 2
289 63 96
289 803 51
289 954 52
289 677 98
289 739 73
289 1044 77
197 507 14
197 918 70
197 874 98
197 1046 44
197 449 27
197 889 31
197 765 1
197 600 100
197 69 35
197 957 25
197 407 21
197 977 52
197 145 24
197 471 79
507 729 95
507 449 73
507 859 19
507 1018 50
507 662 66
507 865 93
507 1072 73
507 753 41
507 112 1
507 998 88
507 385 7
294 670 37
294 1163 92
294 631 50
294 463 68
294 199 52
294 1026 54
294 959 82
294 668 81
294 598 18
294 109 31
294 477 7
294 1081 18
294 125 54
294 1011 45
294 1197 52
294 900 29
670 967 26
670 123 23
670 1045 17
670 1151 56
670 579 42
670 838 55
670 99 15
670 206 17
670 520 34
670 865 71
195 733 28
195 392 59
195 1007 5
195 1069 74
195 777 22
195 734 86
195 386 61
195 601 21
195 303 83
195 2 88
195 103 29
798 1175 25
798 25 49
798 742 8
798 275 25
798 716 59
798 566 87
798 1105 4
798 889 84
798 427 39
798 1004 99
798 585 93
798 676 20
798 1167 23
798 700 100
1175 22 73
1175 981 43
1175 384 23
1175 318 6
1175 707 79
1175 920 15
1175 317 88
1175 803 36
1175 1021 57
1175 625 42
1175 1178 80
1175 119 88
918 388 96
918 518 71
918 957 45
918 424 82
918 61 53
918 1112 38
635 838 26
635 574 52
635 111 65
635 869 21
635 722 73
635 938 4
635 462 32
635 335 75
635 645 32
635 90 44
635 270 54
25 736 9
25 950 75
25 32 43
25 1095 71
25 637 33
25 719 84
25 1037 85
25 125 72
736 1011 8
736 745 1
736 1010 26
736 781 72
736 722 75
736 1189 27
736 1068 7
736 320 99
736 919 28
736 33 52
919 763 37
919 661 36
919 731 54
919 548 22
919 194 20
919 902 27
919 897 54
763 272 93
763 397 52
763 477 37
763 953 35
763 1067 70
763 238 4
763 396 84
763 927 80
763 288 2
763 793 43
763 6 39
763 833 22
763 841 30
763 771 22
958 954 15
958 780 87
958 174 100
958 1045 6
958 797 24
958 692 58
958 894 38
958 965 88
954 920 3
954 6 88
954 1093 2
954 748 25
954 196 15
954 880 74
954 863 90
954 174 78
954 937 49
954 1199 31
954 84 92
954 387 79
954 113 48
954 149 93
229 165 40
229 274 10
229 516 34
229 377 79
229 66 66
229 664 15
229 712 2
165 340 5
165 898 29
165 227 57
165 504 91
165 558 59
165 584 66
165 491 66
165 900 55
165 497 11
530 508 73
530 972 97
530 407 72
530 554 39
530 131 73
530 854 82
530 993 88
799 549 13
799 522 12
799 955 3
799 959 85
799 285 7
799 1112 53
799 962 38
799 249 46
799 817 100
799 125 58
799 622 89
219 313 12
219 1034 51
219 62 48
219 984 67
219 502 67
219 990 76
219 240 20
219 159 75
219 601 8
219 299 88
978 9 55
978 829 38
978 517 94
978 824 8
978 316 90
978 1004 25
978 286 96
978 1048 42
9 571 29
9 141 98
9 599 20
9 280 3
9 554 64
9 698 81
9 514 59
9 119 77
325 633 80
325 355 39
325 273 61
325 34 78
325 387 53
325 226 90
325 645 20
325 56 28
325 630 74
61 857 45
61 729 49
61 546 97
61 567 27
61 1119 21
61 739 80
61 900 12
61 1185 88
61 459 7
857 755 28
857 1013 60
857 596 86
857 1099 64
857 962 38
857 1042 76
857 333 5
857 862 62
857 805 48
857 206 28
857 136 72
608 116 38
608 1136 77
608 844 26
608 771 36
608 755 38
608 145 59
608 1047 84
608 1127 44
608 239 90
116 449 58
116 143 91
116 398 31
116 479 77
116 121 97
971 1026 17
971 262 28
971 812 35
971 574 95
971 171 3
971 200 20
468 871 42
468 812 34
468 318 10
468 529 74
468 483 4
468 387 9
468 633 62
468 1188 90
468 853 43
468 157 71
468 1184 54
715 1012 80
715 1128 58
715 1197 66
715 340 27
715 840 33
715 176 34
715 72 51
715 1192 50
715 527 27
617 541 12
617 343 34
617 588 68
617 569 47
617 713 43
617 678 39
617 723 3
617 593 75
617 486 87
617 324 73
617 594 68
617 450 59
617 394 15
617 52 81
617 71 48
541 998 59
541 855 25
541 212 81
541 435 28
541 491 43
541 96 54
541 538 42
829 1147 32
829 288 96
829 241 31
829 1037 48
829 998 92
829 682 45
829 390 43
861 1001 80
861 1081 55
861 361 78
861 140 87
861 748 44
861 669 13
861 946 54
861 511 65
861 695 93
861 762 47
861 516 79
1001 592 7
1001 664 42
1001 754 85
1001 194 69
1001 344 32
1001 871 37
1001 485 17
1001 445 7
1001 1049 72
1001 318 62
1001 1079 22
1001 730 97
109 1004 24
109 770 59
109 1166 65
109 742 30
109 688 99
109 121 43
109 417 35
109 990 35
109 682 16
109 721 66
109 1181 5
109 782 11
109 548 31
1004 854 77
1004 1137 30
1004 160 81
1004 812 81
1004 845 1
1181 547 76
1181 607 44
1181 381 25
1181 675 93
1181 84 96
1181 367 88
1181 1191 89
1181 641 26
1181 890 21
1181 151 100
1181 1135 67
547 1098 61
547 600 14
547 512 20
547 698 75
547 1071 9
547 351 26
547 1068 90
547 520 31
547 675 73
547 692 41
547 897 26
281 377 73
281 341 60
281 691 57
281 993 13
281 315 74
281 54 24
281 658 24
377 214 5
377 862 95
377 601 10
377 309 94
377 24 76
313 820 56
313 501 78
313 962 96
313 639 12
313 384 25
313 1114 68
313 261 98
313 927 65
313 255 50
313 671 29
820 598 48
820 703 33
820 459 90
820 773 83
820 178 50
820 752 74
820 985 76
820 539 76
820 616 58
476 937 12
476 511 78
476 668 45
476 869 32
476 1182 24
476 431 25
476 396 39
476 540 54
754 869 43
754 98 59
754 797 51
754 125 14
754 1048 51
754 117 2
754 739 96
754 1162 64
754 826 73
754 634 72
754 628 41
754 271 11
869 579 18
869 65 86
869 664 22
869 259 72
869 209 11
869 867 25
869 1051 21
869 500 75
869 1023 70
869 43 98
644 135 83
644 95 93
644 567 81
644 678 50
644 247 86
644 672 75
644 1065 2
644 366 40
644 17 96
644 150 47
644 393 29
644 885 80
437 899 51
437 312 90
437 1117 53
437 594 93
437 718 5
437 234 36
437 880 94
437 37 22
437 522 68
437 41 51
437 340 61
437 280 46
437 935 55
437 1168 6
437 318 10
437 103 19
437 787 48
899 1040 59
899 64 92
899 12 15
899 496 42
899 214 85
899 46 40
899 531 1
899 729 53
899 713 33
899 931 76
899 1127 97
899 272 92
899 832 50
1052 570 4
1052 734 50
1052 662 15
1052 77 96
1052 1147 87
1052 251 12
1052 447 71
1052 288 1
1052 106 53
1052 950 93
1052 853 14
1052 234 54
1052 745 41
1052 622 65
1052 449 21
570 840 44
570 388 52
570 179 39
570 593 90
570 1193 98
570 634 66
570 773 26
1178 1044 58
1178 1043 21
1178 477 67
259 486 72
259 357 99
259 992 39
259 641 26
259 972 81
259 521 20
259 908 10
259 1029 21
259 31 66
935 343 50
935 622 84
935 1151 79
935 964 95
935 949 38
935 364 97
935 791 87
935 891 79
935 351 82
343 521 13
343 613 15
343 817 2
343 227 4
343 214 92
343 789 95
343 907 87
343 142 5
343 508 15
343 1129 26
343 509 88
343 641 76
1180 164 99
1180 341 7
1180 169 4
1180 902 34
1180 1051 72
1180 395 51
1180 815 95
115 512 22
115 801 64
115 659 72
115 1177 66
115 601 78
115 564 59
115 449 27
115 886 62
115 1098 15
115 57 14
115 170 9
512 145 21
512 817 63
512 1042 96
512 748 66
512 340 45
512 431 22
512 279 17
512 706 1
512 138 30
447 1133 25
447 602 53
447 1179 91
447 758 59
447 970 37
447 351 21
447 151 50
447 544 91
447 825 18
1133 1053 87
1133 559 65
1133 239 58
1133 426 56
1133 593 10
1133 646 9
1133 1034 17
970 1170 48
970 540 81
970 1198 49
970 949 41
970 340 36
970 1067 72
970 309 57
970 1167 79
970 856 17
970 367 10
970 897 50
970 628 70
970 6 13
970 1055 73
970 836 47
970 51 51
970 98 70
1170 351 24
1170 152 4
1170 506 96
1170 1078 1
1170 577 67
1170 247 87
1170 1200 45
1170 186 82
1170 283 20
1170 290 77
1170 536 25
1170 285 7
761 1112 60
761 64 98
761 155 38
761 695 76
761 252 96
761 1183 36
761 1107 6
761 440 20
761 453 71
761 719 2
761 449 71
761 1151 36
761 574 75
761 241 11
761 1089 68
1112 796 95
1112 193 82
1112 652 20
1112 524 56
1112 930 92
1112 267 86
1112 517 31
1112 594 56
1112 376 83
1112 927 91
1112 430 30
1112 459 82
1112 391 2
386 509 73
386 852 25
386 27 37
386 286 10
386 1123 34
386 1036 76
386 125 28
509 86 15
509 17 66
509 951 67
509 1053 9
509 1122 17
509 270 25
509 728 69
509 1179 79
509 59 31
417 63 68
417 200 83
417 1199 4
417 477 51
417 513 90
417 924 24
417 1132 64
417 856 77
111 1053 25
111 49 37
111 123 65
111 188 92
111 428 91
111 708 95
111 179 99
111 200 30
111 814 68
111 77 12
111 198 70
1053 499 94
1053 240 36
1053 1103 33
1053 284 3
1053 898 90
1053 390 89
1053 7 47
1053 955 28
1053 742 55
1053 793 1
1053 1139 34
359 17 86
359 84 55
359 178 34
359 86 17
359 703 66
359 1012 13
359 854 95
359 610 80
359 257 18
359 532 85
359 136 71
942 1151 21
942 176 74
942 972 95
942 712 41
942 167 76
942 490 84
942 35 23
942 867 77
942 729 84
942 637 76
942 133 55
1151 462 67
1151 1196 13
1151 4 29
1151 272 10
1151 956 82
1151 1114 61
1151 306 2
1151 74 31
744 937 53
744 851 14
874 903 40
874 134 37
874 274 2
874 1184 61
874 683 31
874 170 85
874 92 5
874 784 10
874 156 41
874 27 38
874 1119 88
903 514 49
903 611 79
903 83 35
903 1014 4
903 645 98
903 779 34
903 1111 26
903 1065 21
903 836 66
903 210 10
903 859 32
903 667 12
239 284 72
239 55 42
239 337 10
239 858 60
239 86 22
239 267 77
239 605 42
239 690 65
239 258 69
239 562 10
805 1147 36
805 102 34
805 788 42
805 1045 38
805 768 49
805 395 49
805 895 100
805 1182 40
805 980 25
805 703 88
805 1183 93
431 745 60
431 821 38
431 1174 85
431 143 80
431 824 18
431 70 60
431 144 2
431 880 85
431 156 40
431 914 100
431 1036 49
431 757 13
745 216 38
745 171 90
745 558 37
745 920 30
745 1008 93
745 72 31
440 694 87
440 974 65
440 882 46
440 931 18
440 524 14
440 1006 13
440 614 54
694 1048 21
694 121 68
694 826 59
694 667 23
694 599 37
694 1157 10
694 1196 46
694 149 34
694 351 88
694 577 13
694 1028 41
694 808 78
694 1099 80
694 712 23
3 139 86
3 96 84
3 1192 30
3 271 99
3 327 82
3 1067 62
3 768 3
3 228 5
3 601 24
3 410 67
3 140 93
3 238 10
139 979 6
139 952 61
139 795 85
139 964 39
139 1037 39
139 16 100
139 740 76
139 579 10
951 616 38
951 309 26
951 982 20
951 726 90
951 992 23
951 398 81
951 192 6
951 414 98
951 637 78
135 706 46
135 341 49
135 306 7
135 470 76
135 966 51
135 1114 1
135 155 24
135 654 94
135 1094 17
135 106 7
135 640 75
119 1154 19
119 908 81
119 312 5
119 21 41
119 844 60
119 1174 74
119 92 47
119 302 3
119 881 96
119 985 26
119 255 74
119 73 64
119 827 85
119 657 33
119 1047 51
119 1126 28
1154 926 42
1154 907 99
1154 557 10
1154 406 95
1154 975 1
1154 789 20
1154 1044 92
1154 485 62
411 948 75
411 511 16
411 768 77
411 815 39
411 295 72
411 937 59
411 1017 14
411 910 48
948 863 96
948 157 88
948 1111 45
948 693 96
948 1114 61
948 821 30
948 969 99
948 1023 4
948 723 13
948 21 82
948 317 65
948 674 69
948 274 14
370 601 62
370 33 58
370 682 97
370 817 19
370 83 67
370 775 96
609 613 29
609 1111 21
609 1090 74
609 770 72
609 529 43
609 1043 45
609 428 52
613 376 9
613 616 50
613 419 65
613 709 2
613 591 39
613 1131 6
613 1031 42
613 607 48
613 238 70
852 271 50
852 858 3
852 550 98
852 986 10
852 626 5
852 700 90
852 824 71
852 344 49
852 571 14
1043 770 89
1043 959 53
1043 777 45
1043 801 48
1043 987 29
1043 748 70
1043 821 66
1043 894 88
1043 898 56
1043 708 88
1043 149 99
1043 1068 79
770 815 64
770 216 69
770 834 72
770 1023 43
770 160 19
770 1184 3
164 497 36
164 131 57
164 850 69
164 779 47
164 606 57
164 661 67
164 341 22
164 660 83
164 274 69
497 851 76
497 360 92
497 64 75
497 914 94
497 661 87
497 1057 53
497 1086 37
497 817 20
497 863 74
497 1168 49
497 532 72
497 1184 7
262 200 2
262 895 54
262 675 46
262 543 2
262 46 37
262 972 76
262 937 34
262 827 52
200 170 76
200 854 5
200 967 20
200 867 5
200 33 28
200 775 92
200 886 72
200 1 46
125 631 68
125 216 73
125 1005 65
125 367 19
125 835 69
125 1191 91
125 376 8
125 952 22
125 105 65
125 19 5
125 586 8
631 1073 29
631 572 44
631 473 79
631 812 74
631 449 73
631 752 61
631 811 40
631 533 9
1037 1014 5
1037 285 59
1037 977 82
1037 850 100
1037 610 36
1037 371 37
1037 666 41
1037 4 79
1037 808 98
1037 527 84
1037 1017 51
1014 192 14
1014 807 65
1014 279 1
1014 228 63
1014 924 28
1014 772 34
1014 913 13
1014 360 93
1014 33 18
1014 893 26
1014 1104 51
1014 473 3
1014 546 91
1014 981 94
743 78 60
743 273 12
743 302 63
743 1107 83
743 335 74
743 961 45
743 477 58
743 828 11
743 427 75
743 1009 14
78 34 99
78 410 46
78 973 26
78 1041 35
78 1092 34
78 780 20
78 575 83
78 492 53
566 740 25
566 888 15
566 1023 73
566 351 35
566 534 73
566 415 100
566 201 13
474 1191 33
474 1189 1
474 214 66
474 795 76
474 429 50
474 189 8
474 900 23
474 65 56
474 177 5
474 191 17
474 383 62
474 819 30
474 768 24
474 302 8
474 699 89
1191 1079 25
1191 492 48
1191 163 15
1191 863 6
1191 833 38
1191 988 48
1191 351 98
1191 723 16
1191 605 91
1191 838 14
1191 779 89
1191 303 74
1191 1122 21
169 301 21
169 330 47
169 1119 81
169 632 33
169 1144 34
169 49 76
169 915 13
169 658 93
169 176 41
169 399 39
496 601 67
496 542 50
496 1131 70
496 288 9
496 578 93
496 965 48
496 461 12
335 1099 37
335 249 41
335 464 71
335 779 51
335 391 54
335 255 16
335 1069 53
335 232 82
335 179 62
335 77 46
335 556 15
1099 1120 35
1099 959 63
1099 634 25
1099 220 38
1099 394 78
1099 1139 66
1099 199 21
1099 581 78
1099 534 89
1098 634 87
1098 27 22
1098 592 29
1098 998 88
1098 339 33
1098 578 54
1098 594 25
1098 739 96
1098 1042 65
634 668 26
634 775 56
634 364 16
634 92 30
634 170 32
634 1183 45
634 656 40
810 498 32
810 388 3
810 1194 47
810 527 62
810 590 6
810 865 39
810 110 30
810 419 74
810 1049 56
810 931 75
810 1171 6
810 1184 78
682 123 53
682 621 59
682 355 12
682 733 57
682 13 39
682 362 42
682 380 31
682 1195 61
682 1171 88
123 987 65
123 479 94
123 373 65
123 500 46
123 54 77
123 21 39
123 1081 34
123 167 60
766 930 47
766 904 68
766 956 79
766 59 59
766 508 63
766 847 13
766 806 33
766 87 22
766 186 65
499 987 17
499 159 1
499 81 75
499 209 95
499 721 65
499 614 65
499 709 44
499 178 73
499 74 73
499 864 79
499 1006 58
499 355 8
499 46 20
499 273 96
233 962 94
233 478 71
233 765 27
233 275 99
233 938 38
233 319 83
233 242 25
233 424 89
962 1063 23
962 486 50
962 1026 56
962 315 29
962 322 67
962 1192 1
962 75 100
1132 621 65
1132 1059 45
1132 1130 18
1132 973 43
1132 37 22
1132 642 25
1132 475 72
1132 591 57
1132 283 34
1132 1184 29
621 54 62
621 1046 33
621 1066 32
621 851 44
621 822 1
621 46 55
621 246 53
621 963 26
621 1096 73
621 1147 63
621 929 65
646 894 28
646 1008 12
646 280 70
646 231 33
646 385 21
646 651 4
646 127 13
646 357 76
646 963 37
894 354 86
894 470 42
894 752 3
894 225 73
894 751 67
894 1109 96
894 623 73
894 963 14
894 703 85
894 768 37
894 907 59
894 864 29
894 539 85
937 647 91
937 660 13
937 1015 66
937 742 77
937 34 34
937 106 59
937 33 71
937 217 23
937 54 45
937 856 29
937 733 62
937 97 69
937 772 22
755 221 4
755 1108 55
755 367 47
755 453 30
755 1126 11
755 315 94
755 361 92
755 1076 41
755 94 89
701 690 89
701 439 7
701 990 55
701 206 88
701 822 26
701 996 91
701 392 68
701 13 8
701 742 3
701 616 43
690 477 22
690 269 60
690 495 3
690 692 51
690 1193 96
690 319 3
690 246 94
690 1100 82
690 774 97
690 544 23
690 572 66
690 161 68
690 49 71
594 305 11
594 877 38
594 1152 82
594 64 33
594 122 12
594 812 78
594 1015 51
216 34 87
216 860 99
216 953 3
216 841 13
216 814 97
216 1059 20
216 484 82
216 238 29
216 99 44
216 176 81
216 495 57
216 788 79
216 1109 87
34 1088 4
34 1188 74
34 666 32
34 87 5
34 1063 80
34 1015 56
34 716 2
34 648 59
34 201 17
341 330 62
341 498 59
341 850 23
341 927 88
341 127 33
341 757 50
341 183 99
341 593 72
341 921 29
341 789 36
341 162 17
986 625 100
986 95 34
986 999 91
986 83 81
986 401 75
986 371 34
986 337 5
986 1100 12
986 914 3
986 616 28
986 800 59
986 877 64
625 481 59
625 120 16
625 207 41
625 819 98
179 897 2
179 228 4
179 734 31
179 835 35
179 966 28
179 772 67
179 21 22
179 623 35
179 922 100
179 882 85
179 348 6
897 1048 91
897 393 75
897 756 32
897 627 22
897 1128 69
1086 1171 74
1086 283 12
1086 427 52
1086 709 83
1086 91 36
414 1108 41
414 149 14
414 910 35
414 765 86
414 656 8
414 695 91
414 735 12
414 320 19
314 79 13
314 973 24
314 546 92
314 590 90
314 735 97
314 876 32
314 709 15
314 1076 73
314 168 47
314 234 89
314 865 52
314 238 62
888 586 84
888 683 35
888 404 43
888 471 95
888 1023 98
888 112 96
888 568 27
888 223 67
888 1068 27
888 1185 47
888 13 55
888 649 98
586 430 16
586 383 78
586 672 43
586 606 3
586 138 79
586 96 64
586 258 7
586 415 19
586 742 88
586 584 43
586 1041 56
586 1068 37
981 13 86
981 1083 21
981 914 84
981 692 62
981 578 81
981 902 89
13 461 84
13 688 89
13 871 2
13 322 53
13 271 96
13 383 17
13 320 80
13 532 49
13 738 55
13 415 22
13 112 48
13 979 95
13 893 43
576 234 28
576 498 72
576 1087 59
576 1123 20
576 62 85
576 575 68
576 140 62
576 1116 34
234 676 94
234 550 79
234 396 48
234 711 84
234 614 51
234 579 13
234 1079 49
234 931 58
234 693 79
234 929 77
234 120 29
405 875 31
405 324 21
405 700 73
405 218 42
405 206 61
405 288 19
405 1007 68
405 675 6
405 37 11
405 1123 39
405 914 5
405 471 56
875 159 48
875 471 21
875 21 23
875 142 1
875 642 57
875 217 72
875 1120 28
875 167 24
875 103 13
748 738 10
748 1183 84
748 856 30
748 162 65
748 31 66
748 882 84
748 712 54
748 155 90
748 858 27
748 272 82
63 1028 82
63 315 19
63 1166 64
63 787 100
63 994 22
63 733 62
63 543 95
63 337 86
63 31 86
63 551 8
63 98 99
63 285 26
63 438 74
63 228 75
63 704 49
434 347 35
434 815 47
434 413 77
434 381 78
434 481 56
434 961 20
434 1148 2
434 144 60
434 1152 72
347 599 79
347 149 42
347 988 69
347 151 94
347 397 31
347 614 65
347 956 75
168 469 36
168 71 49
168 692 23
168 1131 63
168 862 26
168 253 9
168 616 56
469 1185 22
469 128 61
469 800 22
469 35 92
469 1189 52
469 52 83
469 162 31
469 780 36
469 1009 55
469 419 44
469 372 44
231 492 76
231 683 55
231 568 36
231 640 65
231 1135 53
231 889 94
231 940 52
231 430 28
231 600 32
231 691 96
231 1094 43
231 886 31
231 891 63
231 186 62
231 704 46
1079 190 27
1079 300 82
1079 1103 89
1079 751 2
1079 174 18
1079 724 68
1079 1051 11
1079 815 67
1079 1131 48
1079 607 3
1079 1177 79
1068 700 66
1068 552 4
1068 716 20
1068 1057 36
1068 1135 62
1068 108 34
1068 1185 14
1068 740 14
1068 397 82
1068 269 70
1068 709 44
1068 271 27
700 232 24
700 545 88
700 184 65
700 484 67
700 106 94
208 856 55
208 546 26
208 142 89
208 384 100
208 850 27
208 809 48
208 439 37
208 351 2
208 698 73
856 439 60
856 1145 18
856 470 48
856 368 57
856 419 64
856 1108 42
856 742 44
856 696 66
856 332 29
856 1093 88
98 787 22
98 1006 87
98 1003 99
98 836 32
98 372 67
98 601 62
98 1061 42
98 401 96
98 581 26
98 824 98
540 659 42
540 118 93
540 975 39
540 487 46
540 1026 61
1061 648 50
1061 1036 55
1061 471 12
1061 230 9
1061 203 76
1061 57 82
1061 681 20
1061 278 44
648 458 72
648 225 87
648 232 19
648 1071 12
648 554 75
648 1183 81
648 789 37
648 302 53
648 20 43
648 825 50
648 779 20
648 319 1
648 797 39
648 478 99
648 453 81
575 1108 60
575 684 60
575 972 44
575 1107 6
575 64 28
575 737 61
575 637 40
575 379 32
575 108 60
575 385 43
575 953 13
575 987 32
575 545 22
1108 205 56
1108 602 6
1108 642 95
1108 719 78
1108 713 63
1108 583 18
1108 834 15
1108 833 87
901 284 40
901 882 67
901 719 52
901 433 70
901 734 39
901 1056 35
901 605 44
901 706 92
901 528 88
901 422 68
284 2 73
284 887 35
284 950 21
284 726 24
284 464 57
284 611 54
284 957 8
495 193 45
495 977 32
495 1107 98
495 1146 59
495 544 20
495 839 60
495 817 56
495 826 48
495 775 23
495 199 50
193 223 64
193 803 89
193 655 20
193 247 2
193 601 80
193 207 56
193 985 72
193 397 59
193 537 71
193 238 95
907 610 52
907 773 69
907 8 11
907 22 30
907 675 79
907 1009 25
907 538 93
907 824 8
907 384 25
907 1012 32
907 661 26
498 142 46
498 983 60
498 97 94
498 1035 58
498 535 41
498 517 67
498 393 98
649 7 50
649 500 64
649 826 50
649 967 58
1152 1197 10
1152 828 36
1152 835 9
1152 316 44
1152 162 73
886 1063 70
886 8 17
886 959 38
886 992 53
886 1056 50
886 908 33
886 1046 6
886 847 3
886 558 94
1063 301 54
1063 270 47
1063 1174 33
1063 628 70
1063 188 30
117 37 91
117 1040 21
117 1136 77
117 149 11
117 328 36
117 1182 64
117 1129 27
117 212 24
117 486 87
117 769 56
477 373 93
477 561 89
477 142 42
477 1189 66
477 1100 35
477 427 80
477 792 69
477 693 36
477 82 68
477 523 43
477 384 43
477 167 26
1174 601 13
1174 1007 43
1174 1017 25
1174 275 20
1174 881 32
1174 211 78
601 657 77
601 207 68
601 828 66
601 675 53
955 513 28
955 26 22
955 283 41
955 867 40
955 428 70
955 1194 41
955 864 13
955 282 4
955 693 29
955 221 71
513 22 23
513 697 77
513 705 36
513 1196 56
513 855 43
513 41 78
513 392 75
851 408 76
851 162 94
851 1007 7
851 83 57
851 1056 71
851 1026 53
851 584 62
851 757 59
134 593 28
134 1048 61
134 863 89
70 149 51
70 196 75
70 568 99
70 275 71
70 118 71
70 1129 26
70 516 39
70 23 12
70 97 98
730 1002 82
730 661 59
730 838 75
730 191 74
730 255 27
730 581 5
730 950 93
730 427 13
730 966 18
730 12 52
730 939 46
730 467 74
1120 774 89
1120 157 35
1120 996 90
1120 693 66
1120 1022 35
1120 142 81
1120 87 47
1120 272 27
1120 160 35
75 722 25
75 1076 24
75 957 22
75 1064 39
75 489 12
75 403 59
75 731 29
75 1128 68
75 316 76
334 672 48
334 973 4
334 1192 48
334 204 73
334 113 9
334 1183 51
149 373 26
149 572 84
149 407 1
149 1123 46
149 559 54
149 1088 51
373 1197 77
373 58 45
373 1023 55
373 1022 9
373 147 67
373 926 60
373 112 17
373 33 29
373 1069 11
373 911 29
1167 908 99
1167 151 37
1167 361 21
908 729 46
908 757 19
908 738 51
908 76 18
908 196 18
908 1196 36
908 528 14
908 814 17
300 189 9
300 503 95
300 511 93
300 272 97
300 1046 33
300 398 43
300 824 52
300 693 90
189 920 1
189 1042 34
189 171 52
189 728 67
189 780 95
189 814 98
189 520 44
189 1089 63
510 987 20
510 556 39
510 73 23
510 454 95
510 412 22
510 1193 21
510 1144 26
510 49 76
510 1026 9
510 994 31
987 783 60
987 312 50
987 96 45
987 1156 73
987 1122 66
987 1057 33
987 58 89
987 561 10
548 203 47
548 915 18
548 142 45
548 945 38
548 957 7
548 964 100
548 1028 60
548 1030 10
203 900 59
203 1081 9
203 266 40
203 654 2
203 658 88
203 145 23
622 1089 97
622 600 41
622 365 24
622 774 48
622 737 98
622 395 29
622 809 60
622 1199 89
622 1071 24
622 460 75
1089 990 9
1089 1059 17
1089 1097 67
1089 952 56
1089 445 68
1089 462 94
1089 965 1
366 210 2
366 1126 28
366 105 59
366 390 3
366 1056 7
366 757 94
366 396 39
366 462 26
366 162 12
366 501 67
210 501 35
210 845 96
210 859 13
210 797 77
210 956 44
210 68 70
210 1134 59
1019 1002 23
1019 1027 3
1019 719 95
1019 752 90
1019 1035 82
1002 306 62
1002 1096 57
1002 590 63
1002 708 97
1002 1103 55
630 1005 11
630 415 98
630 392 84
630 611 53
630 1157 51
630 118 80
630 186 46
1005 966 56
1005 1017 95
1005 1040 75
1005 81 28
1005 141 6
1005 232 69
1005 1140 35
1005 171 28
481 1018 92
481 492 24
481 1182 90
481 742 28
481 415 19
481 746 71
481 1144 11
481 737 34
481 21 39
481 487 39
481 1103 82
990 272 69
990 22 45
990 913 4
990 544 57
990 391 57
990 290 33
990 131 51
990 854 77
41 855 41
41 442 25
41 985 94
41 364 20
41 1010 56
41 895 26
889 460 60
889 147 52
889 486 80
889 684 21
889 145 95
889 790 30
889 1049 22
889 739 61
460 161 79
460 833 21
460 1012 3
460 72 93
460 238 26
460 938 10
460 1177 4
460 40 43
1026 1134 27
1026 64 100
1026 305 47
1026 976 53
1026 1135 17
1026 591 26
1134 952 83
1134 773 68
1134 1096 54
1134 915 66
1134 689 70
1134 138 44
1075 327 98
1075 287 28
1075 102 100
1075 752 63
1075 1131 30
1075 921 36
1075 1100 80
1075 1027 90
327 76 91
327 678 27
327 931 53
327 645 93
327 260 9
327 691 5
327 489 91
327 791 24
327 59 18
826 367 89
826 823 28
826 992 82
826 99 32
826 840 62
367 542 12
367 1006 77
367 1 61
367 1070 65
367 902 56
367 475 94
367 788 96
367 550 13
367 1128 78
367 808 7
483 969 68
483 209 99
483 965 96
483 1135 30
483 4 58
483 1128 3
483 393 26
483 1066 33
483 439 3
1015 503 59
1015 724 48
1015 358 65
1015 1057 44
1015 591 30
1015 529 25
1015 623 53
1015 151 69
1015 1190 6
1015 1010 3
1015 561 38
501 523 36
501 1 34
501 542 74
501 922 62
501 557 74
501 1011 4
501 506 46
501 679 91
501 675 72
112 344 48
112 1126 50
112 926 78
112 59 68
112 550 57
344 275 49
344 1196 21
344 422 35
344 779 26
344 791 15
344 589 66
344 963 45
969 267 41
969 640 20
969 1012 22
969 596 84
969 927 48
969 102 89
969 461 48
969 206 18
969 1103 26
969 108 16
969 647 5
969 397 11
969 616 51
969 803 66
969 910 1
1137 138 34
1137 185 5
1137 1114 28
1137 194 52
1137 1193 51
1137 16 8
1137 965 15
1137 1200 40
1137 1050 93
788 69 91
788 714 95
788 438 87
788 131 1
788 838 59
788 552 34
788 877 78
69 1040 85
69 850 89
69 340 7
69 723 76
69 491 2
69 714 4
69 692 47
930 623 10
930 1021 79
930 392 36
930 966 95
930 287 79
930 224 10
930 349 6
930 372 56
1048 1106 68
1048 806 6
1048 301 89
1048 775 26
1048 832 24
1048 77 8
1048 442 82
1048 270 42
1048 729 81
1048 384 14
1048 83 56
1007 186 45
1007 674 51
1007 534 7
1007 465 34
1007 611 57
1007 1136 96
1007 565 5
1007 992 77
1007 1110 75
1007 756 4
1007 192 66
1007 214 1
1007 676 18
1139 290 47
1139 834 60
1139 1044 22
1139 1028 14
1139 170 37
1139 719 65
1139 309 94
1139 817 93
1139 893 10
517 1197 15
517 73 3
517 1044 28
517 422 51
517 849 26
252 279 57
252 342 9
252 577 95
252 393 47
252 273 26
252 174 22
252 599 2
252 428 35
157 633 33
157 774 82
157 503 24
157 528 33
157 797 73
157 1127 68
633 705 12
633 368 41
633 381 20
633 689 68
633 819 96
633 827 11
633 102 75
633 342 83
633 582 100
593 316 46
593 1198 84
593 253 76
593 454 85
593 270 26
316 23 23
500 877 20
500 151 8
500 627 73
500 232 86
500 902 25
500 1021 70
500 657 90
500 895 47
500 1179 48
500 340 55
500 127 70
500 152 39
877 362 84
877 65 91
877 979 91
877 1199 87
877 562 63
877 59 24
877 709 26
877 192 96
523 1045 97
523 677 14
523 486 23
523 407 4
523 268 13
523 692 73
523 260 19
1021 393 80
1021 266 21
1021 290 14
1021 691 25
1021 698 27
1021 351 23
1021 1029 37
1021 1034 27
312 280 2
312 413 27
312 806 7
312 330 79
657 1111 79
657 520 85
657 902 72
657 1148 84
657 24 10
657 404 53
657 841 95
31 133 33
31 1056 10
31 1136 18
31 749 80
31 511 30
31 442 76
549 392 95
549 1016 17
549 12 6
549 1156 5
549 167 82
549 953 59
549 1049 98
549 543 75
549 726 79
1189 605 60
1189 583 31
1189 272 24
1189 1012 27
1189 882 60
1189 1027 95
1189 844 92
1189 556 38
1189 129 62
1189 795 58
1189 455 5
864 997 78
864 696 56
864 178 46
864 394 6
864 280 79
864 33 36
864 90 56
864 790 48
43 355 54
43 297 1
43 742 33
43 356 18
43 697 68
43 845 34
43 1198 15
43 445 17
43 871 68
43 253 8
43 767 78
43 1012 65
355 395 3
355 1095 78
355 843 18
355 556 65
269 849 78
269 698 64
269 113 70
269 973 57
269 140 9
269 52 45
269 911 85
269 711 35
269 974 1
269 654 7
269 1020 97
65 129 84
65 950 70
65 136 36
65 258 56
65 260 64
65 397 46
65 728 44
65 230 62
129 301 45
129 1016 69
129 1194 64
129 288 44
129 190 86
129 831 86
186 62 57
186 811 47
186 232 90
186 268 81
186 105 68
186 1023 62
186 525 67
186 1130 40
186 931 18
186 1041 81
186 746 62
186 728 58
62 394 26
62 1083 27
62 906 66
62 91 34
62 368 66
62 863 82
181 52 46
181 1100 99
181 914 55
181 528 41
181 822 31
181 317 57
181 218 78
181 408 95
181 724 13
181 55 42
181 438 63
181 503 90
181 902 4
181 520 87
181 571 82
52 68 37
52 1020 16
52 590 51
52 1088 61
52 963 51
52 1153 68
52 614 63
1066 1123 99
1066 108 14
1066 843 100
1066 725 51
1066 1100 39
1066 1081 84
1066 395 70
1066 176 93
1066 180 51
1066 143 97
428 35 85
428 597 95
428 616 28
428 801 9
428 1023 60
688 1123 22
688 584 58
688 895 95
688 1092 33
688 564 8
688 836 56
688 439 98
1123 931 62
1123 982 63
1123 449 93
1123 827 66
1123 261 16
1123 666 83
1123 302 5
1123 1095 61
1123 214 42
491 209 61
491 924 13
491 654 43
491 1069 88
491 573 22
491 1114 8
491 12 56
491 1087 12
491 1034 93
491 602 76
491 323 81
209 662 71
209 1011 72
209 538 53
209 492 88
209 1030 25
209 413 30
209 1135 59
209 1109 17
209 309 3
209 84 95
209 159 20
209 960 87
209 271 76
698 403 74
698 1111 94
698 96 89
698 42 88
698 1147 29
698 150 67
698 404 38
698 1042 60
915 243 85
915 791 98
915 926 65
915 906 75
915 463 9
1163 781 96
1163 64 53
1163 1162 21
1163 1003 70
1163 306 43
1163 339 58
1163 924 91
574 403 5
574 538 87
574 7 28
574 588 46
574 84 1
574 589 37
574 238 68
574 738 3
647 328 59
647 769 15
647 1087 72
647 473 22
647 309 88
983 999 23
983 827 69
983 661 21
983 734 32
983 578 60
983 819 94
983 508 41
983 1090 40
983 993 59
999 964 95
999 534 60
999 538 20
999 66 100
301 839 30
301 814 3
301 4 78
301 380 33
301 58 80
301 949 2
301 71 65
301 202 5
301 147 93
301 979 34
106 532 7
106 206 20
106 1153 92
106 73 11
106 525 73
106 227 82
106 167 14
106 6 7
106 84 98
825 330 58
825 1036 28
825 1182 51
825 54 62
825 585 77
825 1127 66
825 880 33
825 699 91
931 1146 24
931 64 79
931 860 82
931 569 71
931 672 63
931 544 80
931 211 33
931 921 67
931 324 67
64 159 19
64 562 36
64 214 74
64 1194 2
64 974 19
64 900 62
64 4 66
64 429 39
64 225 98
64 827 99
64 399 27
64 251 38
64 1072 66
49 35 81
49 1171 94
49 207 47
49 250 32
49 340 16
362 1106 16
362 588 78
362 384 30
362 585 38
362 412 2
362 1056 79
1106 1031 84
1106 1060 71
1106 1193 32
1106 163 64
1106 654 90
1106 832 51
1106 155 27
1106 412 84
1106 358 99
1106 1111 57
1106 381 56
17 1122 15
17 1071 59
17 35 79
17 1195 66
17 221 72
17 283 20
592 221 94
592 97 75
592 511 72
592 1140 50
592 285 44
592 1006 86
592 176 26
592 32 42
592 439 27
592 1012 84
592 58 79
592 1135 60
188 757 34
188 380 73
188 177 61
188 1159 76
188 771 100
188 342 58
188 396 41
188 391 38
757 306 32
757 537 94
757 1109 42
757 729 7
757 741 2
757 972 59
757 1100 70
412 521 25
412 895 46
412 92 77
412 746 42
412 911 13
412 207 66
412 445 65
412 841 68
817 546 71
817 37 27
817 286 81
817 860 95
817 484 46
817 1190 95
817 375 89
817 797 21
817 398 5
546 1153 94
546 632 83
546 610 81
546 146 75
546 933 14
546 77 99
546 758 21
546 202 53
546 426 98
546 803 53
1022 538 89
1022 579 30
1022 1006 56
1022 1116 21
1022 1190 23
1022 247 3
1022 756 74
693 24 9
693 905 5
693 223 33
693 843 81
693 704 91
693 319 34
693 1193 81
693 1088 12
693 150 8
780 550 56
780 228 58
780 1190 46
780 771 23
780 267 97
780 536 35
780 285 75
895 1064 93
895 1164 25
895 891 91
895 475 73
120 1153 23
120 275 58
120 102 2
120 821 28
120 161 22
120 391 54
120 950 18
120 552 48
120 597 98
120 905 56
120 543 18
1153 926 71
1153 206 100
1153 1105 86
1153 453 59
1153 368 53
1153 286 64
691 1104 72
691 913 12
691 711 50
691 399 55
691 577 19
1104 582 60
1104 656 16
1104 475 57
1104 56 98
1104 20 44
1104 775 36
1104 898 98
1104 904 67
1104 427 3
330 957 64
330 286 27
330 632 18
330 379 36
1036 1044 72
1036 590 26
1036 241 98
1036 606 70
1036 478 6
1036 240 56
1036 783 4
972 380 55
972 455 43
972 758 29
972 420 61
972 464 43
972 311 10
972 561 7
972 1182 3
972 1135 1
972 1011 59
972 492 40
1041 1148 72
1041 339 85
1041 1126 48
1041 979 67
1041 1065 10
579 217 71
579 762 86
579 430 90
579 368 97
579 729 93
579 297 50
579 598 2
579 623 97
217 777 27
217 988 37
217 429 81
217 147 3
217 922 61
217 22 36
217 1083 36
217 295 93
217 734 68
217 591 5
217 860 18
217 206 82
458 641 13
458 939 21
458 508 3
458 946 47
458 364 74
458 223 39
588 492 71
588 988 27
588 992 92
588 929 64
588 1185 98
588 556 36
588 815 18
588 224 41
1146 184 41
1146 516 96
1146 429 51
1146 1059 63
1146 76 59
184 1083 62
184 695 17
184 1012 76
184 772 92
184 371 59
408 824 63
408 290 7
408 756 44
695 542 30
695 642 90
695 241 83
695 1171 54
695 1045 68
695 178 33
695 582 8
695 226 57
695 194 64
542 1177 11
542 356 24
542 205 100
542 40 48
542 551 23
542 946 82
542 163 53
103 801 53
103 160 29
103 1045 48
103 336 34
103 151 99
103 444 65
103 132 99
103 95 80
103 473 40
801 724 39
801 1097 18
801 1042 11
801 1190 58
801 917 19
801 577 47
662 518 74
662 838 53
662 658 48
662 611 19
662 967 91
662 463 54
662 287 51
518 303 61
518 1157 71
518 675 61
518 714 91
518 228 37
518 371 68
518 356 70
683 267 47
683 1023 92
683 105 91
683 833 74
683 675 87
683 949 95
1013 413 25
1013 484 98
1013 828 83
1013 279 49
1013 445 16
413 1040 30
413 395 66
413 739 2
413 1071 73
413 1130 71
413 718 5
819 824 86
819 84 1
819 811 84
819 564 76
819 998 37
819 572 35
819 322 32
819 464 1
819 494 10
819 652 74
1070 973 91
1070 849 14
1070 957 51
1070 1088 1
1070 529 93
1070 90 67
973 238 45
973 876 17
973 898 25
973 108 68
973 1144 60
973 672 13
1109 1064 57
1109 709 8
1109 739 37
1109 1081 25
1109 945 53
1064 933 98
1064 950 84
1064 241 56
1064 444 10
406 605 30
406 977 74
406 207 33
406 486 43
406 83 28
1129 198 46
1129 679 21
1129 23 79
1129 980 49
1129 681 92
1129 525 20
605 1047 52
605 920 38
605 974 43
605 807 82
605 994 20
605 250 27
605 478 100
605 645 94
605 349 1
550 862 83
550 1078 58
550 311 50
550 726 4
550 1100 42
1088 867 45
1088 660 76
1088 1009 35
1088 709 51
1088 19 54
1088 1095 66
1088 348 87
1088 956 30
1088 426 86
1088 261 74
1088 957 74
867 1090 45
867 607 55
867 82 61
867 1177 60
867 640 16
952 980 4
952 154 72
734 602 11
734 249 67
734 494 66
734 863 49
734 719 75
734 201 56
734 998 69
66 445 12
66 628 69
66 1065 63
66 1100 59
66 783 40
66 399 7
66 6 40
66 1111 11
394 444 87
394 854 81
394 669 90
394 779 3
394 1065 29
394 847 67
394 692 10
394 105 82
394 929 81
394 842 82
444 438 93
444 20 80
444 769 11
444 365 4
599 110 79
599 600 34
599 1198 12
599 40 40
599 336 37
42 704 94
42 127 11
42 583 57
42 998 94
42 537 66
42 430 5
42 383 26
42 345 35
704 855 47
704 207 16
704 1196 14
704 151 40
704 342 93
602 160 74
602 590 62
602 1179 13
602 420 61
602 462 9
602 1157 49
602 959 24
602 725 9
602 1042 16
602 1148 9
160 46 36
160 1183 66
478 906 40
478 871 50
478 762 100
478 714 4
478 192 66
249 940 24
249 880 3
249 651 35
249 1 44
376 1126 20
376 240 15
376 82 59
376 253 26
376 251 79
376 668 9
376 741 29
1126 769 87
1126 1029 37
1126 591 79
1126 467 86
1126 815 12
415 91 59
415 914 7
415 161 51
415 154 67
1162 282 70
1162 364 18
1162 842 11
1162 728 52
1162 439 38
1162 218 24
1162 832 54
1162 167 11
1162 385 78
282 227 27
282 667 82
282 7 45
282 932 9
282 882 83
282 279 73
282 1020 25
240 336 95
240 1119 30
240 1051 33
240 836 86
240 881 95
240 35 57
240 1060 8
336 198 3
336 964 59
336 724 67
336 589 97
336 905 17
336 855 66
336 858 37
336 656 23
336 91 24
324 141 99
324 554 64
324 528 74
324 709 65
324 938 70
324 854 87
324 196 17
390 726 2
390 666 17
390 295 77
390 243 14
390 759 34
390 797 36
390 321 81
390 742 26
390 1078 77
390 275 89
726 1050 37
726 1057 98
726 876 25
726 939 100
726 24 51
352 611 61
352 707 57
352 90 45
352 511 4
352 255 84
352 1051 59
352 247 14
352 752 57
611 1065 81
611 419 3
611 733 26
611 1045 44
611 692 37
611 176 48
611 422 13
611 834 56
611 410 38
611 842 42
979 882 81
979 1096 40
979 840 6
979 839 40
979 141 14
979 929 100
544 285 80
544 675 98
544 32 99
544 976 29
544 397 95
544 427 37
285 800 71
285 887 19
285 675 37
285 226 42
285 836 78
311 176 9
311 995 87
311 10 56
311 551 5
311 759 25
311 679 19
176 610 37
176 174 34
176 746 9
176 584 28
176 993 24
228 595 2
228 122 89
228 1056 50
228 974 93
228 532 28
228 669 94
228 207 71
228 340 11
228 607 25
228 998 3
228 779 93
1196 963 60
1196 1090 27
1196 718 86
1196 751 92
1196 791 79
1196 1003 43
1196 1069 91
1196 321 87
733 506 79
733 807 47
733 1035 54
733 876 49
733 56 96
267 795 3
267 174 80
267 741 4
267 946 53
267 486 25
1083 1029 5
1083 182 28
1083 1010 33
1083 982 23
1029 721 63
1029 652 47
1029 207 6
151 288 64
151 381 26
151 207 24
151 610 84
151 974 9
151 22 44
151 83 78
151 221 40
151 1008 67
151 800 87
722 110 78
722 365 93
722 1008 10
722 439 52
722 185 6
722 333 94
722 773 38
722 882 73
993 1012 72
993 381 25
993 1200 16
993 667 84
993 583 19
993 965 84
1012 637 70
1012 323 16
1012 585 72
1012 577 66
1012 140 80
1012 275 46
1012 823 8
1012 171 10
1012 596 19
7 637 39
7 452 10
7 746 5
7 845 53
7 737 88
7 718 99
746 68 35
746 1055 85
746 747 5
746 268 81
746 1195 39
68 927 99
68 196 18
68 430 99
68 812 67
68 56 99
68 569 100
591 140 70
591 348 39
16 82 49
16 596 13
16 906 36
16 87 35
16 1076 74
811 664 18
811 795 44
811 453 88
811 305 20
811 486 48
811 420 83
796 585 83
796 1009 56
796 22 83
796 718 23
796 224 31
796 564 72
796 442 20
796 567 76
796 170 46
585 328 84
585 913 88
585 713 50
585 911 18
585 1100 81
585 221 99
279 1194 47
279 1056 9
279 660 73
279 782 82
279 243 17
279 401 25
279 1122 32
279 1184 50
741 419 64
741 632 65
741 102 81
741 559 80
741 807 36
741 863 5
741 302 39
741 462 58
741 738 66
741 946 91
741 557 86
419 288 11
419 1057 13
419 654 3
419 113 51
419 697 7
419 569 41
789 22 93
789 782 17
789 418 59
789 226 87
789 1168 98
789 89 63
789 201 99
22 645 94
22 606 82
22 55 45
22 1164 13
22 317 86
22 1 83
22 230 87
22 1030 13
589 699 82
589 808 81
589 569 8
589 814 73
589 876 42
589 218 35
589 442 91
589 655 9
924 823 97
924 214 90
924 96 84
924 565 35
924 597 9
924 965 51
141 641 73
141 449 45
141 775 44
159 822 22
159 1081 29
159 396 69
95 238 54
95 461 68
95 342 97
486 323 50
486 777 19
486 385 11
486 565 36
486 679 57
486 462 72
486 270 98
486 514 76
486 398 34
803 147 79
803 524 53
803 902 44
803 522 95
803 1185 26
803 72 20
803 270 79
803 302 55
803 504 19
933 1057 26
933 535 9
933 559 15
933 906 98
933 855 9
933 859 59
933 1010 99
933 302 44
783 835 91
783 105 96
783 569 32
783 364 92
783 146 45
783 142 38
835 561 60
835 133 74
835 721 28
835 153 36
835 824 64
835 202 70
835 876 10
439 699 39
439 183 84
439 12 2
439 577 22
439 890 92
1095 900 53
1095 782 39
1095 569 96
1095 538 94
1095 383 71
1095 528 76
1095 800 63
697 917 100
697 143 73
697 128 59
697 890 6
697 110 62
697 397 10
917 1127 98
917 836 99
917 145 40
917 703 87
917 404 32
821 959 99
821 771 62
821 1055 25
821 916 61
821 808 43
959 1168 48
959 364 62
959 87 17
959 719 61
959 814 63
959 145 78
959 742 87
632 288 86
632 238 80
632 1179 5
632 514 39
1028 963 52
1028 1009 47
1028 258 30
1028 850 69
356 596 15
356 345 52
356 113 53
356 286 60
356 721 36
356 274 1
356 808 96
356 535 86
356 388 79
596 641 62
596 407 2
596 985 81
596 806 59
1040 997 5
1040 1060 41
1040 506 43
1040 1122 80
1040 155 81
1040 853 13
1040 712 78
1040 32 88
556 230 61
556 974 21
556 729 38
556 527 21
556 652 64
823 836 97
823 557 87
823 729 5
823 1100 66
823 1164 70
823 502 58
836 678 24
836 445 86
836 340 82
836 672 59
836 91 22
836 380 92
1117 283 84
1117 583 96
1117 1042 25
1117 538 31
1117 723 40
1117 306 88
241 211 45
241 1050 68
241 420 100
275 320 38
275 255 31
275 442 59
275 1107 75
275 433 55
320 205 83
320 564 77
320 280 35
784 399 38
784 1131 47
784 167 65
784 1183 77
784 922 91
399 554 47
399 656 70
399 834 82
399 321 5
399 862 9
399 1144 51
707 87 14
707 473 1
707 462 28
707 487 69
707 522 15
707 340 8
707 1008 67
223 773 72
223 654 43
223 1136 57
223 759 81
223 1020 58
223 1182 40
223 645 69
773 1199 88
773 945 59
773 1190 56
773 961 64
773 271 85
773 143 81
773 1047 7
773 246 1
773 118 81
957 1055 25
957 795 2
1055 758 13
1055 395 73
1055 268 91
1055 418 45
1055 967 19
927 742 65
927 551 52
927 667 22
927 1119 61
927 185 35
927 72 18
927 571 1
927 537 46
927 364 78
607 1057 94
607 996 83
607 55 68
607 1111 48
607 616 4
607 1050 50
607 118 26
1148 985 80
1148 384 94
1148 191 93
1148 642 44
1148 997 90
1148 1059 53
1148 1073 82
1148 332 31
1148 182 64
422 906 16
422 463 32
422 1097 97
422 539 84
422 73 70
422 380 32
422 450 44
906 758 68
906 985 48
906 689 31
906 72 2
906 678 7
906 706 79
906 430 43
906 966 45
121 54 92
121 84 4
121 859 93
121 435 56
121 1096 52
121 822 31
121 992 35
407 554 31
407 1100 23
407 1009 48
407 73 16
737 322 21
737 163 3
737 797 63
737 880 52
737 144 54
1190 584 88
1190 791 61
1190 529 44
1190 642 58
1190 1049 13
1190 994 33
1190 985 2
1190 295 81
584 1030 92
584 384 98
584 1094 51
584 278 93
584 1198 44
584 494 41
584 438 48
584 963 63
1081 288 65
1081 675 61
1081 410 68
949 569 98
949 283 46
949 1093 80
949 450 20
949 551 82
257 462 83
257 435 2
257 1078 30
257 37 11
426 77 98
426 271 87
426 914 38
426 516 77
426 299 68
426 992 51
77 337 84
77 147 28
77 246 67
77 470 42
77 767 54
77 762 98
73 10 94
73 110 17
73 910 92
73 1094 74
73 227 100
73 692 46
73 247 49
572 1128 71
572 865 59
572 1042 33
572 89 54
572 595 79
1128 283 85
1128 684 27
1128 303 90
1128 138 97
1128 932 52
1128 183 12
1090 427 95
1090 1197 83
1090 133 99
1090 383 24
1090 113 17
2 4 48
2 58 19
2 749 55
328 385 50
328 322 6
328 361 43
328 793 47
328 536 43
328 713 70
328 527 35
328 113 66
328 976 52
35 932 8
35 32 56
35 1156 78
35 527 6
35 396 26
35 672 2
143 89 46
143 637 13
143 791 72
143 1107 83
143 144 71
143 33 100
143 384 51
143 99 100
89 79 23
89 473 86
89 361 92
89 105 78
89 658 99
89 485 83
89 365 24
89 582 36
89 616 90
396 345 79
396 672 53
396 10 34
396 920 78
396 204 16
396 387 3
396 716 89
396 163 29
396 174 33
345 641 41
345 1198 99
345 845 48
345 118 19
345 59 63
345 54 53
345 391 88
641 994 49
641 280 3
272 1069 38
272 87 40
272 156 55
272 220 44
204 626 37
204 1127 14
204 375 82
204 938 71
204 528 28
204 597 26
658 171 92
658 890 79
658 600 1
658 368 17
97 1156 65
97 765 96
97 214 59
97 775 31
97 33 9
97 72 62
97 83 12
97 319 22
97 317 2
97 305 89
97 678 88
97 965 72
1156 974 10
1156 1069 42
1156 728 32
1156 1171 38
1156 887 70
1156 890 90
1156 392 11
1065 393 33
1065 84 22
1065 911 18
1065 623 72
1065 207 62
317 337 51
317 724 67
317 994 28
317 364 65
317 1183 53
317 1047 77
127 724 89
127 640 60
127 1034 4
127 1096 81
127 27 70
127 651 65
127 288 87
403 511 82
403 1171 58
403 946 41
403 55 3
403 1034 67
403 1008 83
511 171 10
511 167 90
511 46 58
511 342 61
511 672 4
511 960 12
511 337 8
946 212 86
392 525 58
392 865 20
392 83 43
392 842 48
392 220 53
738 527 55
738 926 31
738 976 48
738 1097 44
738 724 26
738 516 18
738 531 83
738 945 68
1046 1100 14
1046 718 23
1046 449 68
1046 387 91
1046 779 33
1046 1119 88
1046 1179 1
1046 762 100
1046 81 66
1100 666 42
1100 479 11
1100 664 94
1100 190 100
1100 171 99
1100 675 96
1100 809 18
395 242 40
395 1093 87
395 654 55
395 718 39
342 714 23
342 384 3
342 40 29
194 91 25
194 533 54
194 561 95
194 577 74
194 381 72
194 531 40
194 767 11
82 113 39
82 57 96
82 1060 52
82 725 53
82 375 94
72 381 27
72 724 75
72 12 96
72 462 81
72 841 93
381 814 58
381 777 15
381 853 16
381 675 29
381 982 61
381 12 51
381 1185 28
381 769 20
381 140 96
381 911 15
508 464 62
508 268 60
508 221 14
967 94 36
967 349 93
967 714 48
967 404 28
967 718 1
967 940 38
967 198 5
661 54 54
661 136 8
661 1103 2
953 51 54
953 1183 46
953 536 54
953 260 49
953 198 73
953 708 60
51 465 9
502 975 27
502 138 15
502 1069 90
502 224 86
502 278 27
502 932 58
502 1018 26
627 940 40
627 1060 93
627 597 32
162 749 62
162 712 31
162 287 59
162 1140 33
162 218 18
162 1185 53
162 806 46
749 479 15
749 91 84
749 224 47
749 337 96
749 767 14
749 966 20
138 57 55
138 537 47
138 225 50
138 1011 90
1101 833 96
1101 552 68
1101 199 94
1101 747 84
57 995 3
358 8 19
358 1131 22
358 1030 81
358 332 70
358 529 79
358 19 52
358 1047 36
8 182 42
8 961 42
8 379 48
464 1044 90
464 429 73
340 357 37
340 253 83
340 1184 65
340 251 6
357 76 93
357 174 91
775 666 41
775 1159 5
775 538 60
775 118 1
775 1042 89
775 232 16
775 521 72
453 247 62
453 992 87
453 1166 89
453 534 44
724 55 73
724 1105 3
724 759 96
724 782 43
724 351 60
724 769 30
561 302 25
561 261 27
561 36 57
900 976 74
900 1130 47
900 96 27
900 742 85
900 192 72
900 850 18
351 332 47
351 655 96
351 433 4
637 708 5
637 118 57
637 597 10
637 1198 5
637 391 54
660 842 21
660 1183 14
660 705 27
349 966 9
349 854 85
349 516 23
539 1020 58
539 299 84
1020 190 17
1020 1193 13
1020 1051 1
1020 1049 46
1020 904 3
1194 1045 48
1194 1060 59
1194 1140 82
1194 37 100
1194 309 1
1194 467 3
87 988 20
87 666 71
87 807 31
666 270 49
666 255 89
71 147 76
71 753 90
71 243 53
418 339 40
418 790 71
418 956 33
418 606 6
339 854 7
339 709 70
339 221 13
339 273 63
339 638 7
339 452 1
339 398 77
1144 288 82
1144 136 99
1144 140 73
1144 24 21
1092 494 63
1092 728 48
1092 274 39
1092 463 85
1092 420 82
1092 1034 60
494 791 47
494 1183 53
494 205 3
494 372 8
494 1072 22
224 1060 55
224 845 94
224 102 88
224 54 66
1060 177 66
1060 832 86
1060 1073 86
1060 974 40
1060 404 49
1060 196 35
1060 435 19
1060 543 56
1060 1159 93
1060 1031 85
1060 777 34
1060 1182 8
94 525 93
583 1179 9
583 812 71
1166 315 21
1166 1198 93
1166 545 90
315 198 33
315 429 50
315 681 67
315 1193 31
315 739 22
315 674 77
774 196 40
774 84 88
774 442 27
774 1003 4
758 1119 11
758 735 29
758 145 50
758 1011 71
758 832 83
758 391 64
758 266 12
758 163 51
758 1135 79
815 24 1
1072 33 3
1072 36 80
1072 90 80
1072 1096 9
1072 679 67
33 463 44
33 1023 71
33 227 45
33 795 96
380 131 18
380 950 66
1179 475 68
1179 1056 85
1179 452 6
1179 1130 25
1179 243 5
1179 92 53
475 914 12
475 258 60
475 714 33
475 118 5
672 354 91
287 768 22
287 90 30
287 833 37
287 982 92
287 1140 39
287 462 89
287 36 37
305 220 85
305 221 23
305 1177 98
305 1119 90
305 1011 29
305 533 33
305 243 71
384 961 88
384 212 85
384 768 74
384 753 14
384 1135 41
384 190 99
384 988 56
384 462 51
384 791 31
961 250 27
961 146 31
961 1017 92
961 1131 29
961 1003 15
961 559 15
961 956 18
961 714 16
961 812 1
961 910 18
729 1188 26
729 12 61
10 99 1
10 731 52
10 520 57
261 202 12
261 404 85
261 201 44
261 183 10
261 270 98
202 1017 43
202 753 31
79 639 86
79 1185 28
1111 503 98
1111 1159 85
1111 565 30
102 831 22
102 554 16
102 337 31
102 543 57
102 638 15
102 699 48
831 655 59
831 225 96
831 1182 62
831 153 24
831 218 20
831 99 10
430 842 17
430 926 83
430 199 59
430 191 48
430 623 70
430 564 20
430 881 92
430 459 61
842 855 27
842 201 44
360 568 15
360 1016 51
360 167 31
479 1087 19
479 56 40
479 994 53
479 163 82
1059 1119 71
1059 711 92
1059 708 12
1059 250 28
1059 532 8
1059 863 97
1059 974 86
297 536 47
297 1197 79
297 652 20
297 490 89
297 751 93
297 1130 74
323 898 21
323 185 32
827 470 27
827 721 98
827 484 64
827 205 65
827 132 82
827 170 89
827 578 62
863 163 100
863 46 24
863 397 22
863 6 61
863 487 33
863 834 65
863 1130 22
863 871 58
863 232 18
863 309 32
337 1097 3
337 600 84
337 520 97
337 516 62
337 1034 72
337 122 62
839 74 8
839 860 7
839 844 11
839 938 46
520 4 33
520 278 92
520 521 85
520 1017 33
520 742 72
520 1006 36
520 1114 27
4 833 40
4 712 71
4 841 17
4 862 33
855 354 79
855 1010 31
855 92 86
855 651 85
855 1008 57
354 487 42
354 246 64
354 286 65
354 616 65
354 1183 64
354 27 20
274 161 41
274 163 41
274 995 80
274 1147 10
274 388 80
274 36 82
83 623 98
83 1018 49
83 470 79
83 554 55
83 902 92
654 56 32
654 388 73
26 742 89
26 295 89
26 268 87
26 167 43
26 250 60
26 191 77
271 332 21
271 893 99
271 192 94
1017 473 51
1017 834 55
147 808 96
147 767 9
147 438 82
147 260 8
147 963 58
808 995 72
808 1056 85
808 994 78
808 445 37
190 156 12
190 1182 71
190 525 81
190 610 94
190 920 22
190 1103 9
190 1073 4
1199 174 57
1199 768 45
1199 675 33
1199 966 70
1199 674 31
1199 828 92
1199 260 58
1199 841 30
1199 132 22
1199 133 83
145 156 69
145 911 44
145 714 3
145 401 3
145 56 79
145 433 93
145 992 78
926 76 12
926 844 54
926 651 71
926 966 72
926 391 83
926 1027 3
170 1051 84
170 463 42
170 299 49
170 716 39
170 361 63
170 1057 33
170 814 67
170 557 68
1051 1182 54
1051 364 40
1051 58 52
1051 807 13
1051 133 52
1051 247 66
1051 871 17
1051 527 63
1051 96 69
1051 1003 83
779 982 61
779 610 40
779 994 83
76 463 35
76 178 90
76 871 28
76 914 91
76 531 4
76 459 26
288 565 51
288 806 6
391 118 34
391 678 38
391 433 81
391 286 58
391 833 13
391 321 14
118 299 58
183 577 17
183 55 47
183 401 100
577 771 90
577 238 38
577 681 71
577 626 91
577 871 4
463 136 93
463 997 22
463 565 74
463 503 61
1185 705 28
1185 845 73
1185 198 31
1185 81 25
221 692 96
361 965 97
361 558 21
361 1087 46
361 155 89
361 280 53
600 535 62
600 545 96
600 703 91
600 638 11
600 1093 14
600 667 71
96 692 37
96 728 43
96 1027 20
96 984 29
527 567 41
527 1122 58
527 393 64
527 1182 30
527 1119 74
527 1097 77
163 379 65
163 659 19
163 1145 27
163 891 84
1044 1073 18
1044 226 30
1044 945 26
1044 914 89
1044 759 12
1044 532 13
610 945 13
610 713 78
610 429 85
610 503 77
610 133 50
945 398 8
945 652 55
945 146 94
945 753 77
945 800 78
290 767 21
290 1008 77
290 712 78
290 828 12
290 536 30
290 671 23
290 956 82
767 768 11
767 192 49
767 716 61
767 840 59
302 525 45
302 812 60
302 528 83
302 1193 61
525 253 46
525 152 1
525 385 84
525 963 27
525 860 14
525 133 71
1131 640 87
1119 751 6
1119 1177 86
1119 446 48
1119 227 33
1119 99 21
1119 278 82
965 1184 47
965 545 76
965 319 100
965 153 77
965 651 16
965 782 30
965 543 61
1184 994 33
1184 212 4
1184 616 91
1184 205 53
1184 893 91
1184 578 23
1184 1049 10
1184 152 53
997 536 6
997 1030 47
705 1116 20
705 806 94
782 1078 66
782 995 63
782 167 87
782 238 46
628 191 35
565 1198 82
401 865 42
401 372 56
401 146 40
692 537 90
692 814 74
692 212 68
692 136 41
692 1198 99
692 910 52
809 198 65
809 55 30
809 140 73
809 171 82
623 393 3
427 385 50
916 365 63
916 91 6
916 740 91
916 273 95
916 1192 62
365 442 39
365 713 93
365 128 29
365 718 9
712 960 9
712 777 73
712 913 1
712 1159 32
167 420 58
167 206 31
167 777 6
91 845 37
91 793 56
865 1069 36
46 554 100
46 99 12
46 1067 9
46 528 28
46 485 33
529 533 74
529 881 77
676 543 63
676 516 76
676 1049 63
1183 1200 45
1183 1067 74
1183 484 25
1183 905 73
756 740 5
756 1105 63
756 645 75
756 706 47
756 1197 65
756 1110 63
756 56 80
1171 506 6
1171 578 76
1171 211 67
1171 286 84
1171 573 56
1171 995 93
454 706 62
454 564 81
454 538 56
454 128 58
454 655 69
454 677 41
454 996 81
706 1157 23
706 1127 88
706 528 5
706 1094 36
975 1009 98
975 1140 13
975 956 57
975 582 43
1073 996 97
1073 185 89
1073 950 86
1073 562 45
1073 1116 56
996 1192 9
996 260 37
996 910 46
735 614 69
735 516 81
735 1009 14
735 1087 34
735 182 18
735 1071 11
735 387 31
735 153 63
461 490 65
461 404 41
461 268 13
461 492 11
490 543 93
490 56 43
490 998 25
56 23 83
56 667 44
56 534 97
56 155 9
56 1195 96
23 1177 63
23 538 88
23 731 83
23 834 5
55 207 85
55 1045 73
207 251 14
207 980 39
207 922 75
664 397 19
664 6 39
664 1177 60
664 371 47
664 859 18
1056 595 6
153 459 37
153 651 100
1200 832 14
1200 487 76
1035 1116 36
1035 554 7
1035 719 66
769 1 73
769 719 7
769 504 76
1 595 68
1 716 91
1 136 64
177 503 18
177 1177 8
177 1197 1
177 84 32
86 410 95
86 211 20
86 467 68
86 638 19
410 375 69
410 914 10
410 642 78
174 286 97
174 462 96
174 703 50
174 762 36
174 963 60
174 536 79
174 206 65
573 251 81
573 92 41
573 27 26
573 37 36
503 1177 87
569 54 93
569 578 95
1031 504 20
1031 708 93
24 669 99
24 84 2
24 699 77
136 1188 79
136 108 27
196 471 72
196 171 30
196 771 10
196 537 1
196 211 5
196 567 18
471 871 73
471 940 70
471 642 94
871 824 27
871 679 23
871 322 52
473 974 38
473 318 50
824 1114 37
795 58 32
966 348 58
966 905 12
966 731 98
966 638 11
966 122 48
966 598 22
814 133 99
814 251 2
659 714 71
659 645 17
659 890 42
659 1168 10
659 598 13
659 679 94
659 156 90
659 182 23
552 1016 75
552 489 55
552 199 86
914 582 51
914 1147 4
914 268 79
914 998 7
914 977 51
131 559 42
131 246 13
131 54 93
1009 442 11
640 198 74
681 674 99
681 910 19
1198 1057 27
1198 940 71
655 1130 27
655 1107 50
655 270 25
655 849 35
1018 105 34
1018 845 22
1018 1195 54
1018 913 94
1147 581 44
1147 1097 29
201 675 63
201 1188 53
675 891 45
675 551 82
675 1027 100
675 543 29
675 747 88
675 531 8
913 713 49
913 455 11
797 960 19
797 893 15
797 845 31
797 232 11
797 911 22
37 538 73
37 708 21
37 1135 49
161 199 73
161 772 45
161 876 38
161 751 82
140 885 37
140 133 2
554 843 81
554 882 25
1182 976 77
1182 984 62
1182 84 51
1182 230 45
1182 191 16
777 728 28
777 266 18
397 371 94
397 154 47
397 940 21
740 645 41
1023 557 34
1023 833 95
1023 765 42
1023 449 15
1023 506 70
557 227 9
557 54 20
557 449 76
557 656 8
557 1049 88
557 1078 70
522 834 71
522 845 47
522 368 17
522 212 4
1136 270 45
1136 1047 35
1136 1094 57
1136 182 62
1136 99 51
1197 255 56
1197 828 94
1197 833 13
1197 880 8
1197 1030 30
1197 303 46
152 751 56
152 27 59
152 322 41
152 1135 4
152 105 33
152 1114 8
283 1011 58
283 638 51
283 626 42
838 716 5
838 616 62
582 21 38
582 1069 20
492 828 89
492 753 62
492 238 63
492 639 29
950 309 94
950 246 78
950 484 22
1016 528 82
1016 268 97
1016 703 20
1016 388 89
1016 404 13
1116 985 42
1116 424 35
1116 703 41
1116 881 18
84 862 68
84 1008 62
84 206 30
84 178 53
84 450 100
84 1114 76
543 652 66
543 791 63
543 462 11
976 538 27
976 105 39
976 270 22
976 1164 81
976 571 55
595 645 32
595 20 57
847 516 84
847 731 11
893 876 21
893 238 54
893 656 20
893 110 94
232 128 40
465 388 35
212 1087 17
212 144 12
212 388 13
212 1135 87
178 678 31
154 938 4
154 251 80
251 1071 34
206 845 14
206 902 5
718 198 93
995 684 16
995 703 87
452 1135 27
452 841 39
452 713 100
910 1008 51
910 309 16
910 516 56
910 58 49
910 940 99
849 840 22
849 156 31
849 1140 13
849 708 57
849 1103 69
849 689 91
849 278 69
939 319 69
319 834 20
319 371 7
806 568 2
806 1042 83
806 651 30
806 59 67
806 383 73
568 668 87
568 974 60
568 751 32
514 922 87
514 885 51
514 273 29
514 902 66
514 1145 27
843 980 15
843 703 37
266 793 42
266 242 64
266 1045 24
266 442 39
250 1145 92
250 122 21
250 859 9
485 105 35
485 699 71
485 728 40
105 6 59
105 54 14
853 205 71
853 753 71
853 424 72
853 74 96
205 992 54
205 387 99
205 800 51
205 792 30
656 751 38
656 521 1
656 762 74
703 260 42
703 1087 93
703 545 22
703 922 17
260 258 71
260 616 95
455 880 35
455 762 35
455 669 76
455 940 48
645 751 89
645 253 81
645 199 80
645 739 80
751 156 10
751 545 31
562 684 88
562 1159 72
562 487 3
562 721 11
562 333 56
833 230 51
833 273 92
833 904 79
833 90 43
833 714 37
833 182 73
841 99 76
841 731 24
99 887 49
99 58 73
99 998 92
99 1006 86
771 368 37
771 1193 6
1130 668 32
1130 74 22
1130 442 61
742 371 82
742 616 10
278 840 35
278 807 4
840 940 72
840 182 67
840 876 31
840 467 36
940 108 23
110 1011 66
110 270 26
388 679 84
388 747 81
191 32 65
74 536 6
198 1011 37
198 882 40
198 832 96
198 721 28
198 859 28
1011 368 24
1011 280 4
142 638 12
142 832 16
142 538 78
638 230 34
638 1093 55
638 921 60
638 781 63
383 1145 47
606 862 2
606 1157 86
606 36 84
709 684 26
709 462 22
678 318 2
678 1003 100
678 1177 21
678 371 99
318 144 64
318 1010 2
318 639 82
318 470 7
318 322 64
243 450 93
243 459 2
243 721 54
1127 739 25
1127 295 75
1127 626 7
1127 747 46
295 385 77
295 1192 57
295 708 93
295 904 57
295 484 99
1096 832 6
1096 1030 35
1096 108 2
1096 81 63
1096 306 21
242 985 8
242 898 59
242 716 49
242 834 69
242 321 76
985 932 33
985 1078 57
985 438 88
985 762 75
772 571 91
772 348 56
470 639 74
113 459 28
113 1010 9
27 854 98
27 1097 98
27 286 89
332 467 58
332 59 62
332 532 52
791 1008 76
791 182 32
791 1110 23
791 1069 61
667 920 57
667 268 36
368 387 91
368 516 33
721 32 62
721 132 82
534 1042 31
534 679 86
146 684 88
146 787 38
146 429 46
146 725 97
684 1114 73
684 225 95
590 723 98
590 711 22
590 1027 43
590 765 16
590 253 46
54 286 10
54 713 43
54 828 16
54 1110 82
54 438 99
286 506 67
286 1122 81
1006 1135 65
1006 372 8
150 1188 46
150 708 76
150 834 7
150 578 19
150 858 81
1188 230 13
920 1069 18
699 531 48
699 1042 93
699 1140 36
699 537 1
980 429 60
844 375 58
844 1042 70
459 155 74
880 854 51
880 728 35
880 1078 63
385 1093 72
385 467 58
1008 393 38
1008 20 78
1008 714 91
1008 845 58
36 484 33
36 280 82
230 273 8
230 1177 43
230 246 52
230 598 88
230 6 68
230 581 19
333 739 26
333 32 97
333 1192 30
521 716 58
182 982 55
182 1067 90
182 790 22
182 716 54
429 711 47
429 537 75
462 280 88
462 32 46
462 438 12
462 714 50
462 992 54
462 1105 70
462 21 55
716 1030 70
716 238 63
716 1114 57
716 994 60
535 156 50
535 669 68
535 199 66
535 1067 86
535 393 83
535 759 72
535 1122 49
535 303 92
156 739 19
156 998 25
156 299 30
280 1177 70
280 303 66
280 364 52
731 787 9
731 536 16
731 270 83
731 828 74
731 122 37
1003 1093 14
616 571 87
616 885 28
858 20 54
898 800 76
898 642 56
898 128 36
21 1030 53
21 348 57
348 238 42
309 445 82
309 1057 76
309 1114 89
1057 524 70
1057 1030 59
524 679 48
524 787 84
854 713 75
854 81 54
1045 258 81
442 651 85
442 792 86
787 674 84
12 404 44
12 90 82
12 881 14
711 1168 83
711 974 1
185 1159 24
537 834 11
537 1193 72
537 393 66
404 793 2
404 1105 35
445 765 42
445 90 8
845 128 89
532 882 100
532 1067 91
626 768 43
393 253 1
393 765 32
58 800 65
719 226 96
719 1168 15
719 489 29
719 800 95
226 467 6
876 671 29
322 1103 65
322 922 66
964 1076 71
964 504 34
964 793 94
268 921 43
268 651 54
268 516 18
133 180 1
100 938 88
100 956 97
100 1076 18
306 171 27
306 132 7
227 832 63
227 651 28
1042 1067 86
598 651 26
598 299 70
438 420 83
438 832 92
536 450 16
536 144 30
1027 424 86
887 132 73
887 270 24
781 890 71
781 1076 53
850 881 94
1093 571 40
668 81 57
668 984 24
668 905 11
668 714 76
253 768 78
651 273 15
371 1076 2
371 793 83
371 614 34
371 902 14
371 551 86
258 669 24
905 564 93
905 790 2
834 571 13
834 828 7
420 911 84
420 528 80
862 1164 84
862 81 52
862 559 62
1030 375 56
891 747 10
545 1164 20
545 446 19
545 807 43
545 1049 38
828 1034 97
882 768 79
723 489 98
723 768 79
723 144 2
904 885 57
81 144 27
81 963 60
713 450 99
1164 1049 6
1164 689 19
449 506 100
450 807 46
728 321 3
211 669 74
211 822 26
211 689 12
982 122 76
982 20 12
255 994 2
6 19 76
992 859 65
597 1094 69
597 180 32
1193 998 50
1193 974 66
1193 859 43
364 922 97
122 639 37
800 1103 77
800 793 46
800 753 2
800 1034 100
558 994 44
911 180 92
911 20 56
984 793 15
984 890 43
1087 956 11
32 696 21
832 90 89
832 929 50
998 220 34
564 642 87
677 768 19
768 669 21
768 822 47
768 246 35
551 446 56
132 1010 64
132 372 30
1105 792 69
1105 273 54
220 671 52
59 1122 25
725 1078 9
1103 446 94
20 922 70
1076 144 21
890 256 56
246 424 56
144 1094 31
902 790 9
