2821 5162 58
5162 3594 21
6958 4423 65
4423 3131 61
4423 2648 70
6804 2130 36
6804 5081 72
2980 2407 25
4906 4172 67
4906 3532 24
4172 107 95
5658 1050 32
5658 6791 19
5658 431 69
328 4008 25
4008 6431 88
4008 329 57
1509 2408 47
1509 2836 70
2455 3911 84
2455 3607 95
3911 4407 85
3911 7 58
533 5258 6
5258 2213 66
5258 3791 60
435 1902 77
435 4193 12
2393 1174 37
2393 2370 92
290 2826 21
2826 6486 38
5642 3351 33
5642 2395 13
154 3676 54
154 4387 78
3676 3651 66
1704 5694 97
1704 3258 41
5694 1524 48
1339 2303 56
1339 5904 75
1339 2953 48
2303 3212 26
3510 4850 51
3510 5355 2
3510 486 28
5068 535 81
5068 3972 75
535 2289 42
535 3257 27
535 77 2
2205 1656 58
2205 5861 92
1779 6996 98
1779 5107 39
1779 898 58
1779 3237 76
6996 6507 57
6996 6534 44
6996 3851 51
6996 1986 93
6854 2070 26
5981 5690 81
5981 363 27
5690 718 5
2988 2425 83
2425 6997 7
2425 6960 36
6010 4951 53
4951 1317 39
3072 845 51
3072 746 28
845 5123 83
715 6998 93
715 6603 46
715 4193 33
5598 6424 45
5598 6541 65
6424 2432 39
6424 5527 33
1040 1709 91
1040 3977 28
1040 3724 43
1709 198 90
1709 3864 75
5246 6649 2
5246 5337 48
5246 5202 55
6649 4289 76
6834 4379 92
6834 6743 92
127 6953 63
127 4539 95
6953 815 19
6953 4327 55
6953 6775 13
2657 280 74
2657 6045 64
745 1670 44
745 374 62
1670 1695 58
5201 927 2
2192 1478 37
2192 4113 73
5687 3029 10
3029 1012 83
5512 5900 97
5512 4256 7
5900 6139 30
3865 4660 55
4660 5525 92
4660 1792 83
4660 6189 67
2105 4059 86
2105 3906 8
2105 3695 91
2105 1258 56
2105 844 40
614 4168 95
614 4821 59
5354 2426 52
5354 5281 16
5354 3593 63
5354 5929 100
5354 2526 90
2426 4724 57
2426 3057 98
1168 6974 40
1168 5827 30
1415 331 36
1415 6451 46
331 5511 18
331 4413 66
3506 1029 13
1029 4021 53
1029 4371 85
6519 3840 81
6519 1315 54
3840 1275 44
3038 3657 15
3038 3028 68
6375 4833 29
4833 6694 8
3693 4826 93
4826 6932 17
4826 6214 66
1468 137 1
1468 464 66
137 2043 38
137 4069 97
137 4386 99
4411 281 65
4411 1107 79
4411 3566 83
4411 6234 91
281 742 8
3852 6754 46
3852 3277 63
3852 1447 41
4964 2346 33
4964 4449 36
4964 504 61
2346 2829 13
2346 2793 93
5337 2935 2
2297 3919 14
3919 6869 66
660 238 80
660 3507 52
660 3524 55
660 2817 22
660 4033 77
238 4371 48
4386 5492 22
4386 1054 31
5492 2990 8
2208 1925 17
208 2660 23
208 1963 35
1149 6803 88
1149 5749 8
5984 3522 53
3522 2553 39
1662 2300 71
1662 5668 16
2300 605 44
6112 2241 35
6112 4717 23
6112 5537 67
2412 2092 18
2412 352 5
2412 5978 1
2092 3672 23
4189 2862 92
4189 833 26
4189 4470 96
2862 2984 64
2862 4954 71
4462 394 51
6716 4972 23
5316 603 84
5316 4432 9
5316 1859 71
5316 1167 40
603 6462 69
603 2073 93
2652 1397 29
2652 1217 64
2652 2490 81
2652 5853 28
1397 4054 58
1397 6437 21
5570 1951 73
1951 4113 4
1951 2220 87
1155 5435 56
427 5376 25
427 1392 36
6961 4278 59
6961 1783 98
4278 4294 24
4769 4854 93
4854 4443 25
4854 4546 76
4610 6746 89
4610 1514 74
6746 3398 68
3497 5753 44
3497 3713 79
3497 3229 4
5753 1861 56
2135 5814 89
5814 1286 31
5814 1597 56
4556 5759 2
4556 6850 13
4562 4376 91
899 135 88
899 917 18
1913 3126 37
1913 5778 8
6622 1912 42
6622 2184 19
1912 2695 40
1912 2673 7
1912 4056 37
5552 2792 70
5552 582 86
5552 79 6
5552 5685 55
5134 3705 51
5134 6006 57
3705 183 67
3705 978 24
5696 5389 66
5696 985 13
5696 2236 100
2926 1896 72
2926 138 11
1896 5230 28
1896 876 71
1896 6129 15
1459 6858 20
6858 3386 97
3347 5290 41
3347 2789 25
3347 1676 74
3347 6288 57
5290 2103 80
5290 3005 38
2612 4180 24
2612 5025 38
4180 319 83
3927 1547 80
1547 2321 31
4460 907 24
4460 6813 24
907 4265 21
3319 2854 8
2854 1152 99
6415 797 29
6415 5322 22
6415 3879 2
6415 3228 96
6415 407 4
5298 4448 91
5298 1412 53
2981 5729 1
5729 1191 47
4449 2939 7
4449 3338 68
4449 2238 75
4449 2608 9
6120 5061 8
6120 3834 8
5061 1667 54
2848 2325 61
2325 4921 93
2325 4806 75
2325 1770 4
1953 3766 73
1953 3396 32
1953 1242 15
3766 6212 90
4021 5325 43
4021 5611 79
4021 6565 48
6654 5680 97
6654 3175 53
6755 4812 99
6755 2841 33
6755 4183 59
4812 1116 94
5547 5482 64
5547 24 52
648 6941 80
6941 3068 72
3286 1327 27
1327 896 100
1327 3062 14
1327 3587 31
5212 6652 15
5212 1380 91
6652 6142 28
1203 565 98
1203 32 1
6209 767 2
6209 3008 10
5821 2644 24
1310 1374 27
6542 6129 90
6542 518 96
3640 6428 20
6428 3663 51
6428 5368 16
1201 3867 42
1201 3354 90
1201 5458 16
3867 6737 91
3867 642 98
4367 2943 94
2943 5573 47
6745 3146 42
6745 4301 86
3146 6422 71
5695 4859 20
4859 3572 59
4859 2154 57
4859 4905 65
3570 81 72
3570 5249 48
3570 2585 66
81 2850 30
3627 1885 93
1885 488 23
46 4878 44
46 3393 77
4878 2748 89
4878 582 54
1684 4533 61
1684 4308 54
4533 4405 83
4117 4475 6
4475 5049 67
4475 1638 92
582 6203 1
195 3963 80
567 6065 83
567 1301 47
5319 1792 80
1792 2523 72
5592 4350 45
4350 1167 16
186 5366 46
186 3704 70
5366 528 70
5366 6842 64
3887 4702 51
3887 3346 29
5221 3070 93
5221 2067 42
5221 1797 56
3070 5764 26
5224 2448 78
5224 6743 12
5224 5112 77
2448 2876 8
2448 5280 33
2448 6852 68
1096 7000 74
1096 5602 93
1096 2025 88
1096 5650 67
1096 1053 15
1096 4758 38
7000 2277 15
7000 4496 5
509 4310 38
4310 5781 4
3076 2402 32
3076 4506 5
2402 5501 56
3325 5566 54
3325 4045 5
3325 5265 82
5566 5842 88
5566 1862 33
2563 688 81
2563 782 31
2563 6947 84
2563 407 53
4195 3065 72
4195 4148 5
4195 5768 72
4195 2828 24
3065 1314 19
2809 5006 87
2809 3064 76
1349 1903 90
1349 4160 95
1903 4837 6
1903 5026 96
1903 2971 5
5437 6584 42
5437 236 63
3787 5170 58
5170 1565 51
764 2994 41
2994 5595 94
880 5399 11
880 6293 73
5399 3557 34
3720 6166 26
2984 60 90
2984 6523 24
2984 5550 19
2984 6923 48
3447 2212 71
2212 1760 11
4257 4953 77
4953 2220 9
4953 914 37
1520 3621 19
3621 3744 29
3621 2618 64
4134 4543 41
4134 2983 1
4134 1240 58
4543 2167 3
2257 6674 42
2257 3320 11
2257 304 66
3355 3338 41
3338 5379 79
3338 4679 14
3075 3762 38
3762 1512 23
3411 222 82
222 3590 90
2347 1592 66
1592 3710 58
1100 5166 88
5166 1033 72
5166 4429 97
5166 449 50
1525 2543 39
1525 6403 25
2543 4274 91
3073 5820 23
3073 5956 28
3073 6587 63
3073 6311 8
2787 6873 33
2787 5478 79
2787 3397 27
2787 27 67
2787 932 51
2787 161 72
6495 1061 84
6495 3396 17
6495 3369 84
6495 6052 42
1061 2400 68
37 4431 100
37 1410 82
37 3869 44
37 2330 40
4431 5783 2
5865 317 36
5865 775 53
317 1172 11
4094 2691 69
4094 3393 52
4322 5684 34
5684 5919 28
334 6187 57
334 3845 14
6187 1877 49
465 3201 21
465 6012 30
3343 6650 49
3586 4312 14
3586 5698 83
4312 4668 62
246 5099 38
246 570 29
246 589 22
246 3954 74
5875 5708 2
5875 4753 3
5875 1382 12
5708 68 89
6395 3962 90
3962 647 67
2789 4956 69
2789 2042 60
6346 4193 33
6346 139 53
6346 3263 11
4193 2037 45
4193 6777 73
3758 1788 7
3758 712 38
107 2387 89
2266 2204 2
2266 4458 24
2204 5606 75
2204 5382 42
6693 1843 55
6693 3165 24
6693 244 53
6693 5522 76
6554 725 13
6554 4064 35
6554 810 2
6554 4648 31
725 515 44
725 3820 100
725 6471 46
517 6392 86
5240 4258 59
6924 2298 69
2298 1307 60
2298 1946 61
4928 6662 66
4928 5219 9
4928 189 61
6662 6903 96
4264 1807 35
4264 6275 57
4264 938 67
4264 3926 68
1807 6142 30
1807 2459 51
4148 1045 51
4148 5590 76
4148 2599 97
1351 3479 31
1351 466 47
5299 6934 74
6934 1291 55
6934 3603 93
5959 6296 6
5959 2400 61
5959 4630 90
5959 6364 10
6296 6741 47
6296 6948 74
6296 6914 49
142 3434 16
142 4217 63
3434 4671 90
1909 2840 32
1909 3934 73
1909 2047 57
2465 3915 33
3915 853 4
3915 1809 1
1075 4049 67
1075 3103 79
1075 2577 87
1075 876 97
1307 3947 41
1307 6702 61
812 4079 84
812 4739 3
812 6447 97
812 803 21
4079 1380 95
4161 5065 72
4161 1928 41
5065 2450 61
5065 495 62
3123 2800 3
3123 3523 91
1985 6371 60
1985 1955 72
1985 1028 72
6371 602 66
1027 1629 1
1027 1447 96
1027 6198 74
1027 271 93
1629 6703 79
6817 189 87
4589 2911 14
4589 1861 28
4589 384 42
4589 1617 44
5379 5582 71
5379 4271 24
5379 2458 41
5379 5575 54
5582 1413 85
4254 2277 50
4254 1045 18
4254 6004 54
4254 1131 45
4254 4174 39
6507 4558 34
6507 4959 31
6006 972 45
6006 2252 43
972 1296 97
6690 2597 21
6690 183 59
6690 269 42
6690 3 60
2597 2026 51
2597 1848 67
2597 4690 81
2641 5154 33
4710 1667 37
4710 1810 81
6255 1125 78
6255 3495 76
1800 418 47
418 6766 67
6532 3328 90
6532 1882 71
3328 4644 6
3328 3162 52
3328 4469 43
4740 2650 32
4740 986 51
4740 372 88
2650 4205 54
6027 5721 91
4100 4827 75
4827 2775 91
4827 305 53
3040 4210 65
3040 3533 63
3040 5825 58
4210 709 36
3589 1143 59
1143 2131 64
1143 4741 57
6257 1483 62
6257 2150 89
1483 2386 69
3649 5850 32
6790 1511 92
6790 877 96
6790 3987 63
2884 2629 31
2629 698 61
383 487 5
383 2009 28
487 2340 38
487 1017 5
2220 2544 77
2220 5369 21
1812 2772 21
1812 4554 21
1812 6994 23
1812 513 92
1812 6656 99
2772 1757 23
4218 6074 50
4218 1085 32
6074 1813 28
6074 6942 28
6074 4882 3
5333 5075 8
5075 1298 64
5075 431 37
225 2726 53
225 5123 2
225 4560 18
225 778 79
225 2478 50
2726 2395 70
2726 5090 44
3641 3712 28
3641 1969 26
3712 4971 53
3602 538 27
538 6170 53
538 406 27
6997 3467 55
2833 4873 86
2833 1630 84
2833 510 85
4873 79 25
3425 6268 83
1786 70 74
1786 5877 22
1786 2308 10
70 3131 13
4470 6472 11
4470 1456 90
5388 4050 57
5388 6150 86
5388 1033 14
5388 2452 20
5388 3646 79
5388 3236 67
4050 5434 71
4497 4570 93
4570 4651 75
4570 1297 12
4570 5156 65
556 3508 60
556 3330 14
556 3174 16
6012 1115 71
3734 4576 81
3734 588 36
3734 3156 16
3734 399 41
5749 6837 33
5084 3950 91
5084 2306 43
5084 926 79
3846 6727 94
6727 6307 9
2547 22 27
2547 4537 63
2547 393 46
2547 2091 79
22 5977 27
22 2647 77
5380 4672 99
5380 2319 33
5380 149 17
4672 2542 41
4672 3890 59
4672 2187 47
1874 3933 39
1874 2373 10
3933 1666 25
3271 943 21
3271 4922 4
3271 5961 43
3271 3632 17
943 682 16
2354 430 9
2354 3352 44
2354 4535 91
2354 4267 65
430 6336 84
430 384 46
191 2054 26
2054 4961 2
612 1045 33
612 1377 88
1045 201 78
1045 3410 10
1045 4058 7
66 2759 35
66 1732 56
66 3352 49
2759 4956 38
632 4899 80
632 5843 15
632 6699 54
4899 1556 10
5506 4821 58
4821 4054 35
528 1536 58
528 1334 74
5418 5868 83
5418 599 71
5868 6561 98
5868 4753 66
5987 4908 77
2714 2678 53
554 5994 40
554 2359 61
5994 2622 22
5994 5192 98
5994 3525 81
4933 3755 94
4933 6843 18
4528 2331 20
4528 5927 90
4528 4739 62
2331 3422 34
2331 5628 36
170 4397 51
170 5289 23
4397 1703 46
4397 6066 25
1456 3814 49
1456 5378 4
3814 913 61
5710 4237 82
5710 5906 35
4714 4677 29
4714 3949 15
4714 6582 54
4714 4927 50
4677 1315 68
4677 1197 75
4677 980 26
3320 663 59
3320 5828 31
986 4707 28
986 5713 55
986 5178 39
986 897 87
2876 6922 8
5123 4009 18
5999 1140 42
5999 4957 54
1140 3647 50
1140 1954 41
4920 3765 19
4920 2749 17
4920 649 82
3363 6730 18
3363 359 17
6730 4048 23
6730 6093 31
6730 6832 37
2163 1367 77
1367 6061 91
1367 570 11
2400 4417 9
2400 995 44
2400 5052 22
346 4957 73
4957 4905 79
4957 3107 19
4957 2232 95
4957 6774 49
5273 6776 7
5273 89 29
5273 1688 34
6157 3767 16
6157 2804 8
3767 6866 57
3767 1624 15
1538 6624 16
1538 5037 87
1538 5856 21
5530 6439 10
5530 6292 80
6439 1453 74
6439 4713 64
6439 6718 27
6439 4586 23
6439 2428 43
750 1281 83
750 4137 98
4 2670 6
4 2191 60
387 4425 48
387 257 1
4425 4316 8
4425 6354 41
2810 3101 83
2810 5168 89
2810 5462 84
5559 4512 92
5559 2733 92
5559 2749 14
5559 2193 24
5559 6052 98
5559 5362 46
4512 817 57
3441 1867 13
3441 6397 26
1380 36 16
454 5113 39
5113 5377 51
5113 5989 59
6762 3811 34
6762 1977 65
3811 3530 19
4929 2138 50
4929 6971 51
4929 5510 49
4929 2254 36
5827 1633 70
1827 4837 23
1827 6265 51
4837 741 27
4837 2941 35
5591 4963 74
5591 6501 34
4963 5155 21
2566 5641 18
2566 685 46
2566 703 8
4885 2898 4
4885 3578 79
2898 502 55
5326 62 66
5326 2493 68
5326 4726 74
62 6336 25
69 872 76
69 2145 49
872 1426 33
2349 368 45
2349 1633 41
2349 6502 91
657 3412 49
657 1526 18
4783 2725 37
4783 52 38
2725 363 92
2725 852 35
2725 3147 81
5203 4642 84
5203 2306 2
5203 414 54
4642 5402 91
4356 269 72
4356 4831 84
269 5844 47
269 2872 41
4721 1799 100
4721 2155 63
4721 4299 95
1799 1437 83
3074 835 83
6040 3025 20
6414 6879 49
6414 1084 39
6879 850 100
6879 286 59
6272 1808 51
2385 1734 95
1734 6939 15
6789 5415 15
6789 6427 70
6789 6220 31
5514 4362 9
5514 5158 45
4362 5197 57
4362 3722 91
696 973 88
696 4540 21
973 1504 12
712 673 51
4175 1681 54
4175 4532 73
1681 2516 66
2507 1522 17
2507 6512 56
2507 5782 89
2507 2091 77
294 2940 17
294 473 16
294 5 61
294 5402 44
2940 3700 81
2940 997 53
3042 4561 37
3042 5476 90
3042 2805 5
3042 3591 50
1580 2306 100
1580 6031 22
5873 2978 91
4707 1716 4
3831 5679 65
3831 5478 91
5679 3618 2
5679 2024 95
6691 4881 35
6691 1064 56
4091 4013 2
5190 4311 42
5190 789 2
3812 4443 71
3812 6772 1
4443 4853 51
2539 2420 37
2539 4842 38
2539 3684 92
2420 3437 38
2420 627 71
5032 1697 59
5032 6051 57
5032 1735 82
5032 2314 89
5032 651 14
100 6485 44
100 6604 44
100 6729 95
6485 5327 70
6485 5804 22
847 6298 72
6298 5412 83
3175 6813 58
2560 3402 73
2560 1269 23
2560 5989 88
2560 6402 94
5955 6290 24
940 807 41
807 5854 76
1012 5784 58
1012 4536 58
1012 1776 33
5784 4717 42
5784 3628 4
6072 615 26
615 6306 10
3030 5043 66
306 5771 1
6821 144 37
5546 6592 69
5546 3986 24
5546 4328 28
6592 663 41
1887 6328 72
1887 670 55
1887 3837 81
1887 2783 74
6328 5722 16
6948 11 42
6948 3785 89
6948 415 3
6948 944 23
11 670 76
11 4011 68
475 6314 70
6314 4194 19
6310 1783 22
6367 1602 5
1602 4581 96
3872 4839 9
4839 1046 43
4839 6091 41
753 5763 52
753 964 81
5763 5797 16
5763 3239 23
6990 5819 49
6990 5089 25
5819 6598 61
2024 2824 88
2024 2965 77
2024 2944 47
2824 5692 32
2824 1431 24
2824 543 72
5067 4557 37
5067 3082 50
4557 732 37
2925 6369 63
2925 6504 14
1089 5935 32
1089 820 63
4095 5439 68
4095 5724 51
6957 6342 95
4691 2509 75
4691 1127 44
4560 6194 51
3906 5227 51
4849 4766 39
4849 939 34
4766 390 67
4766 6416 59
1134 1872 39
1134 4914 52
1404 217 63
1404 6430 15
217 1578 80
217 5069 14
91 3989 97
91 1269 17
2271 1557 25
2271 6200 94
1393 5751 27
1393 6473 91
1393 4139 28
5751 4838 69
5751 1054 41
1113 1712 89
1113 1906 63
1712 5196 68
1712 3034 7
1712 6504 99
5107 4784 3
5107 3537 85
5107 405 66
5107 3427 83
5891 74 71
5891 963 31
518 1578 8
518 1530 7
6523 876 84
6523 4447 10
6523 2867 41
151 3886 17
151 4177 90
151 966 44
3886 1755 6
3886 3998 21
3748 5594 54
4629 4777 3
4629 507 17
4777 3431 49
4777 5525 54
3144 5051 95
3144 2694 49
3144 3513 54
2019 2829 31
2829 6824 8
2829 4793 21
1815 185 87
421 1534 96
421 2857 82
1534 131 92
1848 5235 3
5235 2329 71
5235 1937 43
5235 260 99
6032 5787 26
5787 2702 44
5787 4754 79
5787 5732 14
4805 6910 84
4805 3994 73
4724 5750 30
4724 2976 63
6461 3330 34
3330 670 65
3330 5092 20
4639 2419 84
4639 3291 99
4639 1745 51
4639 6917 40
2419 5657 22
2419 2496 19
2419 5181 43
2419 3666 8
1833 3445 3
1833 5267 3
3102 6894 79
5004 1405 19
5004 5569 80
2416 4987 67
2416 2050 50
4987 5744 11
4987 5285 2
3941 4039 27
4039 5992 91
4039 4717 24
2197 6319 55
2197 5398 26
2197 5149 43
6319 5159 52
6319 90 46
5460 2486 2
5460 1395 8
2486 1364 64
849 268 9
268 6985 61
268 3605 25
6398 3743 21
6398 2850 5
6398 3625 96
6398 6885 19
6398 6269 34
3743 819 9
5082 946 97
5082 2867 62
946 6697 47
946 4832 60
946 3998 28
3856 6972 100
3856 6089 41
6972 2480 28
6972 6443 61
2961 2790 94
2961 5119 100
2790 989 85
6553 1759 89
1759 3399 31
1759 4407 61
1759 304 96
999 2283 43
999 5903 64
2283 3566 80
3291 2458 52
6248 1811 53
1811 6357 85
1811 5932 51
1811 1702 8
1811 6429 38
5657 1314 28
1314 6589 46
2645 3832 43
2645 5622 85
2645 4738 38
3832 1151 87
5934 864 23
864 1306 7
864 3474 62
1856 4465 44
1856 3904 18
4869 6578 92
4869 4384 59
4869 875 94
6578 6672 22
3352 3310 94
3516 4895 10
3516 5555 24
3516 322 54
3516 199 73
4895 2201 25
4895 5483 96
4407 3514 5
3514 4989 70
5411 5416 55
5411 4544 26
5411 5236 98
5411 1215 29
1785 40 100
40 119 46
1371 5945 89
1371 3289 43
1371 6197 51
1371 6980 19
5945 355 85
2321 3249 94
2321 2738 93
2321 5378 20
2321 1184 4
2321 997 80
1821 3287 28
4417 2199 76
6703 2424 72
6703 6937 55
3724 2672 59
2672 1069 89
2672 6897 96
3060 4743 13
4743 3359 15
4743 2301 68
6431 548 20
6431 709 79
2666 6108 34
2666 302 31
6108 506 80
139 4857 68
3131 6969 54
3131 5111 3
3540 6835 59
6835 5340 55
5393 5683 41
5683 3750 50
5683 5958 90
5683 3675 48
5683 5913 51
803 3884 2
803 6851 46
803 3653 92
3884 3234 60
5446 6087 35
5446 3326 23
6087 1407 12
6471 3182 83
4921 3247 60
4989 1302 2
4989 3491 72
4945 2855 3
2855 1978 17
6198 4190 97
6198 3624 6
6198 6973 9
4190 4514 1
4190 5924 86
1661 6539 3
6539 2879 61
6539 369 38
4816 1157 1
4816 1001 9
2676 2541 59
2676 5772 27
2676 5967 58
4285 2244 88
4285 3879 90
4285 358 84
2244 3488 40
2244 4709 26
1205 5662 64
1205 2124 29
1205 3488 85
5662 4060 58
5662 2066 32
5662 6356 1
6792 2945 5
2945 3209 71
6517 2261 8
6517 6089 13
2261 2052 2
4068 3679 58
4068 3951 40
1054 6927 96
1054 2585 71
5267 2239 64
4940 2477 89
1526 743 24
6860 2357 78
6860 2842 96
2357 1283 95
2357 3797 1
4326 6358 31
6358 3976 76
2103 3254 93
5180 5998 9
5213 1725 74
5213 6020 24
1725 2706 37
1725 5477 100
3246 4602 89
6000 2379 27
4054 3231 69
2989 829 80
2989 4709 31
2989 5686 5
829 1782 52
2947 2222 7
2947 1980 46
2222 5669 30
4982 1933 29
1933 5315 51
1933 6663 12
3918 6164 79
3918 6908 15
6164 4231 80
1963 4678 24
1963 2411 79
5572 3816 86
5572 6661 23
5572 3401 10
6557 1333 70
6557 6274 62
1333 3100 58
1333 605 52
6989 1741 85
1139 4336 19
1139 4996 2
1139 6379 43
4336 260 67
808 4325 59
808 3002 89
5843 775 37
5843 84 45
2307 5528 26
2307 4555 99
2608 941 31
2608 206 45
6598 681 93
6598 802 45
681 5625 75
681 3870 60
6954 618 79
618 3270 58
4604 4744 50
4604 3461 21
4744 251 18
1161 5192 37
1161 4225 72
1161 4956 74
5192 5462 2
2504 3081 31
2504 6193 95
3943 637 75
3943 5607 100
6474 6692 1
6692 5769 74
5979 5442 93
5979 1657 88
5931 6213 24
6213 6096 81
6213 3815 94
6213 3929 58
6213 2712 2
59 4450 36
59 318 82
59 5644 55
4450 6377 46
4657 4662 37
4662 5400 65
4662 5939 62
6051 4673 83
6308 3435 66
3435 4489 92
3435 2156 64
3435 65 90
3435 1641 78
6490 6433 83
6490 561 15
3244 2095 66
5395 3384 45
3384 4838 83
3384 3257 56
2571 4813 34
2571 265 16
2571 356 90
4072 6316 89
6316 598 60
6316 5244 62
6316 6455 29
6316 3961 90
2275 53 45
2275 3377 29
2275 3450 58
2275 1857 92
53 957 21
1079 5846 7
1079 2268 51
1079 5588 6
6995 3418 18
3418 5882 38
3590 3853 32
3590 129 84
206 5132 25
206 2209 10
206 1897 93
1703 562 46
6195 239 47
6195 585 24
6195 5078 1
1889 3563 92
1889 1986 79
1889 5035 99
1889 6021 70
3563 2610 72
3111 1716 78
3111 1806 63
3111 5603 60
3111 3923 83
2090 2914 35
2090 1731 88
2090 5907 53
2914 5857 45
2749 644 60
2749 6895 17
6466 4494 52
4494 1189 46
4494 991 47
1280 2374 68
1280 6950 48
2374 5234 72
1992 4382 98
1992 2278 11
4382 1444 44
580 6932 57
6932 5403 18
6932 2363 93
5164 2364 36
5164 1425 96
5164 1516 24
2364 6963 85
2364 917 54
5204 2071 81
3974 6520 4
5650 5347 87
5347 6326 16
2139 6426 77
2139 1005 33
6426 3600 95
6426 2530 83
3695 5862 38
5862 341 56
5862 5825 5
6241 5275 61
5275 3864 95
5275 3180 39
3986 4089 45
4352 5254 15
5254 2938 93
5254 3306 64
2319 1182 65
6458 4032 52
6458 751 19
6458 1699 40
6458 466 24
6458 721 69
4956 4171 59
4956 2692 80
4956 6178 44
4151 3098 52
4151 3313 67
4151 4924 82
3098 4383 35
3098 5126 60
6279 3527 100
6279 3805 27
6279 4118 99
3527 1377 3
2121 3478 40
3478 1414 30
6263 5128 94
251 5904 46
251 5314 23
251 5279 35
2602 1926 60
1106 1883 10
1883 2658 81
823 2078 47
2078 2122 85
575 4806 24
575 6473 90
575 313 72
575 2450 53
4217 1591 73
1046 6911 92
5778 1436 42
5778 1639 81
5444 2405 78
3055 5283 71
1781 2068 13
1781 993 34
2068 5623 17
2068 4000 7
1514 348 35
1338 6463 84
1338 5222 30
1338 1720 27
6463 3011 56
1309 462 35
1309 1467 75
6561 5760 9
6561 2237 76
5760 4137 46
5760 6498 84
5848 913 73
5848 6560 38
913 1568 52
913 6546 70
3006 5069 64
3006 296 26
391 8 9
77 3908 29
3908 4014 70
5375 4927 22
5375 6807 76
4927 846 52
5769 5795 93
5769 6312 4
5769 4798 47
2932 252 29
2932 5312 89
2932 1033 91
252 6026 97
3502 5776 50
3502 2065 12
6142 3141 3
6142 1101 90
3141 1594 52
3141 6889 41
3141 3456 30
855 3294 53
2398 2339 48
2398 5475 31
6230 3800 86
6230 2603 53
6230 1403 39
6230 4156 17
3800 5047 64
2630 4767 60
2630 926 27
2630 932 35
2630 4401 39
4767 4916 80
1259 3409 12
1259 5481 97
1259 6747 21
1259 5526 56
3409 1083 57
304 4874 24
304 6731 11
6589 2889 18
5496 6918 24
980 3521 38
980 4537 58
998 2820 80
998 1891 8
998 6360 7
2820 1326 6
985 1193 54
2797 5557 61
2797 521 73
2797 215 81
5557 5259 66
2166 4348 79
2166 1420 1
2166 6295 27
4348 4000 13
4348 802 22
4348 4597 87
4348 4467 96
3819 910 80
3819 5364 75
910 2803 9
2390 5152 83
2390 4884 6
2390 3348 74
5152 2955 42
5152 5502 37
5152 3167 60
2658 6936 19
2658 521 27
2658 3613 55
5197 2221 83
5197 5105 32
5427 2521 85
5427 2718 98
5907 3167 27
3167 5260 47
3167 1395 99
3167 21 14
6376 5603 75
2923 3778 49
2923 1476 61
2923 5709 53
6249 2737 68
6249 1181 52
2737 2158 42
3744 676 22
3744 2356 32
4090 5270 80
4090 4930 29
5911 982 10
5911 1446 6
1517 1591 71
1517 5674 77
1591 4858 53
1591 6937 54
5023 5523 32
5023 3793 73
5523 6892 63
5523 3179 2
3509 512 39
512 2785 9
512 806 91
512 3953 2
512 4488 99
1360 510 64
3034 4490 25
3034 4007 50
4490 2491 31
938 2367 24
2367 3830 53
2367 5271 11
4742 3198 44
4742 5661 92
4742 187 54
3198 3774 41
3198 581 65
1213 4274 43
1213 3265 83
1213 5718 78
2463 24 43
24 6862 65
2709 6824 9
2709 1473 83
6824 3704 8
6824 507 71
6824 6338 44
1082 5880 85
5880 6848 37
5880 64 20
5880 5596 93
3247 6152 44
3247 3741 62
6152 3381 5
6152 3152 64
4241 2837 8
2837 690 97
2837 23 34
6274 6763 52
978 5079 55
978 2315 35
978 4155 28
5079 1252 1
3770 3495 61
3495 5255 39
2018 163 17
2018 119 28
6190 2892 65
6627 3264 90
3264 3399 14
3264 3785 35
1423 5615 41
5615 3683 62
5615 4429 6
5511 2248 46
5511 6644 88
2248 3751 35
2799 5792 76
2799 2334 60
5792 125 25
5792 3728 80
598 1696 36
3119 114 42
3119 3660 55
4773 158 34
158 5543 3
158 6529 1
158 1440 50
302 1252 25
1252 2165 27
1252 2012 72
1479 1809 52
1479 1941 10
1479 2249 13
3440 3382 12
3382 6764 69
1225 3039 71
1225 1663 15
3039 5703 45
902 1336 50
902 6370 41
1336 2480 7
3785 3804 67
3785 3860 7
3804 5165 30
5750 651 82
5750 1469 59
6188 5302 31
5302 5842 46
1183 3009 78
1183 5486 62
3009 1540 45
1862 1037 42
1862 4282 40
1037 2250 11
1037 547 68
448 2453 96
448 3004 84
448 274 40
448 3152 83
448 5918 12
2453 1975 49
6867 3880 96
6867 5352 11
6867 453 57
3880 4842 74
3600 6694 54
1955 1019 99
3616 5398 3
5398 3462 93
5398 4496 87
976 1295 44
1295 1844 77
1295 5095 55
358 5614 62
358 2491 37
5614 4503 93
5614 5610 13
4858 3349 69
545 2534 53
1056 2598 55
1056 3012 35
2598 1864 58
3931 6191 45
3165 345 24
6889 380 64
380 6681 73
6326 5096 94
5400 2740 4
2386 6222 65
905 2680 16
905 6320 73
905 1950 44
2680 2544 49
3437 3336 21
3437 6872 6
4315 2746 48
2746 6882 18
2746 1395 35
2746 3190 1
1257 2216 51
1257 2819 83
2216 5836 97
2216 5654 57
1306 2921 29
3745 489 71
489 6644 44
489 4089 38
3756 1463 11
3756 3106 18
3756 3844 45
1463 2958 21
3775 2008 60
3775 552 22
4631 1266 48
4631 5974 75
1266 6903 51
621 1731 94
1731 1353 21
1731 5928 62
2617 95 100
2617 1590 55
95 5262 100
4199 5893 69
5893 5361 13
782 2341 22
4262 1348 19
4262 1370 70
4566 1472 79
4566 3309 45
6048 3737 21
3737 6438 21
5777 2662 41
2662 3844 8
722 5457 72
5457 2231 54
636 3853 76
636 2376 4
3853 147 2
3815 4399 79
3815 477 62
3592 4985 89
3592 6311 98
3592 6148 7
5343 431 29
5343 1647 21
5343 400 17
431 29 38
5159 5744 43
5047 6218 66
5047 2685 87
5047 2668 99
2481 6425 78
209 4428 7
209 5455 76
4428 6570 17
4428 5365 79
5027 2618 24
2618 6759 9
5440 1689 41
5440 4893 38
1689 5733 24
3288 5539 35
3288 5607 76
3229 5766 99
5766 2167 17
5867 2808 88
5867 5963 42
5867 850 67
5414 1466 18
5414 1476 13
5414 5824 26
1256 3157 33
1256 3904 12
3157 4612 56
3157 6098 63
3157 6440 66
3157 282 1
3157 320 58
2528 422 15
2528 362 80
422 5925 85
3431 6620 21
6254 3955 97
6254 5691 21
6254 541 93
2695 336 31
336 1939 28
1735 4582 33
2440 1111 5
2440 6791 24
2440 1465 73
3694 1364 93
1364 2320 15
1607 376 69
1978 850 87
4409 6147 57
1829 883 89
1829 6457 82
1829 4375 56
1829 404 89
883 3250 80
883 1636 82
5926 5184 31
5926 6351 51
5926 4617 40
5926 6582 23
5184 4004 74
3838 6659 18
3838 3170 58
6659 6280 43
6659 497 100
6659 5678 29
6325 571 27
1528 5949 35
1528 1798 35
5949 340 2
6764 1593 54
6764 4268 69
1593 2487 21
4738 3013 8
3013 4997 34
3013 3451 88
1474 903 13
1474 447 14
903 4552 65
903 390 32
2221 1123 96
2221 409 92
5478 4522 31
5625 1237 91
5882 1847 66
5882 3311 66
4226 1384 84
4226 5894 63
4630 3458 10
365 2767 43
2767 1582 60
6686 646 7
6686 4349 72
6686 2406 51
1432 51 94
1432 4185 9
1432 2305 33
51 1711 18
2159 5016 63
4893 6208 96
4893 1510 57
4893 3504 13
6208 1813 45
6208 4948 16
5081 3236 61
5081 2162 93
2991 6641 56
1189 3793 94
3793 3078 16
3793 257 25
2359 3916 100
5571 2903 16
5571 5456 90
5571 2701 82
5571 4044 68
5621 2016 74
5621 5878 22
5621 4127 75
3200 1752 50
3200 6432 47
401 2496 87
401 5593 20
6261 3211 2
6261 6394 7
2342 6487 40
6487 1092 40
6049 3481 14
3481 4797 86
5971 3783 33
4537 5724 81
4537 3308 95
4537 6149 56
3398 5718 52
1469 4075 71
5502 1881 69
5502 1487 10
1881 4480 67
2299 5649 27
1279 2038 91
456 4136 64
1447 6580 28
6580 4715 92
2075 6434 50
5381 4828 62
5381 3122 53
4828 5219 76
4828 2815 17
3052 6916 80
6791 1634 56
6791 5937 23
6791 245 37
1962 3036 68
5 5449 94
5449 6729 67
5871 549 6
5871 5287 98
549 1026 70
549 3604 20
549 970 62
3821 1011 41
3821 3024 78
1011 1851 45
651 39 23
651 552 58
39 5448 52
5656 1724 29
5656 1622 91
1724 841 40
1724 1524 18
1724 420 63
5402 3825 77
3825 1706 87
3825 3505 24
372 5122 48
4962 4612 98
4962 2607 65
4612 3791 58
3462 1318 73
6902 1094 10
1690 961 29
1690 2842 62
1690 6968 33
961 6524 97
5992 1844 44
5936 6570 36
5936 3366 27
5936 904 98
6899 3292 26
818 4931 48
818 2218 15
2165 6204 39
4337 5731 6
1911 4058 54
4058 2469 15
4058 2556 48
4058 2036 52
3335 6394 39
3122 859 76
3122 6645 65
1594 6965 60
1594 332 76
286 781 57
4540 1904 46
6963 3010 89
2738 1329 96
2738 1008 5
2472 5025 73
5025 1944 84
2546 6679 89
6679 4544 28
5793 5268 40
5793 6479 36
2131 5619 45
2131 453 20
5619 6095 6
5904 461 39
5904 810 36
5904 6455 73
2705 1153 75
2705 4207 80
2705 3487 71
1153 1995 29
1153 3358 57
6381 250 79
250 1232 66
6082 4762 13
1001 5575 46
6368 2715 37
6368 6684 85
5860 3874 43
5860 3140 11
5860 6269 92
627 3672 46
627 666 3
514 2596 11
2596 4705 33
3311 1489 2
4924 3687 29
4924 2023 37
79 4219 64
4679 2550 55
4679 5967 11
2550 658 30
3559 3357 99
3559 3817 84
3357 3704 76
3357 3575 69
3357 3629 41
3801 2040 19
2040 6970 75
1969 2953 11
751 2593 23
1565 6543 7
1633 2009 64
1633 3940 8
5481 919 15
5481 3181 41
5325 5037 58
5325 6660 77
926 1297 59
3496 1293 90
1293 1154 74
6043 3833 22
6535 5494 51
6535 2066 45
5494 6707 12
5494 6345 39
6704 613 65
4242 5327 22
4242 3956 41
1024 2264 65
1024 4815 18
6870 2292 95
2292 5286 15
2292 6033 60
2291 2776 4
5698 5669 37
5698 4594 23
2949 4961 41
1169 2544 86
2544 4668 26
6204 5169 54
6204 617 86
2231 326 55
6265 4184 72
120 4320 98
120 5497 11
4320 4006 34
6245 1898 38
1898 4753 15
1898 4684 97
4370 138 42
4370 6646 61
4370 1966 15
138 5732 37
3889 5397 67
3889 4232 87
3889 3151 94
5397 1425 59
5397 4015 98
4206 2511 17
4206 919 65
2511 4406 10
602 3113 45
3378 4395 85
3378 6721 16
4395 506 9
537 2242 8
537 4684 3
1262 5426 50
5426 6524 92
718 5463 51
718 2186 89
1813 5761 86
6062 3958 80
6062 1118 24
3958 5104 58
4011 4694 18
4011 3768 90
4011 6661 38
243 1470 23
1470 6149 62
1077 3423 32
1077 4965 98
3423 4588 75
3423 5767 6
964 4559 35
6357 1105 28
6531 4169 60
4169 6814 85
2793 3789 57
3789 3280 39
3789 3417 74
1414 2805 52
38 1908 15
6536 2555 76
2555 3501 51
2555 2614 36
6731 453 6
6731 3483 32
970 5947 43
970 546 19
970 2372 14
970 3613 80
3395 760 1
3395 175 75
588 4706 70
6959 5686 69
6959 2589 58
5686 3942 55
6594 3645 9
6594 2431 99
3645 1020 74
3234 447 62
2225 3179 20
1340 4384 83
4384 4960 99
1378 6409 56
1378 6130 14
6409 1544 27
3890 1999 94
1999 5485 33
204 3923 76
204 2355 29
3923 4480 40
3206 67 59
3206 3677 80
3206 3858 62
5471 1984 16
6942 44 90
2730 6401 12
2730 27 69
6401 2211 80
6401 6374 20
1258 6712 82
1258 5071 96
6712 735 46
6712 3719 50
4874 3304 7
3628 2974 35
4794 2171 50
2171 6185 83
113 6853 33
113 984 54
113 4751 62
3394 1103 79
3394 6228 24
1103 1560 8
1928 6344 42
917 4785 84
917 6524 74
917 987 32
5985 3850 28
3850 6852 61
6003 2358 33
6003 6987 35
6003 3794 60
3046 2304 37
3046 6349 94
6628 1144 96
6628 1312 33
1144 2045 53
886 6085 61
886 4621 20
886 2048 33
6085 6935 26
6085 942 38
6085 2421 3
3129 4119 80
4119 4655 62
3359 4045 41
3359 5682 64
4045 2072 62
1795 4872 91
2355 5072 70
5072 2108 43
1839 3779 8
3779 3567 51
6766 2133 23
887 6 28
887 119 97
3544 4390 60
4778 5537 44
5537 5266 33
5537 367 70
5612 4378 37
5612 1124 100
4378 652 94
5303 2176 48
2176 971 47
2176 3637 18
1026 1188 3
828 2851 33
828 5242 77
828 1063 78
2851 3001 53
2851 467 98
1416 373 34
1416 5826 20
1416 1008 53
1576 299 35
1576 2849 68
299 536 13
299 1849 36
3672 3018 53
3672 221 82
3672 2804 40
2227 5422 22
2227 6636 31
5422 1028 52
5322 1994 52
2818 6247 57
2818 4706 83
6247 3323 76
4727 749 93
4727 2427 50
4727 719 8
749 5956 35
3847 3607 25
3847 3199 73
4006 4040 32
4006 2812 37
5406 1678 4
5406 5617 3
5406 1412 3
1678 4909 47
1994 4073 37
1994 6227 80
5105 2953 9
5105 3630 100
1561 6302 92
4574 2963 90
6618 4165 83
6618 6545 89
6618 5040 60
1900 4968 90
1900 5236 78
2456 1151 76
2456 4627 81
1151 3162 7
172 4439 85
4439 357 15
6293 5288 47
6293 6197 22
1121 5122 20
1121 944 19
5122 2502 53
5122 2188 1
3220 6922 32
3220 1929 46
3220 1074 27
3008 3995 46
3008 544 43
5341 3368 67
3368 4414 97
2685 2162 86
2685 1284 53
4923 1835 47
4923 2774 98
5957 6611 36
5957 182 66
6611 1196 70
5602 3016 15
2480 1301 78
2614 6736 62
6736 4177 34
5654 2700 27
5654 4640 100
1496 1034 10
1496 830 54
1034 6143 25
1034 1242 37
5080 3550 19
5080 1745 53
5080 2603 31
5305 6276 19
276 6494 15
276 4609 71
6494 1481 80
6991 1177 51
6991 5095 83
6991 2327 48
1177 5293 90
2065 1634 43
2065 6843 6
2065 1618 43
2065 6969 25
3772 4024 31
4024 3542 79
6370 2615 45
3151 4458 2
3151 6752 10
3151 1608 60
3151 5301 34
4458 1199 38
3700 2703 25
3700 1626 45
3700 1973 40
2207 6842 42
2207 1399 81
1502 5623 65
1502 2581 70
1502 3967 41
5623 4820 2
5623 3839 65
1085 957 96
1085 2317 69
3078 6896 45
3949 6979 40
605 1820 99
386 1669 6
1669 5279 52
5232 962 57
962 2174 16
962 837 41
962 2578 50
2020 3420 5
2020 3407 71
2020 5293 95
3420 920 31
4260 5390 75
5606 5961 27
5606 5608 30
5606 5822 38
4770 4515 23
5438 2933 51
5438 659 90
5438 4088 69
2389 4650 67
5244 2310 88
5244 919 7
6039 4897 63
4897 2510 96
4897 1300 89
4897 270 64
741 3176 13
6939 6975 68
4843 211 48
211 6260 25
3750 6271 38
3393 2712 77
3393 6067 89
1064 6343 87
1002 5342 1
5342 2574 62
5342 6287 34
5342 5096 26
3685 3925 48
3925 315 75
3925 5828 82
2760 4338 66
2760 965 13
2760 3784 70
1272 871 8
871 954 66
871 3353 54
3940 2983 51
3940 1487 9
2983 6661 40
2983 4434 74
2673 1487 35
6607 5121 96
2492 4808 17
2492 1791 49
2492 1391 44
4808 4683 5
1098 2701 17
2701 3349 40
2701 5509 96
746 65 1
4594 4092 80
4594 1632 28
4594 4269 88
4092 4152 35
3283 3300 69
3283 6500 3
3283 2343 74
3300 2104 20
3300 3595 90
3300 2569 98
816 6917 100
6917 1983 84
6917 2175 28
1950 98 3
121 5844 99
121 2585 51
121 3723 40
2894 2870 8
2894 948 96
2894 3138 88
2870 6660 45
3993 460 11
5932 3691 1
4656 3807 92
6178 2897 80
2897 5311 2
2897 1523 98
6882 1863 75
1086 6669 11
1086 2403 68
2036 1718 9
1718 1914 13
984 6506 93
984 6631 20
5312 4910 77
2217 1784 90
1784 2535 84
2435 6574 10
1446 1227 56
1227 5358 44
33 4291 95
33 5944 41
3791 3459 86
3459 1438 13
3459 954 85
870 6905 31
870 3981 68
2823 4981 87
2823 792 84
4753 1488 87
1488 1638 71
1033 5915 13
1033 4489 71
4572 3000 86
3000 6880 69
235 4225 54
235 247 58
235 6071 28
6035 5058 39
5058 5238 86
2779 72 90
2779 4907 50
2779 1063 64
5915 955 99
5915 3614 26
6124 3303 47
3303 6952 88
3110 701 51
3110 4682 8
701 5124 94
3646 5584 72
3646 355 21
3646 4496 12
5584 5408 57
6387 4522 43
6387 2780 67
2706 4700 35
2706 4745 21
1217 6888 55
5500 1906 14
3346 4298 87
3346 1354 87
3346 5583 97
1057 4051 48
4051 5693 87
1789 3493 39
4820 5811 89
5408 1717 59
5408 396 51
1717 1782 2
2581 2512 38
2581 3979 92
2512 1865 89
6034 1264 33
6034 3371 45
4651 4437 2
87 965 89
87 856 11
87 3369 71
5126 27 40
5126 3340 77
27 6214 88
6470 2363 70
6470 3609 11
309 3467 74
309 5682 20
309 3137 25
4139 5476 76
5476 2526 4
5476 4205 45
6814 6205 12
6814 3173 45
5825 6143 19
5031 1431 94
1431 5475 44
5015 5394 6
5015 4907 46
5015 6086 75
5394 6509 10
2491 6233 5
5804 249 39
5804 752 79
249 1289 4
5688 207 26
207 6923 38
3483 4862 54
3483 1207 5
4862 953 53
4862 6418 100
3185 6751 55
5158 4239 96
5158 2394 13
6031 960 60
449 6419 43
4701 1240 44
1240 4234 57
4035 3491 40
3491 3276 78
5495 1013 53
5495 6508 3
3268 2908 73
3268 5883 76
3268 2487 54
5842 6901 68
6610 3857 4
6610 3455 52
340 935 41
485 141 27
141 5165 99
141 1363 86
5791 5403 64
5791 4977 98
5791 256 77
5791 5986 23
5403 2736 19
5403 1654 93
5403 5536 42
4977 5038 52
1782 5057 100
1782 6758 57
1782 258 59
1782 2136 67
5057 5954 73
4166 4406 52
2615 4343 73
2615 4374 69
4343 3901 32
3868 6786 49
6506 150 63
3903 868 32
3903 1805 11
3903 3044 1
3773 3966 58
695 689 74
695 3212 84
695 3237 56
4905 6374 95
6773 6696 28
6773 4871 33
6696 801 84
3609 6965 92
2812 3625 47
6582 1657 100
6582 2860 93
3576 3442 59
3576 3323 6
5171 5066 63
5171 6952 28
5465 3227 45
5465 6760 40
3227 6075 89
3227 1655 29
846 4477 22
846 6430 63
878 832 1
878 3916 42
2573 2588 38
2573 2259 62
3668 1484 46
6473 1658 35
2955 6479 95
5521 2922 15
2428 2822 45
2428 5624 26
2428 1636 37
5663 1585 78
5663 6951 52
792 2102 89
5732 3936 8
3936 4998 85
3936 4108 82
229 2322 75
2322 673 35
1929 5104 64
2589 4768 52
2589 6678 73
2589 4055 59
2806 6111 34
1859 4709 81
1859 2035 35
2432 5451 87
6672 2287 33
6672 1581 65
6123 3904 54
3904 3195 70
256 641 47
1513 624 71
1296 5953 50
1389 6146 36
6146 4456 34
6146 374 30
4539 5529 93
3892 5359 75
3892 5629 7
3315 3376 100
26 727 35
26 6888 67
26 1826 74
727 6533 23
6158 1080 50
6158 5208 26
1080 1801 29
6676 2210 3
6459 2323 28
6061 3924 97
332 1287 12
88 102 24
997 3879 95
3879 1738 93
5554 4898 38
1317 16 69
6335 2769 23
6335 5009 20
298 6135 73
2952 1454 65
2952 6706 89
1454 3482 53
3142 6738 65
3142 1067 91
2879 969 54
3926 6947 53
3926 1822 83
6947 478 45
5724 4841 5
5724 1749 38
867 1746 13
867 423 40
867 530 72
1746 267 15
1746 162 55
5370 305 12
5370 6069 75
5370 5563 45
4728 2125 21
4728 3746 87
2125 105 88
2125 3114 72
2125 3953 32
2125 1568 88
5540 1032 53
1410 3885 22
1410 4797 59
628 2087 50
628 2860 10
628 5942 51
2087 2072 82
1588 3877 28
3877 6950 2
3877 6861 21
6533 3870 63
6533 675 44
6533 6283 6
3870 4534 9
5434 6011 56
6011 5660 50
2112 2287 64
2112 6360 66
2287 5011 90
1476 2975 44
2327 6102 63
5269 4935 32
4935 2324 67
1021 2972 94
2972 6385 100
2972 3642 97
4402 4445 58
4402 6784 4
4402 5263 56
841 958 88
841 5172 92
7 2031 72
7 6294 84
337 1668 20
3133 650 31
289 5569 72
5569 2047 53
5569 1960 37
6199 5149 66
6199 2934 68
6199 1805 34
6199 1719 82
6199 5782 35
791 1617 54
791 3655 36
1617 3653 2
472 5758 22
5758 3369 77
4768 2057 74
4282 1357 16
2250 1966 31
1504 1088 76
1504 5618 84
2140 4023 51
2140 5928 15
2895 885 44
5617 6080 72
5543 3638 15
3310 2584 5
3310 3304 7
2584 4995 6
1182 6041 2
1182 3041 52
6041 6550 64
4907 3952 92
1675 1141 48
1675 1372 66
1141 6119 73
1248 476 49
1248 4911 41
476 4340 77
838 2154 51
82 5504 88
82 363 55
82 2421 24
3023 1268 48
3023 5966 40
1981 4601 50
4601 5950 32
5323 2439 54
2439 1645 93
4330 339 80
4330 1324 80
4330 3296 81
1263 5562 91
1263 177 55
2230 2396 57
697 2445 58
3572 869 2
2607 3869 26
658 344 47
6524 3987 69
5518 3529 87
3529 4998 32
2533 1242 76
1242 6563 32
6089 3667 3
6680 3158 50
3158 6726 1
3158 4288 96
1766 1768 15
1766 2484 6
1768 4611 69
6732 362 34
3397 6212 74
3397 4173 4
3809 4713 1
6726 2813 81
3704 6066 64
3704 2553 85
3704 6475 40
3704 5988 41
6320 3304 14
4447 213 53
4447 455 47
2633 293 80
4149 1005 58
1005 351 52
6661 3834 60
6661 6975 64
1850 3969 27
1850 1119 29
3969 198 99
3969 5349 2
4871 1428 44
4871 153 15
6067 5541 54
1118 338 36
2188 1489 57
6546 6927 42
4167 2649 16
3751 5285 46
1063 4344 8
4344 2010 13
5367 3405 65
5367 6912 17
5367 2628 92
5367 2764 13
3405 409 99
2953 916 1
2953 2718 43
1744 2185 60
3389 451 3
3389 2279 35
3389 6153 27
451 6221 95
893 5448 30
893 278 56
893 247 81
893 1536 80
6937 3282 3
4084 6548 24
6028 1249 89
1249 3033 77
3729 1452 33
1452 6502 96
2464 2180 26
1399 4073 82
4073 4292 80
1871 165 95
5287 4053 53
4053 4815 80
2096 585 39
2096 3914 54
585 4222 15
3913 6720 45
1412 4681 35
5501 4495 91
6636 6177 78
6351 4708 49
3591 6551 71
4640 6232 10
3317 4106 15
3317 5294 57
6779 47 53
6362 385 19
6362 3855 1
5988 1196 41
1196 680 43
3960 3954 87
875 6606 44
875 6340 80
875 4853 96
2551 400 90
706 5980 9
2143 6313 5
2143 4665 20
214 2956 99
2956 3190 30
3323 4374 72
2150 4099 64
76 6839 94
76 3077 23
6839 354 29
4706 1676 56
1676 1646 65
6945 2013 4
2013 4615 45
2013 4831 85
3610 3256 33
119 1430 40
5452 3473 9
5452 396 77
5452 2215 16
3674 702 38
1974 4943 7
4943 15 79
932 2073 31
932 6079 66
168 3173 72
3173 4427 3
6359 6180 18
6180 41 62
4060 5652 25
3371 292 77
3371 6620 56
911 1419 98
5823 3652 66
5823 5026 9
5823 6385 83
3652 5249 87
6868 6334 81
6334 4811 47
608 6822 24
6822 5035 8
6718 2265 92
6718 1685 16
6718 5116 55
2265 1 85
2265 5055 74
5601 342 80
3710 5832 62
3710 4955 51
3710 2537 7
857 4848 45
857 5752 54
857 2438 51
2234 4472 41
4472 3031 16
4000 3018 14
4000 1719 43
6881 5118 16
5990 1976 23
5990 326 69
1976 1386 28
1941 6829 38
1914 996 25
2450 4081 39
2450 4693 95
2450 3637 85
324 6429 44
324 396 10
6429 2606 75
4145 2173 50
4575 924 66
4575 1087 20
4575 2959 32
4575 5920 57
3885 4748 73
5198 494 23
5198 3375 89
447 4947 90
6069 4112 79
6069 1750 85
146 5024 31
6798 3859 90
6798 379 54
3306 5586 59
5510 6890 88
6451 3613 56
6451 754 95
4678 4061 2
5682 4018 21
5682 5147 38
3826 1838 24
3593 6906 96
2156 5717 6
541 6136 73
6136 4798 92
3269 891 31
891 1736 21
2047 2568 6
5964 3021 81
6892 2454 57
6406 4960 62
4960 6453 41
1275 5429 8
1275 6363 22
1275 4606 37
5096 3404 68
5096 3443 51
5096 2162 1
2409 6224 86
653 4034 24
1362 1477 1
5253 6769 42
5253 987 52
6769 94 69
3130 3364 93
6631 678 8
678 2478 89
4014 1998 56
4014 5472 58
4014 2033 49
824 4803 4
4700 3824 33
2037 2160 83
2037 4426 13
1778 4559 69
1778 1187 58
4359 4473 84
153 6177 21
153 3265 10
153 4795 18
153 5770 43
4588 2160 36
4588 6442 46
4505 2900 82
6502 654 12
5958 1350 58
5958 5640 98
393 6530 92
1765 2625 90
1765 1516 48
2625 2901 81
2625 5137 40
2162 169 88
2162 3132 29
169 4105 36
4754 6173 4
4754 2798 5
6660 2109 94
2524 3715 15
2524 5800 37
4917 3202 55
4917 4419 95
5733 1794 41
1794 568 19
914 6174 71
4665 929 94
6852 3196 56
743 161 87
4232 6297 17
4232 5803 84
2703 4758 7
3339 2417 83
3339 228 75
3339 6897 70
6004 4868 12
2066 798 39
4185 683 66
4140 330 53
2353 5722 13
4366 5630 55
4366 2006 30
1549 6633 15
1549 3051 5
3458 5744 37
3794 3298 1
3794 223 39
3298 3689 15
1973 930 56
930 3735 87
5321 344 94
5836 1854 100
5836 478 84
774 338 54
5473 2430 71
1218 2489 10
1218 5898 29
2301 3484 98
5373 3682 5
3682 5785 48
2101 6385 71
5704 3468 12
5704 2415 71
948 5933 42
5624 3997 8
3997 4197 45
3997 446 46
3997 5109 27
5545 2621 81
5282 3797 1
6073 5030 46
6073 6799 95
5030 858 71
4995 182 53
4995 2891 95
4995 2422 97
4995 4750 90
5640 800 23
6311 4645 91
6311 4705 10
6678 192 78
6098 1679 19
152 2794 56
152 6698 96
5313 1996 54
1996 2907 84
1996 5526 35
6729 3277 27
5119 4567 88
4567 5216 55
4567 1460 79
690 5596 6
1284 1508 81
3543 539 49
5993 3585 27
5993 6581 47
5993 2316 58
5993 2537 48
3585 557 17
4750 3388 61
3388 5210 67
2279 4846 82
4997 3257 11
929 6420 43
1895 6962 82
4112 1993 94
4112 6805 17
3016 2619 37
3016 5762 4
3016 4756 79
6221 1441 71
5854 4950 7
5854 1882 4
5854 2930 12
6760 2722 46
2722 3605 16
2722 2124 36
2722 3350 90
2285 2638 39
2638 2500 82
1798 3077 85
3077 2901 25
3725 1597 37
3725 2626 66
3725 5785 98
1597 1822 55
2901 4674 91
737 5996 74
737 2383 4
5885 1489 12
5885 6288 12
5885 2592 21
5885 371 96
5885 1918 49
5885 813 74
4558 5839 48
6907 6107 54
6107 5401 86
6606 4083 76
6606 1243 9
4083 6200 94
3250 3736 15
3736 3820 68
464 1851 43
888 3457 54
888 3456 18
888 3546 62
3722 3284 88
3722 6794 16
1873 6384 67
1873 2174 100
6384 1505 69
6384 3164 90
895 5410 24
895 104 27
5410 5156 44
5089 1606 20
3118 4866 77
3118 2936 17
5564 49 77
1493 4410 12
1493 842 18
6694 263 47
904 5707 82
904 3499 74
3428 2665 54
6640 6291 58
6640 3642 59
897 6848 46
6848 6066 12
6848 1220 81
2151 5831 76
1437 5093 36
5093 5772 45
2637 6278 73
3984 2459 9
2526 6144 78
4785 3190 18
2935 3332 1
1357 6987 50
5216 6653 29
3488 642 3
3017 2514 54
3017 5579 84
2514 6613 52
2514 5364 75
5954 4506 56
5954 3539 99
1983 5533 38
1983 3099 60
6590 611 95
611 5969 99
6130 1612 23
822 3360 13
595 6216 9
3190 6602 31
3190 3579 40
6026 2708 88
3137 1173 92
3137 6467 71
5136 406 78
5136 215 51
1232 5807 9
6344 5711 9
6150 2871 27
384 1764 54
4841 3891 5
4841 6673 70
3891 2427 39
6193 3341 47
3341 638 36
2052 2604 63
6985 2273 75
674 923 75
3475 1506 56
1506 1311 54
4487 323 46
323 6651 6
6741 3692 42
6741 1192 86
1536 2811 22
1043 5812 55
3450 6522 32
4681 5491 34
4681 1386 35
966 2891 53
3043 2656 90
2083 1771 15
1771 6837 34
318 2387 5
4586 3642 6
4586 1292 31
5605 5231 32
5231 1600 77
5231 5148 58
1282 2519 36
1282 352 4
2114 283 87
10 1209 26
1209 3556 90
5673 5976 5
5962 762 64
4682 1321 59
5928 159 37
5928 2831 97
5928 5356 30
3845 4164 9
3845 5872 83
4164 4078 28
5332 756 23
756 6568 61
756 277 67
5785 796 44
6888 6763 72
5137 6849 49
6045 5034 17
2692 606 17
4671 1612 17
4671 6131 73
5532 5845 91
5845 6393 92
5181 2413 55
6094 499 8
6094 2620 35
6966 1119 100
1119 1124 55
1119 4674 94
4605 6785 94
3630 4074 36
1605 3639 59
2022 3644 28
3254 3820 30
5173 3453 56
5173 6837 90
3453 4459 84
6338 2913 3
6338 3608 24
831 854 34
831 2915 18
6586 6701 56
6586 669 19
4351 3964 60
4351 5260 14
3964 6906 68
148 366 62
2941 729 8
2941 126 79
2941 1515 44
4469 4541 29
4541 5978 60
4541 4183 29
6182 3143 66
3143 2727 20
3143 6481 40
2915 6196 27
2915 1756 52
2915 1291 11
2915 1715 5
6196 679 63
1740 6179 99
4137 2817 39
4137 6713 80
3093 3617 13
3093 4122 74
2667 1825 86
2667 643 80
1825 6540 24
1825 2403 48
1160 5272 55
6645 4201 52
4456 5048 22
5798 3699 78
5798 1073 60
3699 3613 80
5189 4437 37
5189 6665 75
5189 4614 6
5189 3780 94
4437 3584 88
2817 4016 57
2817 3552 3
2817 2109 56
1875 2111 29
2111 1901 4
5208 5329 92
5208 3449 29
3413 920 99
5768 692 77
1980 4471 45
4563 4581 81
3012 2441 18
2316 9 90
2316 64 100
9 190 8
5610 5986 83
5199 4520 13
5199 4358 11
4517 1945 46
4517 1023 2
3174 6979 46
3174 2866 91
6979 1692 64
2542 5115 10
5115 5102 93
6052 377 95
4797 3878 67
4797 6106 57
6312 2957 11
5462 1769 1
3430 5901 86
4135 1757 91
3566 4891 31
2559 2144 23
2169 1422 69
5485 3282 10
1187 1701 85
1187 5728 56
5146 1076 75
5146 916 48
5146 5250 51
497 4687 91
1283 6256 20
1365 5005 48
1365 3253 89
4374 3968 82
4207 3276 91
4207 2572 4
4207 2361 73
4207 2483 46
4207 3444 19
3276 6151 69
1070 6528 61
1070 3399 96
6528 3924 29
31 2418 22
326 5468 24
326 680 58
6969 6383 98
6573 4904 40
6573 414 46
1428 794 51
1428 2710 30
5461 3117 28
5461 3089 50
5461 173 85
3117 6609 50
5631 4786 3
2039 3183 30
2039 5667 39
5378 693 80
2134 3937 7
2134 1719 87
3391 6583 96
1775 4864 17
4864 553 72
3499 4747 17
6337 2056 85
2056 1382 69
631 679 71
3614 1884 98
3290 508 89
3290 4834 80
508 2781 57
508 3619 73
2868 3163 71
1841 3280 35
3280 1777 74
5041 2161 11
6029 4534 51
6029 4069 22
4534 6137 54
4293 2500 32
4293 6797 42
4293 4375 70
2500 4775 67
3935 5857 67
3935 3087 26
3675 5420 8
6799 2009 79
6687 5003 3
3901 1260 74
2311 6807 30
6361 5156 21
6361 5419 31
3020 6587 31
3020 3654 58
6197 21 83
6197 732 25
4598 4077 57
4077 1101 1
6018 2158 40
2158 3296 79
546 6350 45
4327 2184 92
6212 5296 16
6456 4096 30
6456 5520 92
2675 3924 93
2675 2814 91
2675 2236 39
2675 5229 98
3914 350 32
4303 7001 42
1516 3460 10
1516 2540 12
3460 6396 7
2553 2655 38
6757 2813 41
6757 2849 14
1251 1207 29
589 6976 1
589 5813 98
589 1016 92
6976 4790 57
3629 4636 5
6646 1244 51
6646 6100 52
1244 3654 37
6602 4692 74
4692 6223 94
263 3489 53
969 3091 85
6402 1491 87
5628 5672 22
1233 5102 16
1426 4102 5
2295 5407 11
5407 2758 82
3864 5026 77
1947 4950 70
4950 3568 89
4467 5666 25
5563 4212 64
2728 402 51
2728 4886 58
3855 1713 13
2115 6846 31
2115 4911 36
1379 1727 3
4815 1471 18
3732 42 95
3732 3703 51
6912 3188 89
6880 1931 24
1931 6871 11
5902 354 16
5902 2529 2
3160 3869 67
3160 5350 84
3869 6001 45
2831 15 12
817 757 12
817 3790 96
757 908 87
2623 2624 64
3754 3059 28
3754 6717 51
6225 680 27
20 1619 65
20 5671 11
20 45 41
1395 6481 74
1395 3796 86
766 4661 5
440 4020 24
4764 1505 100
4764 1274 32
2434 4654 42
5801 2033 42
1639 1934 14
1639 5228 87
6500 4732 37
804 2469 51
2469 1083 4
2469 4749 68
2586 5770 52
1972 5851 57
5355 5693 83
5108 5973 64
6440 4998 10
167 5294 69
167 2847 92
2538 5956 45
5956 5345 95
4422 3407 19
3407 814 6
738 4577 98
738 5706 3
738 5906 45
4577 4941 37
4577 2021 37
530 5887 27
1568 1530 93
1530 694 3
2976 5629 41
6673 5328 83
6475 1763 57
6258 3623 35
6258 2583 63
5664 83 95
5664 2783 36
83 437 18
2388 126 16
6432 5200 5
6432 4774 54
6875 6207 7
733 3232 2
4901 4129 71
4129 2107 48
4984 1650 18
4984 4634 2
3316 2513 28
3535 224 11
3535 5443 90
6057 3953 5
6365 5140 28
6365 5419 75
5140 2060 5
2136 587 40
587 4181 58
3156 4396 20
5293 3329 5
2971 6819 34
2971 6284 49
6819 4687 32
4177 3022 2
4732 4507 9
2375 4028 67
5752 4596 11
3575 4485 72
6289 5369 57
6289 4801 69
6289 6103 59
6289 5914 47
3221 3414 28
3221 5230 8
3221 75 67
3221 116 85
1880 4287 95
1880 3112 35
5230 3108 20
3108 3332 63
6869 234 17
3099 4056 11
3099 1 13
5978 2099 92
2174 6623 65
1832 730 80
1832 1390 17
292 5178 26
466 5767 49
4393 4934 24
4934 4669 51
2201 2232 35
2201 3588 30
147 5486 93
5150 771 3
2850 6393 76
433 2069 76
2084 1216 12
2084 5384 93
2084 3611 69
5520 794 63
5111 80 75
2574 4911 19
6599 6416 89
6599 4508 93
5805 6708 42
6708 2531 62
6708 1649 65
2734 1610 46
1610 3519 83
5585 4364 18
4420 1298 20
1298 4485 3
6091 5503 98
6617 4668 24
3369 4628 37
2930 6771 52
6232 3971 61
6232 4253 63
3015 6571 82
4454 3274 49
4454 1503 43
3321 349 94
3321 6364 26
390 1052 22
2211 3245 38
2877 6700 7
2877 5508 84
6797 732 21
6797 6820 95
1219 93 14
2859 1068 83
6706 1417 76
1417 4883 67
1417 2992 22
3424 2141 25
3424 3760 91
6053 1515 23
6053 3421 18
1150 742 86
1150 6847 38
742 4354 38
4583 2270 44
4583 424 35
2270 198 64
2270 6878 84
6550 1163 11
6550 218 83
1163 6802 8
1163 4061 15
3018 3266 62
641 287 27
3851 1916 14
3866 2007 75
1723 925 71
925 1601 6
925 5249 47
3752 2097 40
3752 389 52
3349 1394 26
6752 799 3
5499 3365 82
4801 5897 49
4801 441 75
3548 5665 95
5929 4452 64
5929 4159 30
732 6480 46
6973 2604 48
2155 4942 54
198 4789 46
3399 463 90
6222 4847 11
2997 2482 89
2997 1751 68
2997 5447 78
3494 2269 46
3494 73 80
5026 5734 28
4774 5085 62
6811 1401 34
6811 5443 81
1401 2063 63
1401 226 48
1401 2157 70
6903 5239 41
2361 1495 87
2604 607 99
2604 5063 31
2757 5346 78
2757 793 66
4547 735 55
1448 5553 2
1448 4334 12
1702 3432 80
1234 661 89
1695 700 82
1695 6017 36
6537 3863 76
3863 5968 93
3007 5206 47
2716 3957 74
3957 6329 41
2552 2044 86
2552 1707 15
1761 2487 30
2487 5012 40
4455 6131 5
1104 6547 46
1104 6267 40
3667 21 19
2320 5131 59
192 6616 58
4155 6455 92
2072 2966 43
2966 1888 8
445 3817 1
3817 2686 80
4191 5250 21
1372 6884 25
5129 6735 93
5608 3408 21
5608 4335 4
1630 4009 99
4399 2203 61
4399 6983 1
111 559 97
559 1332 5
6871 4102 99
3112 3802 21
3802 6211 19
6281 3999 37
3999 6619 26
4976 5795 50
5795 1091 51
5795 6664 70
6329 912 37
3841 1652 61
3763 5991 7
6353 3208 5
5314 6717 14
1552 3985 8
1552 3145 24
2026 4245 72
3132 2373 89
2773 5127 93
4108 5155 39
4548 5765 5
4548 6895 78
381 826 28
381 881 32
5401 181 76
174 1907 93
2206 2537 64
543 2970 75
543 2814 97
3296 4844 90
4747 3086 87
2001 6844 16
2001 471 68
3138 432 5
3138 5387 52
5937 4125 44
6983 6285 43
6983 5576 17
1020 1391 29
3822 1946 7
3408 3285 52
6118 3193 23
6118 5604 69
3193 1993 34
3326 3427 78
4194 5864 4
830 3104 85
3219 1921 61
4708 241 96
1031 4947 49
5761 4318 50
6363 1473 70
253 1494 69
1745 773 64
5064 1834 81
5064 6331 33
1834 6227 53
1818 6569 30
1818 1166 9
1818 639 61
6569 1575 65
6981 2802 27
5428 1145 70
1145 5837 82
6231 5774 41
6231 744 28
4427 6201 28
4236 5357 78
4236 947 64
6294 1222 70
1222 1186 50
2886 4653 53
4653 4703 92
967 4782 49
1595 1047 38
1411 3120 25
935 3487 70
3691 5881 13
4152 5257 45
4152 1273 56
4847 4776 45
5277 2378 74
5277 4476 62
2378 5869 48
5211 6527 63
5211 6141 15
5211 4459 49
6527 3562 75
6527 6781 50
4219 1621 85
5078 2214 82
3897 3601 9
3897 6626 93
3601 6243 21
4426 2460 20
3552 3696 94
2128 4093 90
5974 4198 8
5974 125 29
6176 5404 45
6176 5782 44
5404 5239 66
6772 2076 78
6841 359 23
359 6926 59
359 6658 39
4099 4632 48
4099 2280 20
3305 1355 38
1355 6457 59
1355 5423 34
2015 6183 52
4088 4261 39
6765 1739 90
6765 5141 29
3723 928 48
3723 4664 16
4107 470 14
6794 6099 10
3643 3097 70
6605 2815 19
6605 1894 36
5879 4758 38
4758 2904 51
6287 2460 61
3688 5330 48
3417 3530 62
4967 1214 56
6126 983 60
6126 4324 42
162 6482 5
2236 5247 53
5328 1733 67
5647 4132 29
6038 6857 26
149 3299 77
4414 5644 64
2858 3139 4
5573 3760 23
1577 6925 29
1577 4133 35
1567 2739 60
711 728 31
3998 1128 45
5644 1949 63
5689 3967 25
5689 1620 82
5689 763 20
576 4332 83
2905 4855 88
1324 2768 57
3215 3848 95
3215 3959 11
2572 1736 58
1124 2727 77
6262 1254 22
1254 4787 89
4624 3318 65
3145 4229 84
230 187 54
5196 6237 66
327 6332 35
2964 5672 54
3209 2784 89
4130 704 43
5637 6169 36
6169 952 17
3301 2690 2
2904 2099 88
3233 5264 55
5279 594 70
228 5385 30
2651 806 95
2258 4019 92
974 1460 35
6511 6951 20
6511 1325 79
3625 4817 56
2 3551 100
1705 3556 56
2232 2498 45
2157 4966 61
3136 703 49
4699 2883 46
2883 3251 5
4658 335 31
6830 4415 91
4044 5653 9
178 6192 36
178 1078 30
1960 5351 14
4493 6505 43
4493 1774 17
6505 1491 27
429 2308 41
84 4201 73
5251 2088 39
4324 4930 37
4324 2795 93
3400 6682 82
814 5175 17
3909 2508 23
2780 6468 71
6441 2611 6
4974 2369 90
662 4686 37
3658 5007 77
5007 32 16
2055 3342 18
4413 3597 32
3565 714 55
3565 4579 50
2470 939 52
939 5983 11
939 6874 41
1206 526 79
2867 2761 54
2223 6796 39
4903 1498 7
5106 6260 62
5106 5185 12
6260 1930 78
6695 5053 18
1733 4286 35
1482 4491 48
4491 4228 23
3308 2557 100
3308 4936 35
4510 583 48
4510 4403 53
583 4597 75
853 1823 84
853 617 33
2814 3948 70
2814 4030 83
2235 5913 99
5138 6795 64
3010 6759 21
3948 6876 66
4183 1009 68
639 4757 17
2377 6477 20
5863 6492 78
6186 5597 9
2168 968 49
2272 3086 76
3796 4290 44
3703 2558 65
1326 1790 68
1326 6734 13
6033 707 98
4299 3166 46
2825 1430 89
5364 3105 24
5364 4900 77
1970 5648 93
6820 3709 84
3524 6781 10
1184 5125 81
2795 308 64
4347 5583 52
2990 5215 63
5385 1816 85
6331 5083 67
5581 4296 45
4296 1804 50
5678 1753 82
5678 3684 35
4632 6756 39
6113 6408 13
6113 6223 82
6408 2002 61
1421 5468 91
4110 3893 74
2647 6022 63
5824 4825 31
5824 4307 82
5020 1120 73
5020 3842 36
4761 525 18
5772 6688 5
6552 2011 94
3858 5036 35
2557 2959 67
3684 5036 91
6986 6625 33
956 6160 7
6160 6614 71
2383 5114 42
1366 5217 2
5217 2471 81
1993 2326 10
5372 3680 63
3680 4823 65
6127 6305 59
1200 2951 54
6443 6469 31
5995 6742 84
5995 906 31
5486 5646 100
64 591 26
3461 5133 74
3461 6345 60
6666 1769 84
6666 5789 1
6666 4026 4
6081 2132 74
6321 2170 62
6321 2043 6
4775 5209 26
5599 181 32
1440 4845 45
3164 3069 41
5239 4223 22
1069 3799 93
1601 4734 45
785 1917 15
1917 4010 85
3533 3708 66
1688 3871 89
6514 2778 57
5923 4404 76
5923 2488 71
5923 4302 69
1891 2653 93
1891 2993 24
4306 1936 3
4306 3798 28
4579 3564 28
666 3492 8
5177 2954 10
6970 2515 89
6970 6801 37
5719 616 37
4375 2517 65
4603 5522 30
3818 4433 90
1491 6467 3
4829 4062 85
4062 5802 12
4062 3172 35
3082 4436 66
6350 2996 70
1582 4111 19
1582 1503 97
5833 231 1
5833 4852 63
2333 2348 20
6725 2687 45
6725 3970 52
5568 4498 84
1074 1114 21
4634 241 47
197 5135 74
5135 490 69
2782 5405 87
5948 805 74
1938 1250 27
6591 4354 83
4354 2518 28
285 4372 81
1551 2786 41
5318 459 43
1673 4499 94
4286 4067 93
2525 3241 15
5362 6588 54
6914 1388 27
4659 6518 50
4659 6372 82
2755 1878 84
6576 5970 3
6781 284 68
160 5691 66
5035 1852 63
4623 4531 2
4531 2857 98
4416 3214 8
4616 1212 46
3990 4142 59
2498 3701 49
4772 2576 5
5285 4451 44
874 5866 44
5866 684 91
6200 1276 80
419 1666 54
1666 6240 32
620 4944 86
4944 4295 33
4633 6955 48
1408 3665 36
5524 6090 3
3583 1539 11
1303 5077 35
4360 3463 59
988 1982 62
1270 5109 18
325 2392 36
6379 1853 25
4919 6079 48
1239 4204 22
3049 2423 38
3485 48 13
1764 3026 30
643 1572 98
4289 5856 17
6653 873 62
3500 825 40
1934 5045 11
2313 4796 64
6383 6904 61
3263 6906 18
629 6404 24
629 503 49
6404 2475 5
450 2732 3
1708 4223 23
6715 6596 35
1178 664 100
1636 4358 64
399 5697 78
6878 6055 15
313 4012 28
2415 6469 86
1527 4667 68
900 4902 12
5803 6829 81
5638 2473 49
4270 1049 8
4270 6116 16
3721 6928 27
4396 1328 3
2816 291 1
2497 6071 72
1008 1132 44
2583 6327 81
5143 4275 10
3272 6522 74
6522 2682 47
1358 2754 98
5454 3433 32
3433 4889 100
1288 2770 100
444 3168 76
3455 3806 21
6175 1686 89
4876 271 82
4876 4918 60
2107 6348 21
471 4252 42
4252 3486 10
5899 2274 31
4444 6721 21
6436 5675 14
2195 3907 89
3273 3635 41
1175 2985 39
2370 5544 27
4111 569 58
5383 2527 56
2766 2631 49
4353 1747 81
652 1195 65
3836 4952 61
308 18 81
4942 869 26
3534 4424 87
3709 1613 52
1801 6366 78
4055 3912 66
5966 4988 44
3353 1435 65
4355 4103 83
57 3150 36
3297 1159 62
3824 5223 49
5307 4002 87
5886 4726 5
4726 3235 11
3520 2284 37
428 4133 45
416 3169 3
416 542 96
5447 5456 75
3379 3470 25
3519 523 38
3252 420 56
5667 4889 59
2381 3978 62
3978 4317 30
4937 166 57
5914 3681 58
2927 3003 35
28 5580 43
3996 1616 39
2677 5677 33
4192 1501 86
6863 1869 5
4745 6372 56
6410 2172 70
4067 3104 41
6496 2147 98
4027 4418 19
1623 6575 30
2846 4780 92
2849 813 92
5425 1845 10
1845 2719 20
5421 1345 55
2669 1737 66
12 3823 36
1613 667 53
4918 3498 26
901 6237 94
6237 2288 66
4203 1886 89
2747 5205 20
4817 945 100
4926 1748 46
1292 4421 61
1373 6705 44
1373 1195 99
4305 4141 61
4141 6877 75
4233 2404 59
254 1698 66
5490 4340 9
4716 490 67
6614 1148 40
879 6024 74
6322 4143 33
6322 4381 21
3213 4158 14
3299 1648 95
5477 2743 26
405 4319 91
3945 1787 22
2282 3554 48
6800 6525 5
2324 2318 6
2999 2411 30
1870 1569 32
5560 3983 66
4688 2442 86
6445 5248 73
6445 2495 21
6125 97 39
85 584 13
3324 5643 55
3702 6138 82
6446 25 13
25 2865 64
1342 1025 27
2228 4273 49
1461 1942 67
1325 783 61
4373 5743 18
5743 5039 100
4781 6077 85
2196 3928 44
3888 6122 1
6770 551 94
5430 4380 11
6915 3092 34
6915 6964 11
4938 4098 76
4341 699 34
5748 3345 99
3260 6621 38
2654 6333 44
6831 5938 57
1836 3555 57
3380 1004 78
527 4120 14
4680 6893 19
1700 4975 81
4365 529 93
63 2861 29
1831 2987 33
1090 4259 99
5735 2126 71
1542 2549 6
3056 2051 92
4146 2756 87
1136 1059 17
6476 3406 41
1396 5852 9
6050 2807 23
