195 36 4
195 227 61
195 320 65
195 199 54
36 243 96
36 306 69
36 357 91
36 302 23
36 27 54
36 169 89
36 28 60
36 93 83
36 211 78
209 189 66
209 283 8
209 70 82
209 246 12
209 149 63
209 301 70
209 278 37
189 243 36
189 130 43
189 81 8
189 103 68
160 333 49
160 47 66
160 172 72
160 95 75
160 52 71
160 71 62
160 259 98
160 350 2
160 180 38
333 20 66
333 226 49
338 123 26
338 55 66
338 386 80
338 283 50
338 356 72
338 186 90
123 64 79
123 25 7
123 107 55
123 163 32
13 59 91
13 184 13
13 139 100
13 297 47
13 113 72
59 52 31
59 428 52
59 188 63
59 208 74
59 206 99
132 82 33
132 6 75
132 412 10
132 223 59
132 128 78
132 96 3
82 415 60
82 129 77
82 350 84
174 354 40
174 172 96
174 347 93
174 236 38
174 238 41
174 227 64
174 337 2
174 127 74
354 345 17
354 5 46
354 408 17
354 32 63
312 68 49
312 295 90
312 403 41
312 156 16
312 98 89
312 419 87
68 181 30
68 281 67
68 22 83
68 389 28
68 207 7
119 295 13
119 360 57
119 398 90
119 170 58
119 286 9
295 208 91
295 258 61
295 145 98
295 370 71
196 121 76
196 55 9
196 83 72
196 351 48
196 73 97
196 173 62
196 116 10
121 54 27
121 337 83
121 425 95
121 262 71
121 176 37
15 71 13
15 93 27
15 118 17
15 272 78
15 239 54
15 178 82
15 303 74
15 114 85
15 279 31
15 157 22
71 62 37
71 2 2
71 50 9
7 233 68
7 358 98
7 27 45
7 102 98
233 2 77
233 55 44
233 10 62
233 66 21
233 69 80
233 33 91
233 135 12
357 398 72
357 261 77
357 300 31
357 27 8
357 332 52
357 362 74
357 180 25
357 317 17
398 88 75
398 256 2
398 179 17
177 358 54
177 347 25
177 316 12
177 311 93
358 54 12
134 170 24
134 286 81
134 218 64
134 310 46
134 27 70
134 190 81
170 264 63
170 156 13
170 136 43
170 56 7
170 108 4
170 92 57
262 28 86
262 226 50
262 149 95
262 6 91
262 33 30
28 274 24
28 187 5
28 129 40
28 232 20
28 400 36
283 127 88
283 237 8
283 161 60
407 349 35
407 420 61
407 363 42
349 318 82
349 300 43
349 302 23
349 276 1
349 9 92
349 258 78
79 336 14
79 118 75
79 49 53
79 235 30
79 45 54
79 116 24
336 366 34
336 392 12
336 320 74
336 104 28
336 11 60
336 290 86
411 412 26
411 372 61
411 320 86
411 192 37
412 86 90
412 275 85
412 149 98
412 212 80
412 364 86
412 418 54
70 356 10
70 9 20
70 264 88
70 87 42
271 379 2
271 329 79
271 255 25
271 356 96
271 421 79
271 257 15
271 252 13
271 139 12
271 228 6
379 41 79
379 140 79
379 296 6
379 247 62
418 138 50
418 427 11
418 348 77
418 297 65
418 178 48
418 32 48
138 256 11
138 221 46
138 165 69
182 139 59
182 73 68
182 249 94
182 344 38
182 47 40
139 286 44
139 112 68
139 110 91
139 230 33
1 52 100
1 172 61
1 410 33
52 327 30
52 381 24
52 345 74
37 57 31
37 290 18
37 334 40
57 313 65
57 192 17
12 49 61
12 281 25
12 409 17
12 122 82
12 60 7
12 365 8
49 113 14
49 147 50
49 97 44
63 162 38
63 141 61
63 391 22
63 425 82
63 144 81
162 201 33
162 238 14
162 74 7
162 120 99
162 208 12
287 396 18
287 97 95
287 4 56
287 129 22
287 420 35
287 327 65
396 334 27
396 66 68
396 254 19
64 18 95
64 38 79
64 369 85
64 77 55
6 159 30
6 389 62
6 20 55
6 348 30
45 35 59
45 330 19
45 417 23
45 316 22
35 416 94
35 108 49
35 218 52
35 23 16
35 135 31
35 107 45
35 9 14
114 66 11
114 18 70
114 388 73
114 342 61
114 231 58
114 77 79
114 169 31
66 376 47
66 285 95
235 261 71
235 171 6
235 186 91
235 194 74
235 99 36
235 273 39
261 360 1
261 215 63
261 254 74
261 285 75
41 42 39
41 105 85
41 397 26
141 212 90
141 175 20
141 55 59
141 25 2
141 42 73
141 267 41
141 143 3
141 428 44
10 191 84
10 344 18
10 419 79
10 183 6
10 273 96
191 218 68
191 44 80
191 192 41
334 415 92
334 92 27
334 301 24
334 90 84
334 181 44
334 393 31
334 76 42
334 173 48
334 304 1
415 185 97
415 264 2
186 348 92
186 99 53
186 72 18
348 167 41
348 361 77
54 176 77
54 205 68
54 94 1
54 167 89
54 157 17
176 167 25
176 280 27
168 105 60
105 84 99
105 101 40
105 33 80
105 100 67
344 69 37
344 193 80
344 26 22
344 75 18
344 343 4
344 304 88
344 208 14
243 318 40
243 228 61
243 280 98
243 266 90
243 29 89
155 321 14
155 47 17
155 89 97
155 274 51
155 128 3
155 362 46
321 161 90
69 179 64
69 88 48
69 149 25
69 260 82
69 314 25
2 294 35
2 419 68
2 87 90
2 414 2
2 399 26
2 246 34
2 374 1
2 127 19
2 266 8
294 226 16
294 260 100
294 293 77
294 255 9
127 226 96
127 292 4
127 104 57
127 429 67
127 272 81
231 247 61
231 124 36
231 393 93
231 429 26
247 259 23
247 327 33
247 392 61
374 395 80
374 375 20
374 211 10
374 53 49
374 225 56
395 240 69
395 328 94
395 318 56
395 236 56
395 278 94
395 259 66
395 238 37
306 73 66
306 201 19
306 92 98
55 167 38
258 203 74
258 264 57
258 50 45
258 90 100
258 40 3
258 14 94
258 130 95
203 380 95
203 74 59
203 297 44
203 48 26
203 93 78
203 399 32
203 359 36
203 157 81
316 314 58
316 373 92
316 20 71
316 175 16
316 97 1
316 269 78
314 165 80
314 129 80
314 83 81
314 385 21
314 267 61
314 96 60
314 252 19
314 227 80
299 326 56
299 332 28
299 241 27
299 9 56
299 248 3
299 120 36
299 91 62
299 403 45
299 317 60
299 359 39
326 199 97
326 78 65
246 402 36
246 183 44
402 394 19
402 280 89
402 325 12
391 285 14
391 158 82
350 90 87
350 178 94
350 210 43
350 422 14
350 225 47
350 60 67
90 364 52
90 289 44
90 78 17
90 212 58
18 190 4
18 259 71
18 397 40
18 254 75
18 413 36
226 124 87
226 212 5
51 31 99
51 217 11
51 87 82
51 298 12
31 213 47
31 172 66
31 115 71
31 277 8
31 420 67
31 289 23
31 39 78
31 353 68
31 118 30
301 380 73
301 397 76
301 199 40
301 118 56
301 220 95
380 220 36
380 366 69
380 429 32
380 382 18
380 339 80
380 353 63
183 260 32
183 367 82
183 339 10
183 67 20
183 110 33
260 215 82
260 48 74
260 102 40
47 9 22
47 362 61
47 329 56
47 277 97
47 337 89
9 331 91
9 368 2
9 193 7
9 309 36
318 60 21
318 387 39
318 313 29
20 300 28
20 280 85
20 291 26
20 148 73
347 159 89
347 363 73
159 386 26
23 96 25
23 249 4
23 133 8
23 293 84
23 102 75
23 181 14
96 21 33
96 86 40
96 406 62
223 414 10
223 320 98
223 291 20
223 97 41
414 26 70
372 274 98
169 329 26
169 403 27
169 427 9
169 425 22
169 48 21
329 115 97
329 303 31
329 425 78
329 387 4
329 341 5
62 108 28
62 401 62
62 300 65
62 373 33
307 148 5
307 46 15
307 388 90
307 324 47
307 389 8
307 115 63
148 106 53
148 50 41
148 171 5
148 382 57
404 145 58
404 142 88
404 199 23
404 244 40
404 288 54
145 187 58
145 58 59
145 259 64
145 382 10
145 33 34
78 256 35
78 27 93
256 335 45
256 11 4
259 308 86
259 228 90
259 339 54
259 19 29
259 104 17
259 120 13
259 269 78
259 229 100
308 122 25
308 408 8
77 19 45
77 375 26
77 365 34
77 322 74
77 130 80
77 425 72
19 432 3
19 85 47
19 136 24
151 199 94
151 85 94
151 406 49
199 408 72
199 109 22
199 26 56
199 67 68
263 144 96
263 309 83
144 360 7
144 281 27
144 150 15
419 311 25
419 332 47
419 206 80
419 281 43
419 185 51
419 424 60
419 277 32
332 373 71
332 220 24
332 365 87
387 355 96
387 122 62
387 197 78
387 385 53
387 288 9
355 384 82
340 95 74
340 65 43
340 310 70
340 198 25
95 225 98
95 154 15
95 166 7
95 305 66
95 276 46
95 140 86
95 22 60
95 222 8
95 83 77
328 103 62
103 150 28
103 388 81
103 97 78
356 48 65
181 3 59
181 400 62
181 342 63
227 125 69
227 88 7
125 288 18
125 327 21
213 368 52
213 339 36
171 188 13
171 111 93
165 143 51
165 24 20
368 214 55
368 363 16
368 100 30
214 73 82
214 198 75
214 252 64
214 112 87
214 361 5
214 212 74
26 100 21
26 341 79
26 108 4
26 309 16
212 373 27
212 363 38
212 400 30
212 185 19
212 270 60
27 397 50
27 390 50
112 108 71
112 61 18
108 206 14
108 201 22
108 342 14
108 335 42
108 39 62
108 426 9
108 298 44
142 270 49
142 406 18
142 244 79
190 269 45
190 265 99
230 346 81
230 89 75
230 427 11
346 167 91
346 175 98
346 244 24
346 126 69
193 163 41
193 232 54
286 208 48
286 394 75
286 89 60
216 14 78
216 200 4
14 388 18
225 56 92
225 376 49
225 300 20
225 429 49
225 85 8
432 102 99
432 185 86
432 367 9
432 92 64
432 128 68
341 192 55
341 382 94
341 179 35
341 427 78
192 424 97
192 173 6
192 60 13
220 228 1
362 363 47
362 179 87
362 202 54
362 65 73
362 22 26
101 17 6
101 76 17
101 43 23
17 16 1
84 378 72
84 365 94
84 185 36
99 394 43
99 371 16
99 187 87
16 265 18
265 249 11
265 401 42
265 309 14
265 92 60
267 244 55
244 100 87
244 206 17
122 167 47
122 298 62
122 50 80
122 345 31
122 245 33
167 353 98
167 81 96
201 180 2
179 42 92
179 91 26
335 58 66
335 423 29
335 163 20
104 48 45
104 107 94
104 257 32
104 153 64
104 422 9
48 185 24
46 25 38
46 135 40
46 98 81
46 253 99
46 156 31
46 76 40
360 175 2
360 109 8
172 309 1
172 81 43
240 205 48
240 424 84
240 161 44
240 269 77
240 264 5
363 67 23
363 343 67
67 208 11
3 426 52
3 140 77
3 21 81
296 210 35
296 100 3
210 180 83
228 224 19
228 313 83
228 135 74
224 188 22
224 393 70
403 377 95
403 237 60
403 364 52
403 94 41
93 38 15
93 252 20
93 106 11
61 315 50
106 327 22
106 422 17
106 345 43
106 330 52
367 279 48
300 131 6
300 369 52
300 424 42
300 175 73
300 205 95
131 237 76
131 217 29
131 339 66
164 252 6
164 275 49
252 113 77
252 422 62
252 251 16
345 175 21
345 184 59
345 100 47
345 109 94
278 21 56
278 76 8
278 352 30
21 115 7
21 364 5
21 371 14
21 153 9
351 427 1
351 72 71
351 215 83
351 109 54
427 128 84
107 401 41
107 24 40
107 158 9
401 352 100
401 365 96
401 124 42
401 274 60
81 311 56
81 117 13
81 163 73
276 180 35
276 222 44
276 431 49
180 75 98
180 284 22
180 50 93
317 218 25
416 385 42
416 311 37
416 215 72
416 309 64
416 163 42
150 178 50
150 343 64
366 239 62
366 352 22
425 89 27
425 53 57
425 393 67
87 361 1
428 381 68
428 369 61
428 323 65
426 234 48
426 417 21
426 128 57
234 204 68
234 384 36
234 339 6
249 270 39
249 423 27
249 281 50
249 75 93
204 184 97
204 118 98
274 89 72
274 390 96
89 289 62
264 343 13
264 166 63
264 352 28
264 385 98
264 282 19
264 389 66
115 197 16
178 384 89
327 352 28
327 53 73
327 405 52
327 83 20
352 353 68
352 76 45
352 154 100
238 410 53
238 279 14
100 239 59
100 143 46
311 118 89
311 305 82
311 413 39
118 236 43
152 330 75
152 323 78
330 156 42
330 392 33
330 343 92
215 429 26
215 32 82
88 98 18
339 322 56
42 422 76
270 129 67
270 194 64
38 4 83
222 250 31
50 113 97
153 406 10
153 373 64
406 405 15
406 94 12
406 353 55
397 377 53
24 208 47
24 421 22
188 273 23
188 305 32
154 126 22
154 33 90
257 331 17
272 40 7
272 319 72
40 400 85
392 381 84
255 315 81
255 408 77
386 80 30
373 232 44
343 266 69
377 378 14
377 422 59
378 365 84
400 163 20
400 297 21
400 184 64
140 409 7
140 325 83
409 98 38
409 60 18
409 364 54
309 303 86
206 34 91
156 75 42
156 266 42
237 324 74
74 289 22
297 325 100
184 365 17
184 273 46
365 370 21
365 389 73
365 25 7
388 375 4
417 399 86
417 110 47
60 322 70
381 383 50
381 229 76
405 185 8
342 137 55
342 5 75
137 245 15
410 242 47
242 277 1
65 39 23
305 364 19
431 56 12
92 298 79
92 310 74
92 337 77
250 208 4
250 323 64
208 331 62
273 239 87
273 149 46
291 111 97
291 202 64
291 279 65
56 315 7
375 353 72
205 29 18
420 83 41
420 304 47
44 146 90
303 289 8
289 8 98
289 430 73
241 221 13
241 110 52
207 135 73
207 325 53
135 323 43
135 185 50
135 166 13
275 390 96
110 253 10
253 331 57
129 197 99
129 94 29
236 292 47
236 83 46
198 219 1
198 369 48
315 254 14
166 322 69
166 325 55
120 194 50
120 30 15
149 5 30
413 158 45
413 371 66
217 200 59
117 22 79
359 384 13
359 53 28
359 211 99
185 33 79
285 133 32
399 371 73
399 4 59
76 113 91
293 254 23
293 32 97
293 313 54
113 133 7
424 370 77
33 173 22
353 430 88
353 422 47
292 194 100
298 364 57
325 219 58
422 34 31
331 187 83
331 116 97
163 4 53
163 128 44
364 370 30
161 393 38
371 383 78
80 43 70
319 266 8
