1592 677 30
1592 3721 22
677 567 28
677 3604 100
677 3550 29
677 3078 40
1981 3608 1
1981 3458 4
1981 1279 53
1981 4228 24
3608 466 13
3608 2444 22
2541 2932 11
2541 2950 18
2541 2808 74
2541 1378 25
2541 3267 81
2932 1973 22
2932 3450 30
2932 3741 94
3009 1259 19
3009 3785 52
3009 3435 83
3009 1560 86
3009 1349 21
3009 3210 100
3009 4306 78
3009 1415 36
3009 2606 54
3009 183 66
3009 909 11
3009 3290 94
1259 2375 84
1259 290 99
1259 1649 28
2807 4312 30
1452 868 80
1452 1903 92
868 1580 45
868 913 78
868 841 24
4166 1489 7
4166 397 10
4166 3575 42
4166 1380 47
1489 267 53
1489 1197 96
1489 2897 81
1489 2222 41
1489 1432 98
3443 3712 67
3443 86 81
3712 3969 74
3712 3516 42
2164 3990 45
2164 447 80
2164 3621 30
3990 1270 16
3990 1524 15
1238 2304 41
1238 808 57
1238 2180 96
1238 1660 75
1238 2772 100
1238 1179 74
1238 3127 4
2304 476 72
2304 4384 53
725 4255 28
725 1930 74
725 215 60
4255 1568 74
4255 1579 99
4255 2087 74
3298 4303 1
3298 3122 31
4303 2587 92
4303 1765 51
4303 2535 89
4303 3133 41
3741 3404 62
3741 357 37
3741 479 39
3404 737 90
3404 1393 13
2661 1147 15
2661 2239 4
2661 1450 90
2661 1036 68
1147 3553 35
1864 1644 34
1864 2576 83
1644 2828 50
1644 1267 29
1644 300 27
1644 4154 77
4228 3335 1
4228 861 38
4228 4140 46
3335 2663 10
3398 3340 84
3398 3178 76
3398 131 99
3398 1322 47
3398 1113 83
3340 2526 66
3340 3629 12
3340 3087 99
3340 3184 20
3340 1540 30
3481 3473 70
3481 21 85
3481 3657 80
3481 2532 23
3473 3571 2
3473 4091 29
318 1290 63
318 2902 14
318 1481 91
318 1735 92
1290 1057 49
1290 2556 49
1290 1192 92
1697 4281 69
1697 2452 66
1697 1399 33
1697 561 79
4281 742 96
4281 4178 49
1152 4041 84
1152 4363 43
1152 4400 16
4041 2137 30
4041 3677 63
4041 2993 4
4041 2435 70
1470 4025 88
1470 559 43
1470 4040 99
1470 2746 3
787 1471 34
787 4116 55
869 3434 87
869 887 90
3434 304 61
3434 4225 55
3434 1073 56
3434 3947 85
4176 1763 22
4176 322 98
4176 1169 68
1763 3095 95
1763 573 80
1763 2858 53
1558 2962 41
1558 441 27
1558 3965 36
1558 2904 51
2962 1104 22
2962 956 55
1815 2558 9
1815 691 76
1815 4343 73
1815 2169 12
1815 120 56
2558 3342 23
2558 3364 34
2558 450 3
3421 3679 35
3421 3848 50
3421 512 100
3679 4088 13
3679 98 12
3679 420 53
3679 4075 71
3679 4149 28
3679 3956 35
3804 4406 6
3804 14 57
3804 3477 85
3804 3998 99
4406 1243 44
2780 2897 11
2780 381 19
2897 2891 41
2605 866 16
2605 3940 24
2605 231 53
2605 587 17
866 2758 86
866 2949 2
1633 276 63
1633 1820 8
1633 3046 29
1633 2619 3
1633 213 88
1633 522 45
276 3066 63
276 3129 94
276 2225 98
2832 1065 83
2832 4248 37
2832 2277 64
1065 3587 38
1065 2683 21
2223 1835 42
2223 1600 73
2223 4056 82
2223 1800 87
1835 511 4
1835 3401 46
1835 3680 10
1835 1812 85
1835 462 27
441 471 32
441 3892 27
441 531 67
441 587 32
441 2378 15
441 2079 53
471 3077 13
471 3686 2
4015 2899 81
4015 1935 36
4015 4013 28
4015 2224 63
2899 90 38
2899 1192 28
535 256 33
535 4338 1
535 557 35
535 284 89
535 1709 39
256 71 31
2384 806 69
2384 2951 86
2384 2782 42
2384 1188 93
2384 3807 35
2384 680 95
937 3212 81
937 333 18
937 1916 79
937 3553 18
3212 3790 40
1327 1363 73
1327 897 30
1327 2894 42
1327 3352 6
1327 2741 54
1363 1926 46
1363 3317 18
2951 1086 66
2951 1656 11
2951 112 45
2951 929 3
2951 2834 50
2951 952 31
1086 1755 5
4379 2748 81
4379 366 19
4379 2557 41
4379 190 67
2748 2092 64
2748 773 87
2748 3076 100
2748 4171 27
2748 3518 40
3923 1216 57
3923 3729 81
3923 4315 43
1216 2263 91
1216 1830 17
4225 2151 55
4225 1818 50
4225 180 84
4225 4003 35
4225 3906 94
2151 2789 79
2151 4139 46
2151 3113 98
2151 2228 90
802 3030 20
802 1074 74
802 1224 95
802 768 65
3030 1337 96
748 1177 41
1177 3156 98
1177 1870 74
4157 4339 21
4157 3254 92
4157 1604 21
697 3219 93
697 2838 31
697 717 38
697 760 23
697 3082 87
697 3646 93
3219 1580 84
3219 2490 73
3219 427 2
3219 1165 41
3219 3937 20
504 3863 37
504 4171 53
504 3253 80
3863 2230 70
3863 2577 11
3863 1422 47
3863 347 10
376 2852 37
376 2549 59
376 1183 29
376 1848 51
376 7 72
376 2876 51
376 2393 31
3371 2068 87
3371 2760 9
3800 656 97
3800 4421 86
3800 1520 85
3800 1240 8
656 682 5
656 2222 54
791 2516 77
791 1163 47
791 4278 95
2516 195 9
2516 2818 98
2516 4110 79
2516 4366 88
2516 1615 54
2516 2584 36
2582 2866 92
2582 217 90
2866 1941 99
2866 4081 56
2866 610 51
2866 1262 75
2866 3903 69
3823 2054 4
3823 1185 46
2054 855 7
2054 3192 25
2152 331 20
2152 2017 82
2152 4260 83
2152 1040 24
2152 2590 72
331 2344 43
3236 3311 36
3236 2985 22
3236 3165 54
3236 3051 67
3311 4181 36
3311 2888 50
3311 540 38
887 734 41
887 3264 10
887 1330 51
887 3878 10
734 3937 87
734 2161 19
734 1348 77
734 1198 54
734 2699 12
734 1401 72
1807 710 38
1807 4252 41
1807 3273 72
1968 2293 29
1968 3020 40
1968 2129 24
2293 261 38
2293 4009 75
1624 1636 16
1624 2575 9
1624 1888 48
1624 2110 49
1636 1893 57
1636 4274 26
1636 3911 96
1636 3686 46
1636 1701 62
2783 2675 24
4084 1621 91
4084 235 88
4084 514 26
1621 569 25
2993 3178 98
2993 3044 9
2993 3650 58
2993 3886 95
2993 4275 12
2993 496 11
3178 74 17
1228 2973 61
1228 34 48
1228 2439 20
2973 2733 64
2973 588 24
2973 173 25
2957 865 25
2957 4314 12
2957 4283 29
865 740 11
865 4220 23
865 2629 60
3904 3947 59
3904 835 25
3904 3299 57
3947 2291 94
3947 1069 12
3947 2965 64
3947 3099 56
3983 939 96
3983 3525 34
3062 1431 75
3062 1019 36
3062 3617 8
3062 1726 80
3062 2792 8
1431 3988 20
1431 829 23
2595 810 23
2595 2840 84
2595 2367 11
2595 4311 63
2595 3931 32
810 3953 72
810 2946 75
3611 4052 46
3611 1007 15
3611 468 89
3611 1442 43
3611 1978 53
3611 3755 80
4052 3715 11
2317 794 30
794 578 76
794 1474 79
2679 4328 38
2679 4362 90
2679 1801 2
4328 620 32
4328 3581 28
4328 120 56
4328 3949 64
2517 551 80
2517 351 4
2517 3929 73
2517 2136 90
2517 492 14
551 3337 29
551 2735 13
3631 3224 58
3631 2652 86
3631 2350 30
3224 3124 76
3224 25 18
960 3118 43
960 414 14
960 2353 59
960 4318 48
3118 2036 86
3118 1817 91
3118 2023 80
2290 3444 65
2290 47 1
2290 1979 70
2290 1107 83
3444 2980 52
3444 525 25
3444 1662 96
3444 313 51
3444 294 66
3444 1185 52
879 3187 10
879 1497 4
879 3701 18
3187 2076 15
3187 3464 37
3187 2833 71
3187 2395 51
3187 3393 66
634 3822 25
634 3576 1
634 923 35
634 3267 97
634 3354 85
634 187 53
3822 4054 63
3822 1130 57
3822 182 93
3822 2492 3
3822 4404 87
3822 246 6
3822 95 1
529 4129 30
529 1872 7
4167 3246 31
4167 2260 61
4167 1417 88
4167 161 54
3246 179 24
1106 2236 59
1106 1578 61
2236 607 82
2236 126 1
3066 3773 71
3066 3090 29
3773 2904 41
3773 1204 20
3773 3664 8
2688 835 9
2688 928 8
2688 1910 100
2688 2313 98
835 1897 64
1249 2471 39
1249 3606 95
2471 2778 84
2471 1131 29
2471 288 76
2471 213 38
13 4299 65
13 3569 65
13 1066 67
13 3902 19
4299 1250 68
4299 2956 32
2600 1975 39
2600 3266 20
2600 2720 39
2600 2072 34
2600 1001 76
1975 1088 12
1975 94 90
1975 3906 5
1975 3244 72
1975 2258 100
1975 2604 18
3550 2601 27
3550 2910 33
2601 510 67
2601 678 85
2601 2534 13
2601 4326 36
2601 4126 89
2601 1150 34
2470 1991 98
2470 3286 98
1991 2963 89
1991 1956 29
1991 204 72
1991 456 80
3302 1984 83
1984 2352 83
455 3183 54
455 4389 44
3183 3763 69
1764 1398 77
1764 259 27
1398 2435 34
1398 3282 90
1398 626 96
3256 3912 100
3912 1454 45
3912 693 45
3912 3346 57
3912 2061 8
3209 1060 46
3209 96 26
1060 4044 23
1060 2834 86
2346 240 46
2346 134 51
2346 1359 4
240 337 53
240 123 58
240 1742 23
240 2839 65
686 2940 66
686 2233 92
686 1366 39
2940 3542 89
2940 3042 81
2940 1816 14
1713 4383 21
1713 3980 88
1713 3681 81
4383 2589 54
2898 2466 51
2898 226 14
2466 139 32
2616 2340 60
2616 1380 93
2616 3040 46
2340 565 3
2013 2197 33
2013 1698 91
2197 3833 63
2634 2171 53
2634 4315 1
2634 2796 82
2171 1104 94
2171 2394 37
2171 1245 68
2171 581 37
2171 3447 31
2171 1877 56
3201 1477 31
3201 705 45
3201 4196 50
1477 1897 81
432 2441 83
432 2959 74
432 3352 94
432 3783 98
2441 3980 63
2441 1399 83
3475 2392 70
3475 3507 2
3475 3733 69
4071 600 97
4071 378 21
4071 3905 35
600 340 44
1701 1425 47
1701 763 63
4137 2050 100
4137 4381 18
4137 4184 14
3156 3692 48
3156 2369 32
3156 1537 16
3156 4347 50
3692 595 39
3692 2401 6
3692 290 93
3692 4058 29
3692 3758 88
3692 3362 14
3692 1066 20
1518 2514 7
1518 2454 33
1518 830 76
1518 2667 23
1518 2382 10
1518 858 43
2514 3547 40
275 2387 11
275 2183 89
2387 2369 69
2387 1792 31
1698 2909 36
1698 2698 53
1698 3440 22
1698 1110 92
1698 313 52
1698 3862 89
1698 3352 74
2909 2115 8
2909 3150 73
2909 4319 10
2909 2326 69
2909 3518 1
3494 2478 43
3494 1278 46
2478 181 48
3604 4222 49
3604 786 65
3604 3889 45
3604 3231 100
4222 4002 56
4222 1818 19
2891 1951 97
2891 1536 25
2891 2295 38
2891 405 75
2891 836 46
2778 1272 91
2778 483 14
764 1552 71
764 2591 78
1552 375 82
1552 683 48
4243 1754 30
1754 1610 43
1754 2140 20
1754 3100 63
4288 4219 72
4288 3303 34
4288 3906 96
4219 4195 34
4219 1123 48
4219 786 73
4219 799 63
4219 2991 23
4219 4354 9
4219 3709 63
3293 2805 29
3293 2123 33
3293 460 49
3293 61 40
2805 2258 60
2805 1373 90
2805 3810 48
2805 792 34
2805 2895 49
2721 1803 87
2721 2133 77
2721 3922 91
2721 3982 46
2721 1059 5
2721 3643 21
1803 4112 80
1803 607 26
2447 1421 19
2447 1003 89
2447 3585 68
2447 912 46
2447 3704 17
1421 3145 71
1421 612 59
1987 3001 27
1987 126 64
1987 2691 94
1987 3449 69
1987 3070 22
3001 2086 62
3001 2864 38
1393 1586 33
1393 1308 68
1393 1120 38
1586 4174 48
1586 2167 98
427 665 47
427 3449 90
665 1976 84
665 2498 59
665 2373 60
2344 3396 25
3396 3778 49
3396 4063 44
3396 1415 56
438 1194 97
438 2114 19
438 2334 86
438 1700 33
438 2103 35
438 283 21
1194 801 90
1194 2830 33
1194 224 63
1194 4369 41
1194 4346 85
682 657 71
682 2200 71
682 4030 66
3695 3706 8
3695 3401 18
3706 148 3
3706 3650 99
3706 2905 53
3635 4258 59
3635 1894 67
3635 1130 76
3635 3517 2
1742 2535 6
1742 633 79
1742 1495 19
1742 895 4
1929 3188 25
1929 3943 15
3188 3232 45
3188 3885 45
2655 3035 60
2655 4333 9
2655 3318 28
3035 3203 36
3035 277 35
4388 2936 35
4388 3138 67
4388 1856 81
2936 1052 92
2936 3271 12
2936 2245 4
2936 1557 20
4088 1297 55
4088 2379 83
2638 2770 44
2638 788 73
2638 3609 12
2638 766 44
2638 2425 88
2638 741 8
2638 1118 17
2770 2630 1
2770 3218 32
2770 1676 9
2770 2122 5
2770 443 93
1736 3191 21
1736 1333 20
3191 758 95
3191 825 32
3191 2728 4
3833 3813 97
3833 896 53
3833 1271 83
3833 1786 27
3813 2512 4
3813 3417 48
3813 1148 46
3813 447 97
1728 901 2
1728 824 43
1728 594 93
1728 1520 17
1522 246 19
1522 3577 23
1522 2126 50
1522 1614 39
1522 4135 78
4236 3269 57
4236 280 75
4236 1486 96
4236 533 93
3269 250 59
3269 3591 86
3576 1314 33
3576 1001 37
3576 281 20
3576 4100 16
1271 408 85
1271 1319 42
408 3037 37
408 2991 4
408 2812 99
408 3788 79
1979 4392 46
1979 1232 24
4392 565 39
4392 3231 74
4392 4080 6
1028 597 19
1028 2613 73
1028 21 5
1028 2878 63
1028 2125 89
597 4108 95
1594 3531 12
1594 3596 8
3531 2220 22
3531 1231 65
3531 3711 79
992 1702 84
992 3415 23
992 891 45
992 3732 17
992 612 90
1702 439 29
1702 2030 27
4076 3415 90
4076 1280 97
3415 1223 2
3415 2557 54
3415 2203 43
2606 2188 44
2606 3069 78
2188 4153 77
2188 814 93
4244 821 94
4244 1542 77
4244 3216 48
4244 854 54
821 1961 62
821 1707 56
821 24 53
821 2707 16
4159 2512 39
4159 4124 39
4159 1092 22
4159 4372 73
4159 754 65
4159 2174 13
4318 3386 18
4318 166 74
4318 3527 51
4318 1531 97
4318 1048 64
4318 3900 87
4318 1480 71
3386 2752 86
3386 3952 96
399 2379 57
399 2833 48
2379 1289 36
2379 1580 10
4266 1445 93
4266 2463 72
4266 4358 49
1445 1787 76
1445 3737 7
1725 2830 29
1725 3482 68
2830 765 40
2830 1535 87
2830 1931 6
2270 2752 8
2270 1511 1
2270 415 51
2270 1245 54
2270 2280 25
2270 2513 90
2270 2172 48
2270 4057 67
2752 4049 83
2752 2731 62
1800 2418 94
2418 3257 76
2418 3442 64
2418 2089 15
4153 1436 34
4153 1361 82
4153 3324 56
6 128 38
6 2663 6
6 241 23
6 2351 95
128 2232 2
3937 1853 69
3937 2176 13
2522 4014 23
2522 1652 88
2522 1294 100
4014 261 27
4014 2472 76
4014 724 2
4014 4090 42
4014 1880 82
1858 2203 53
1858 1210 25
1858 1866 5
2203 844 17
2203 2620 30
2963 1183 80
2963 119 29
1511 1905 59
1511 2784 96
1511 284 2
1511 1119 26
1511 1805 55
1905 4208 95
1905 69 67
1905 3267 74
2065 2311 68
2065 1783 99
2065 2670 32
2311 103 24
2311 4337 13
3740 3493 28
3740 3242 11
3493 3094 12
1877 2971 71
2971 4380 75
2971 3567 54
174 1834 25
174 111 39
1834 3120 93
1834 486 75
1834 2865 94
4100 1348 16
4100 4340 73
4100 1366 86
4100 3742 63
4100 826 23
17 1907 90
17 3716 54
17 94 84
1907 823 46
1907 365 28
1907 1151 14
1907 1269 9
1907 2247 76
1688 956 11
1688 1600 47
1688 2356 3
956 708 45
1604 3882 85
1604 67 64
1604 1016 52
3882 2840 34
3882 1319 68
3882 1472 70
3084 1799 100
3084 3316 49
1799 1492 51
1799 853 84
3908 2020 100
3908 1459 77
2020 1692 37
71 397 18
71 3016 81
397 2378 71
397 402 17
397 91 32
397 222 78
3165 1748 49
3165 2702 63
3165 3292 6
1748 430 12
1748 2889 93
1748 3131 41
609 4038 93
609 2045 96
4038 1565 85
4038 984 40
4038 4276 99
4038 123 64
2510 1982 44
2510 1824 19
2510 145 6
1982 1472 92
1982 771 33
426 425 53
426 1924 15
426 1440 74
425 4268 89
1040 3816 33
1040 2163 41
1040 3783 35
1040 1058 94
1040 2881 89
3816 2254 99
135 1566 34
135 3424 64
135 1897 58
135 1611 30
1566 1757 87
1566 4143 1
1566 2049 4
98 3207 95
98 3519 28
98 4061 4
98 608 45
1802 4390 63
1802 2358 92
4390 372 74
2121 1635 100
2121 3432 89
2121 2978 88
2121 3844 1
2121 3871 60
2121 1724 53
2121 2728 2
1635 2041 83
4151 2944 21
4151 598 65
2944 1069 18
2944 1881 97
385 3577 81
385 2445 80
3896 3691 10
3896 1164 78
3896 2207 68
3691 2355 54
1941 368 95
1941 2893 55
1941 4205 35
1941 317 58
368 1603 10
2011 708 48
2011 2520 60
1600 1050 46
1600 2542 78
1600 2475 29
1050 1123 4
1050 2462 42
465 1281 8
465 1938 33
465 3513 44
465 2619 68
1281 1030 49
1412 3413 38
1412 4106 28
1412 1716 83
1412 2954 3
1400 2162 7
1400 874 72
2162 1540 76
2162 3002 73
2162 1481 38
965 837 25
965 1532 50
965 278 49
965 532 27
965 2833 40
837 713 98
4048 1572 89
1572 4207 28
1572 2158 10
1572 3867 43
1098 3618 22
1098 1895 15
1098 2393 12
1098 2569 87
3618 3771 44
3618 2399 54
3618 3861 46
3618 3484 7
2858 4099 14
2858 159 80
2858 4144 94
2858 3662 1
4099 468 82
2083 88 63
2083 3940 51
2083 1768 60
2083 2730 24
2083 1596 85
88 4111 99
3571 1900 84
3571 2435 29
3571 2015 92
1900 889 94
1900 2677 78
1900 3539 79
2651 1828 56
2651 130 76
1828 201 67
1828 3154 95
4004 895 18
4004 1189 72
4004 1687 33
4004 1838 86
4004 1732 100
895 2956 30
895 2755 64
895 2224 85
895 1630 85
4251 1843 42
4251 995 63
4251 2350 31
4251 4373 93
4251 2239 70
1843 1066 7
1843 1343 12
353 2099 89
353 1159 82
353 167 1
353 4439 29
353 204 22
2099 2101 84
2099 3742 72
2099 2983 62
2099 1686 2
2724 1494 25
2724 121 8
2724 4436 91
603 2742 1
603 2072 83
693 4344 76
693 1075 92
693 2785 24
4344 1192 14
1544 492 73
1544 1913 57
1544 3873 68
492 4047 40
492 3160 95
492 430 18
492 359 98
2620 3669 75
2620 4267 77
2620 771 6
2620 491 99
3669 1227 27
3669 1077 40
3364 592 58
3364 3766 73
3364 612 70
3364 2297 77
3364 1525 33
592 451 42
592 2864 91
592 3045 100
592 3375 88
1230 4384 66
1230 4095 78
1230 3967 95
1230 4310 98
434 3694 35
434 3512 86
434 3870 79
434 1250 39
434 2319 75
3694 212 46
3694 208 63
3694 4178 96
3694 1874 86
3694 1837 40
1867 2614 88
1867 694 19
2614 3869 52
2614 1118 33
2614 2527 50
2614 2046 57
2614 3101 96
2614 1160 88
133 1593 93
133 3644 21
1593 2037 6
1593 995 39
1062 2046 44
1062 624 35
1062 523 27
2046 2003 39
2046 2474 75
2046 3511 10
2046 1686 10
1383 1753 24
1383 2611 85
1383 3997 34
1532 1027 96
102 2410 34
102 2245 19
2410 2889 79
2410 2139 96
2410 599 78
3034 1247 4
3034 640 45
3034 1954 1
1247 2041 58
1247 1248 57
1247 2604 14
1247 3732 14
2012 1096 76
2012 983 49
1096 565 13
1096 2707 6
449 476 69
449 513 60
449 644 41
449 2871 86
476 1111 98
476 4075 16
476 2696 52
476 973 67
4434 2056 36
4434 2597 38
4434 3245 83
4434 3643 8
2056 424 58
2056 2934 11
2056 2653 75
954 3636 69
954 29 11
3636 2741 92
3636 211 94
3636 2809 14
3636 4074 15
3811 989 72
3811 178 56
3811 3730 35
989 1048 22
989 3111 29
2920 934 100
2920 166 5
2920 3599 26
2920 568 45
934 3347 58
934 2776 72
934 188 37
934 3180 53
3024 2735 33
3024 3984 28
3024 3827 95
3024 95 60
2735 224 56
4422 3549 84
3549 2140 55
1940 2489 97
1940 3468 19
1940 1300 65
1940 1240 18
2489 1529 35
3802 897 51
3802 2545 52
3802 567 63
3802 898 17
3802 3680 7
897 1221 65
1380 1899 60
1380 1501 16
4291 2008 88
4291 3065 66
4291 961 55
2008 77 30
1885 2568 48
1885 281 37
1885 660 35
1885 2965 65
2568 559 90
2568 481 3
2568 3893 46
1652 2610 69
1652 4335 97
1652 3585 66
1556 1502 59
1556 1041 83
1556 3255 39
4210 1379 34
4210 3859 36
4210 872 81
1379 1537 98
4309 1442 11
1442 41 8
1442 37 36
2234 2202 83
2202 1641 25
3232 1741 62
3232 2988 23
3232 4146 24
3232 4112 44
1974 728 52
1974 2073 33
728 3566 60
4181 3274 88
4181 2401 61
4181 11 100
3038 2930 54
3038 3970 20
3038 1488 85
3869 3503 38
3869 941 88
478 3083 91
478 1724 37
478 1859 26
478 559 36
478 771 54
478 1775 94
478 1952 65
478 562 67
3083 1578 61
3083 1042 70
888 321 83
888 1203 44
888 2175 98
321 3450 28
321 2862 87
2888 904 79
2888 3772 71
1007 4289 47
1007 4171 89
3658 4314 19
4314 916 77
4314 4027 97
4314 4127 80
661 3554 96
661 3600 83
661 1744 44
661 3283 12
661 2978 67
661 3438 86
3554 2904 34
3732 2484 33
3732 31 27
3732 3451 14
3732 685 65
2484 126 77
2484 1130 27
2484 2037 66
517 858 1
517 4163 10
517 959 50
858 4356 27
858 330 55
858 1232 88
518 2737 30
518 1969 2
2737 649 53
4040 2371 70
4040 941 85
4040 3384 74
4040 3645 55
2371 2440 12
627 2630 26
627 4054 98
627 811 73
2630 1295 86
2630 3876 87
1367 4337 28
1367 1822 49
1367 2036 34
4337 3556 85
4337 2787 62
2499 2159 88
2499 540 90
2499 2063 3
2159 2662 83
2349 2165 60
2349 1458 16
2349 77 49
2349 1245 36
2349 3131 32
2165 4113 37
2165 578 98
2165 761 72
2165 770 90
1347 1178 56
1347 1665 25
1347 333 56
1347 4074 30
1178 3969 12
1178 1581 53
1591 564 31
1591 4062 39
564 288 3
564 936 12
564 3120 37
564 3620 43
4008 2682 90
2682 1052 74
2682 1278 55
2682 3149 8
373 1321 68
3785 1164 73
3785 2984 18
3785 2754 55
2843 3075 50
2843 2705 66
3075 4257 100
3075 4401 17
4047 125 13
4047 2761 59
1580 2812 51
1580 1958 86
1580 877 4
1580 81 71
1580 4437 28
2812 4062 85
892 1526 12
892 1474 7
892 2249 42
1526 1351 6
1526 870 84
1526 610 77
1212 235 92
1212 3416 75
1212 1686 35
235 2044 17
341 57 87
341 3014 91
341 1883 51
341 289 4
57 1097 32
57 2771 82
4307 1574 65
4307 3029 2
4307 1548 77
1574 718 38
1574 4278 78
1574 2230 77
1574 1745 93
1003 1422 95
1003 2453 20
1003 1045 97
1003 1309 85
1717 3379 12
1717 2709 45
1717 1029 16
1717 1645 9
3379 1048 55
3379 2128 69
3379 3894 47
1509 336 82
1509 1362 20
1509 4058 70
1509 3779 75
1509 2690 12
1509 1567 41
1509 944 92
336 4333 10
336 1402 16
336 1895 4
336 4319 11
336 2507 70
4073 3638 10
4073 819 49
4073 836 64
3638 3088 5
3638 2295 64
3638 93 85
1308 3981 27
3600 1577 69
3600 3490 35
2258 951 19
2258 1306 97
3587 1160 63
1219 4360 93
1219 223 39
4360 1874 25
4360 688 10
4360 531 28
4360 1402 15
4360 2494 39
1092 587 29
1092 998 13
1092 3490 1
1092 255 70
1092 1622 72
1092 2313 18
587 958 65
587 3205 87
587 1199 87
587 1136 34
1260 3051 97
1260 1605 30
1260 1666 59
3051 2842 60
3051 2524 27
3051 3745 72
3051 28 69
3051 631 80
4292 3326 1
4292 52 32
4292 2416 16
3326 3132 84
3326 3417 38
3326 738 44
3326 482 38
3203 4164 8
3203 90 74
2472 3305 35
2472 4327 57
3305 4248 13
3305 2333 77
3754 1692 99
3754 4394 82
3754 4184 78
1692 1073 72
1692 3033 90
3342 2519 82
713 2507 38
713 1844 60
713 4009 5
2507 1127 92
616 3567 9
616 1034 83
616 4207 46
3567 9 21
2773 2129 15
2129 3235 29
2129 1272 91
1759 4083 81
1759 2444 70
4083 854 52
4083 1765 58
4083 690 59
4083 2081 19
2810 11 11
2810 2987 83
2810 1186 78
11 2085 2
11 201 61
11 3426 68
2240 2649 28
2240 3445 46
2649 3196 100
891 586 53
891 2762 17
891 1331 48
891 2077 71
586 1531 38
586 3789 58
3194 2305 13
3194 1853 61
3194 4118 6
2305 406 29
2305 54 47
2305 4218 82
2305 285 13
309 1173 35
309 2907 11
1173 4437 44
1173 2193 16
3158 2549 12
3158 1100 25
2549 3845 3
2549 2502 95
2549 29 88
1318 3380 77
1318 3152 8
1318 1677 47
3380 668 42
3380 2104 8
3380 242 45
3380 3756 97
3380 3164 22
1159 1140 73
1159 3360 100
1159 2935 38
1159 516 79
1159 904 74
1485 1341 78
1485 2166 59
1485 526 80
1341 692 81
1341 1155 72
1341 3943 65
1341 131 80
668 3296 54
668 3405 5
2367 2393 13
2367 536 33
2367 1122 47
2367 2051 30
2367 1499 40
2393 1195 69
2393 4437 43
2393 3660 45
2393 65 74
2393 1419 78
1681 151 25
1681 1125 56
151 555 95
1551 3871 18
1551 178 62
1551 2110 94
3871 3133 21
2097 4161 36
2097 2287 82
4161 217 45
4161 248 56
804 312 6
804 817 4
804 65 87
804 1892 32
312 673 75
312 2668 20
312 2574 46
2504 1804 27
2504 522 3
1804 4343 59
1804 2396 94
229 3026 99
229 1959 62
229 1909 97
3026 132 6
1344 3491 86
3491 354 32
3491 2908 98
2031 3466 71
2031 3115 57
3466 566 1
3093 2016 12
3093 4168 24
3093 1371 63
3093 1519 61
2016 2599 8
1006 117 56
1006 629 83
1006 3027 46
117 3346 91
297 2893 32
297 332 70
2893 1519 100
732 943 76
732 1965 97
732 3279 62
943 3965 75
943 4389 11
3580 140 75
3580 28 73
3580 3389 23
3580 1487 28
1657 4068 96
1657 380 46
1657 4163 44
1657 4179 21
1657 217 6
4068 2449 52
4068 2400 21
4315 595 43
4315 2026 51
595 839 45
905 3662 99
905 2048 34
905 1101 85
905 842 70
3662 157 5
3662 4311 31
3662 1021 82
2613 695 52
2613 2707 73
2613 119 82
2613 2759 11
2613 827 53
2613 228 49
1052 3249 67
2528 279 21
2528 2283 79
279 1831 76
279 4316 42
279 3333 53
4394 3727 97
3954 701 45
3954 671 69
3954 1198 97
3954 1095 23
701 4368 79
701 3543 6
3883 37 33
3883 2523 30
3883 4356 55
3883 2110 71
37 100 18
37 2975 63
4338 2876 53
4338 3975 56
4338 1790 8
4338 156 72
4338 3854 56
4338 3328 29
2820 2454 64
2820 4080 57
2454 1242 69
481 358 18
481 3061 83
1381 1732 14
1732 2745 75
1732 1740 94
1732 843 90
1732 4355 64
417 3115 99
417 4404 50
3115 2204 30
3115 3098 93
2465 496 36
2465 1213 17
2465 1261 6
496 3120 73
496 2643 50
496 3061 36
2241 1204 50
2241 3147 64
2241 340 86
2241 2249 54
1577 1855 41
1855 4101 87
1855 4218 73
1855 930 97
1946 236 18
1946 641 37
1946 2101 67
236 3620 97
236 514 48
236 1306 23
2172 3946 46
2172 3704 58
2172 4332 90
2172 2451 13
2172 4018 26
3946 1320 59
3946 1711 1
3946 1571 12
4218 3426 38
4218 912 2
3426 4190 34
3426 2779 43
3426 876 75
3830 3152 51
3830 1779 69
3152 74 78
3152 1934 22
2960 2977 61
2960 1820 68
2960 842 76
2977 2717 93
2977 1906 32
1737 1947 81
1737 2227 75
1947 2561 18
1947 2061 92
3410 531 51
531 3240 3
531 765 71
4304 458 29
4304 2537 33
4304 1579 57
4304 366 7
4155 1274 74
4155 1416 99
4155 1090 70
4155 1848 87
4155 527 86
4155 2400 56
1274 4070 92
1274 2705 46
1274 1589 58
1274 1279 72
2833 95 29
2833 1366 54
2833 2488 68
2833 2591 19
95 3861 17
95 2442 78
2325 3798 95
2325 1438 44
3798 1785 81
613 792 4
613 3586 52
613 1765 88
792 296 100
792 4370 76
792 1598 31
792 2959 7
195 4032 79
195 15 44
195 2468 67
1953 1960 44
1953 2758 77
1953 1826 11
1953 1578 19
1953 1105 57
1960 387 22
1960 3239 34
2950 3575 11
1057 3025 29
1057 2610 32
557 3043 60
557 3582 84
1874 4298 48
1874 3487 99
1874 3166 8
4298 2201 90
4298 1245 55
4298 1563 75
4298 197 72
4298 3849 81
1582 3055 26
1582 2044 81
1582 3319 32
3055 2082 33
3055 4023 32
2887 2815 17
2887 3742 85
2815 2004 25
2815 145 82
2815 2139 29
2815 2460 40
2815 2644 9
1722 1354 100
1722 2809 61
1354 371 42
2074 2902 99
2074 177 3
2074 4324 58
2074 3144 40
2074 1686 24
2902 3849 47
2785 3382 72
2785 82 43
3382 3458 64
3382 2817 17
3382 4400 27
3382 193 54
3382 2999 72
756 4139 78
756 3931 75
756 1823 56
4139 654 68
2867 4032 72
2867 1796 55
2867 3171 29
4032 2303 99
4032 1625 5
4032 3215 83
2133 183 68
2133 562 30
1893 2003 34
1893 1696 58
4180 2429 49
2429 1496 44
2429 3548 75
938 2007 55
938 2127 17
2007 1484 15
1458 2997 30
1458 4366 93
2997 3202 97
2997 3574 73
3202 2531 12
3202 3297 61
3202 4401 46
3202 3334 2
3202 3419 11
4054 945 2
4054 1806 94
2453 1120 97
2453 93 65
2453 1969 22
1120 1292 98
1120 498 37
1120 2878 77
1120 2672 14
1120 4091 86
1120 3341 63
1101 3455 26
3455 1747 28
3025 1798 75
3025 1973 46
1798 2194 12
1798 2028 64
1798 4395 2
1798 3096 42
1798 2218 96
1798 3644 32
695 3713 18
695 214 7
695 782 70
2531 3085 46
2531 2674 24
2531 3250 58
3085 663 93
3085 4192 56
2163 2515 67
2163 4110 36
161 873 65
161 832 32
873 21 94
873 1411 12
873 491 54
3940 1824 11
3940 1313 3
4061 3553 42
4061 3552 88
4061 2108 6
4061 1966 38
4061 330 71
3553 3137 22
3553 3729 34
3451 1792 94
3451 2398 12
3451 2354 56
3451 539 24
3451 863 27
3451 2880 47
1792 3768 92
1792 867 41
1792 851 83
1996 832 8
1996 3233 82
832 1832 72
832 1719 13
1022 2905 15
1022 2991 36
1022 2954 75
1022 4326 56
2905 509 19
2905 2657 29
2709 1729 9
786 2330 64
786 2331 24
786 437 85
2432 1251 20
2432 2196 78
2432 1964 53
2432 3247 77
2432 650 28
1251 1970 61
1251 1153 2
3728 2177 36
3728 3190 86
3728 3861 56
2177 4296 11
2177 1689 50
825 3885 17
825 10 83
825 2870 7
825 3377 49
825 983 8
825 4391 41
3885 2860 60
3885 1083 91
2039 4245 78
4245 474 45
4245 2347 8
4245 3941 64
4245 1809 43
1067 2118 75
1067 3650 1
2118 3705 15
654 3989 3
654 3980 74
3989 4053 84
3787 2749 87
3787 3560 79
3787 1312 73
2749 139 95
2749 848 28
2749 2101 46
1048 698 31
1048 1795 6
1048 3682 40
1048 1647 40
698 1369 67
2459 1651 98
2459 628 10
1651 3591 33
1651 280 95
1651 290 67
1651 2901 16
1651 1873 24
1651 2256 54
1100 2751 94
2751 3584 97
498 2929 35
498 1089 59
498 2547 52
498 3138 92
2929 1851 77
2929 3574 14
4055 411 70
4055 3858 5
411 851 44
411 2763 25
411 2874 3
411 2343 14
411 111 64
411 207 85
411 313 95
411 2834 43
867 3615 86
867 3278 71
3615 2846 63
3615 4224 70
1130 893 100
1130 4272 64
354 3242 65
354 4136 13
4182 3648 94
4182 3837 3
4182 127 63
4182 3197 64
4182 1181 87
3648 1331 58
2674 3010 95
2674 3825 69
2674 1165 7
827 77 75
827 4260 65
827 3980 54
77 2727 33
77 1018 55
77 3917 12
77 747 93
77 305 3
77 3561 73
77 2816 86
1023 3424 94
1023 126 15
1023 1433 28
3424 450 98
2611 2937 10
2611 2571 42
2937 1453 4
2085 1783 93
3313 2350 22
3313 4162 32
3313 169 22
2350 1687 98
2350 779 43
2350 4282 2
2350 1565 34
2350 752 29
261 453 25
261 255 19
536 3933 52
536 1386 88
387 3010 72
387 3295 98
387 2673 17
387 4208 58
706 3845 7
706 823 68
3845 1139 83
3845 3538 47
3845 1181 63
2792 2483 88
2792 1440 85
2792 3107 90
2792 1666 67
2483 4421 5
2840 2034 97
2840 414 29
3238 1972 22
3238 1384 43
3238 604 21
3238 859 39
1972 2603 29
1972 3010 19
1972 4271 81
2086 183 9
2086 660 27
48 4168 79
48 230 83
2583 352 14
2583 4367 40
2583 1638 40
352 2561 74
352 3528 75
352 3703 52
352 3966 37
1232 3067 68
1102 493 43
1102 2233 84
1102 1105 90
493 2043 90
244 1368 58
1368 327 70
3405 3515 43
3405 2487 35
3515 2653 26
1838 3731 4
1838 987 76
1838 3647 47
1838 1008 40
3731 3008 39
3731 2900 20
1865 2142 76
1865 416 78
1865 4431 56
1865 666 75
1865 3027 22
2142 3703 74
2142 1729 19
2142 1897 75
876 2193 11
876 1634 72
876 2255 31
876 1391 54
2193 1959 6
2523 608 69
723 4403 74
723 3841 94
723 964 74
723 3757 69
723 2178 30
4403 2753 3
159 632 72
159 1934 30
2621 727 54
2621 4254 32
2621 3264 41
2621 85 95
3470 3764 2
3470 1423 71
2717 2079 61
4174 1860 70
4174 3675 7
4174 933 16
2880 1890 55
2880 3477 38
2880 247 70
1890 2265 13
2974 3354 85
2974 1845 67
3354 332 45
3354 1465 92
1104 3781 7
1104 3206 23
823 4371 4
823 976 26
823 3373 94
823 2281 55
3874 1719 54
3874 2285 93
1719 3047 88
1719 2194 51
3613 1462 24
126 2695 53
126 4275 36
3374 2788 25
3374 155 92
2788 3347 90
2788 3049 11
1426 3751 33
1426 1486 13
3751 3760 21
896 4416 98
896 3200 15
896 3271 67
31 1265 73
31 549 75
26 2608 59
26 1784 42
2608 3702 74
2608 1555 43
2608 2934 12
1891 2335 5
1891 2569 62
1891 2408 29
1891 1992 98
1891 1959 4
1891 8 65
2335 3750 59
2335 1454 29
1314 3018 61
1314 2896 23
1314 398 37
3039 409 31
409 4034 81
409 1448 16
409 3856 97
3962 762 50
3962 2588 57
3962 2195 54
762 2831 38
762 3968 62
3330 1639 47
4362 62 85
691 1822 20
93 186 24
93 1329 63
2256 3047 48
2256 4420 84
2256 1564 8
2256 1294 48
3047 2036 63
3047 2490 12
3016 2087 98
1547 1985 41
1547 2768 49
1547 1726 50
1547 3461 50
1985 859 87
3449 223 21
3449 3139 88
3449 1777 98
223 1051 21
223 2062 11
3936 719 21
3936 2123 57
3936 1928 25
3936 2021 16
3936 3630 62
719 2802 24
719 798 86
3485 2396 66
3485 4371 20
3485 1743 25
3485 528 77
3485 608 44
2396 3450 29
2396 753 16
322 3195 65
2138 4350 58
3514 3501 27
3514 4321 14
3514 3538 60
3514 3391 63
3514 2525 100
3501 2494 39
3501 2784 13
3501 2667 28
3501 2933 43
3501 840 54
2697 2694 64
2697 1207 79
2697 4033 91
3841 319 60
3841 1166 64
3841 3870 30
2036 375 72
2036 234 89
1134 3401 29
1134 2727 100
3401 4396 65
3401 3795 53
3401 2009 62
2115 3377 32
2115 714 85
3585 590 24
3585 1454 11
746 4080 36
746 2363 73
746 1542 87
746 25 68
4080 3877 90
4080 3578 30
4331 971 41
4331 4150 1
4331 3287 50
4331 2731 71
4331 3693 100
4331 2337 85
971 202 66
971 2691 91
971 3497 22
3704 1812 23
3704 1734 39
1072 532 14
1072 4334 95
532 3318 98
532 3306 74
532 1623 21
532 4007 53
278 4096 73
278 3108 94
278 642 32
987 3373 29
3223 3289 45
3289 854 6
418 3918 86
418 70 44
418 2158 91
3918 2842 51
3918 2560 6
3918 2551 62
3429 4273 18
3429 2229 33
4273 3915 46
4273 1217 23
3102 1302 53
3102 2187 92
1302 4282 17
1302 1659 82
1302 1862 80
2598 4067 89
2598 3543 1
4067 247 52
4067 28 35
4067 598 93
4067 4107 81
4122 2433 76
4122 3922 51
2433 1432 25
3319 144 53
3319 512 45
3319 2361 44
3319 2584 52
3319 2022 34
3319 4050 80
144 742 23
1977 1656 63
1977 292 19
1977 4354 8
124 718 74
124 604 12
124 2455 78
718 3387 24
718 2894 45
718 3089 83
2860 109 71
2860 1430 31
2860 516 88
109 968 2
109 4104 99
109 2508 85
109 1149 47
4275 1115 68
4275 1519 3
1115 2488 92
3205 2091 47
3205 1669 54
3205 2137 92
3205 2889 73
3205 3060 33
2091 882 51
2091 20 42
2173 1817 97
2173 696 80
2173 817 91
2173 3925 59
2173 1918 35
1817 1388 6
1817 3907 84
1817 1550 63
1817 4070 83
1817 2736 65
1870 3360 59
3360 4428 94
3360 724 69
3360 3145 72
1088 607 61
1088 290 73
968 3914 19
3776 1796 2
3776 2424 95
3776 3575 73
3776 2633 23
3776 724 57
1796 881 35
853 2579 22
853 554 86
853 63 40
853 3486 63
2579 1546 92
1820 1669 26
1820 4094 68
1820 1837 18
1820 4237 55
1202 4417 51
1202 3235 12
4417 676 15
4417 3790 33
692 433 89
692 3098 34
692 2249 2
433 1376 41
2806 1303 21
2806 733 49
2806 1729 99
1303 4352 20
1303 1241 21
1303 3317 21
1303 1720 74
1359 3555 54
3555 480 16
1391 3222 33
1391 12 56
1391 3140 2
3222 96 25
1440 3408 53
1440 8 66
1440 4056 44
3408 1512 9
1683 1525 23
1683 3271 82
1683 183 30
1683 2653 93
1525 169 78
1525 1046 56
1525 3411 93
1525 3312 32
3031 138 88
3031 78 97
3031 4386 42
3031 3459 68
138 2886 3
138 64 7
3242 1862 64
3242 4310 36
3242 1876 100
1959 556 71
2318 2251 13
2318 2865 28
2318 2076 40
2318 2134 10
2318 1712 54
2251 79 65
2251 2564 63
2251 4123 51
2251 4399 87
650 2720 34
650 3561 65
650 1992 67
2720 624 63
889 3217 62
889 287 19
3987 1401 18
3987 4092 51
3987 983 31
3987 1447 24
3987 3513 98
3987 130 97
3987 3772 24
1401 916 81
1970 1448 48
1970 3503 52
1448 1934 49
1448 1349 84
1448 511 59
1448 1351 36
3040 3204 3
3040 4411 98
3040 2324 80
3040 1682 86
3040 2938 81
2747 3164 98
3164 3266 27
4132 3142 14
4132 2831 10
4132 3964 79
3142 2467 3
3142 3734 61
565 3806 10
565 1146 76
565 52 89
565 3820 8
3806 1479 58
3806 644 41
3806 486 85
1765 831 73
1765 3599 99
1765 1596 8
831 2213 27
2537 577 90
2537 2750 74
2537 798 27
2537 2337 81
1164 3167 22
1818 1433 96
1818 4254 32
1818 2803 78
2009 424 56
3750 952 84
510 788 68
510 2351 8
510 1814 19
788 3525 20
788 839 52
1443 1312 25
1443 3167 12
1443 1619 13
1312 2636 77
1312 326 12
2263 1223 82
2263 317 98
1223 2077 52
1223 3762 21
2458 104 53
2458 1767 51
2458 3966 100
2458 3033 97
2458 3652 47
2458 3934 3
104 1718 85
104 3217 99
201 1845 49
201 530 5
201 1396 60
201 1575 9
201 3346 82
3542 871 36
3542 1064 89
3542 580 38
157 1533 42
157 667 31
157 295 45
157 3431 84
3963 1429 74
3963 1283 83
3963 2758 69
3963 2641 47
3963 3517 8
3963 137 39
3963 1939 64
1429 2053 15
1429 2112 74
1429 3225 7
4232 4192 94
4232 1795 89
4192 2618 24
2449 1246 52
267 1926 76
3592 1833 59
3592 4118 3
3592 2314 3
1833 599 89
1998 2995 12
1998 1694 29
1998 1932 38
1998 1483 69
2995 3557 9
2995 877 17
2995 2886 53
2554 625 48
2554 3333 25
2554 1469 7
21 3324 18
21 1934 55
21 3634 31
1369 220 45
1369 1521 36
220 1491 49
220 3756 56
220 3738 79
3715 2431 96
3817 4274 45
3817 1562 49
4274 1284 88
468 3160 17
468 1197 71
4381 545 35
4381 3133 17
4381 523 63
545 4353 65
545 3528 60
545 2925 10
2035 647 71
2035 2739 34
2035 1309 56
2035 2757 60
2035 1304 50
647 2667 89
647 3082 3
3020 921 76
3020 2257 51
1849 1311 52
1849 3532 3
1849 2026 39
1311 2279 75
1311 722 23
2526 1536 67
3499 953 59
3499 1573 16
3499 916 52
953 893 90
953 559 84
2784 4336 36
2784 91 29
4336 1437 22
4336 3928 50
4336 606 51
392 3503 45
392 2148 16
392 1132 55
392 3285 19
4045 2716 74
2716 4265 38
380 1758 62
2375 2574 20
2375 2174 100
2375 2831 40
737 1413 79
737 2169 60
1413 1707 69
1413 1892 8
1413 383 97
1413 1844 30
1413 2607 87
2369 3832 21
2369 1362 35
2369 393 76
2642 2338 39
2642 1825 50
2642 2282 14
2338 1773 15
2338 2255 89
2338 4001 33
2338 2954 26
2338 2412 31
2338 480 99
3120 1033 40
149 1805 45
149 33 5
1805 3831 13
1805 3151 86
3943 16 86
3943 197 67
16 3564 75
3839 560 54
3839 3994 66
3839 366 44
3324 1852 77
3324 1449 77
3324 1333 50
3890 1971 80
3890 15 1
3890 670 49
3890 4026 78
3890 1973 59
3890 2538 59
1971 3483 60
1971 3524 54
1971 495 10
15 3941 80
15 2615 30
1229 3387 61
1229 3506 64
3387 2861 48
3387 2831 41
2462 663 85
2462 1156 3
663 1105 87
663 578 37
2189 808 33
2189 4134 97
2189 2010 77
2189 2032 6
2189 2826 28
808 1205 28
2123 801 98
2123 1708 83
941 1149 87
941 767 73
941 2295 83
941 2791 20
941 4416 62
941 2135 98
1149 849 4
1149 3714 51
950 962 80
962 1275 63
2831 2103 62
4333 4127 14
2330 1066 70
2330 4197 91
2330 4246 4
1708 805 85
1708 2612 87
1708 3792 3
1708 2143 52
1708 495 43
805 3915 72
805 614 50
394 3864 64
3864 1782 94
815 1113 99
815 3720 100
815 3644 59
815 259 38
1113 2303 29
1113 3559 31
3207 3328 6
3207 2348 77
3207 2300 18
3207 1751 30
3207 3793 30
3328 1735 52
3328 2307 96
4034 89 75
1993 24 97
24 2890 15
24 2712 92
24 2243 79
817 511 90
1035 364 79
1035 917 94
1035 1680 75
1035 3036 35
1035 1392 70
364 81 42
4235 118 99
118 3675 67
118 3175 19
2057 2292 30
2057 1787 78
2057 1829 44
2057 4230 52
2292 4387 57
1481 3099 80
1481 1778 10
3099 2017 64
3099 2364 74
3099 1795 92
4163 1404 84
4163 1090 40
4163 3015 78
1313 4037 85
1313 1613 56
1233 1966 33
1233 1218 98
1966 1211 97
3167 2204 40
3167 2148 72
3167 3959 22
1402 3358 20
1402 2764 21
1402 842 69
1402 210 92
3358 2041 41
3358 2281 46
3358 183 68
958 4133 4
958 3334 47
1853 903 41
1853 280 38
1853 2948 72
903 3805 71
435 1726 16
435 1124 82
435 1793 76
1726 3139 20
816 2895 19
816 3255 34
1163 1206 10
4418 3646 42
4418 863 99
4418 2644 39
4418 3680 31
3646 1710 60
3646 3322 91
4257 1405 39
3506 2093 98
3506 3906 29
3506 3391 28
3506 2301 56
3506 370 75
1756 3233 78
1756 3255 14
1756 2329 93
1756 143 57
1756 4197 48
1756 1720 78
688 3070 14
317 272 82
317 3244 97
317 3264 73
272 188 24
163 2650 60
163 179 74
2650 328 89
1221 2266 3
2266 999 100
2266 1296 41
2266 2607 52
975 673 4
975 1886 24
673 1122 78
673 4404 98
822 141 6
141 3685 8
141 4407 62
155 1328 1
155 1823 26
155 4145 68
1328 3461 95
1328 473 10
1328 1291 44
1328 1463 100
2488 473 2
2488 3160 4
2488 2221 34
473 3700 29
473 4140 56
2087 2048 81
1441 1550 54
1441 1396 65
1441 1540 2
1441 2919 82
1441 1127 83
1441 2926 22
1550 3071 92
801 2329 27
801 3017 52
801 1752 78
801 1374 64
2329 2822 17
2329 1299 97
2044 3842 61
2029 2431 5
2029 1517 76
2029 3812 96
679 2095 27
679 1279 60
281 3486 37
281 643 82
281 659 88
3486 2363 32
3486 2703 39
645 3625 48
645 2996 98
3625 1214 28
3625 2101 57
2524 2981 23
2524 75 70
2981 2037 78
2536 851 37
2536 2740 1
851 453 35
851 1466 92
214 3591 73
3629 3498 1
3629 3064 53
3629 1826 97
3432 1158 1
3432 1498 78
1504 75 93
1504 2228 88
1504 785 83
1504 1294 100
1504 3438 77
75 393 48
3971 3915 75
3971 2584 93
3971 1244 90
1475 3873 29
1475 2274 60
3873 3690 99
2196 1649 44
2196 2218 94
2196 3297 39
1649 1234 98
1649 3292 91
2041 3280 80
2041 2274 12
2041 689 18
4164 1436 60
2232 2736 12
2232 4134 17
2864 4396 98
2864 2838 85
2864 3745 86
2818 3045 70
351 2972 82
351 709 10
107 3390 83
107 4259 52
107 1920 48
1892 4050 77
1892 3565 22
4050 664 15
4050 978 18
3859 101 10
3859 2001 12
66 848 91
66 3323 75
66 3641 28
66 2838 87
848 1203 83
848 3059 77
4250 1335 75
4250 3482 6
4250 1339 3
1335 602 41
2150 2247 17
2150 1794 20
2150 3898 1
983 3723 48
983 4039 91
983 3230 17
2301 2276 78
2301 2607 43
2301 2362 49
2001 620 69
2001 3698 24
2001 303 94
620 917 65
4062 3469 87
4062 1355 96
4062 3723 30
3469 1588 28
3469 1514 1
3469 1672 28
3469 618 54
3469 4296 19
755 811 32
755 1123 48
755 3727 68
811 335 20
811 2945 43
811 3133 48
1876 2953 80
1484 4110 30
1936 799 30
1936 3321 63
799 881 88
799 1769 89
799 1456 32
799 72 58
1924 1672 26
1924 684 3
1924 349 95
1924 3619 4
36 1868 84
36 4116 8
36 3411 64
1868 3414 52
4356 582 44
4356 3879 75
952 3950 26
952 2872 6
375 834 39
3621 396 25
3621 4128 87
396 1127 54
308 1310 85
1310 1061 65
1310 3805 78
3281 2939 96
3281 3435 46
2939 3594 59
2939 1813 25
2939 3794 46
2797 459 98
2797 1945 40
459 2798 41
1362 3530 83
1563 8 92
1563 9 48
1563 3968 16
1563 1524 5
1563 177 77
8 3312 44
8 2331 54
8 1801 17
917 112 66
3892 4186 40
3892 2723 72
3892 2273 6
3892 528 31
2659 3393 42
2659 2943 70
2659 4395 57
2659 3670 53
2659 1263 46
2659 3498 3
3393 314 38
3393 946 15
3393 2219 36
370 614 4
370 3856 6
614 4409 89
1724 2578 20
1724 3110 62
2578 2380 26
2578 4207 35
2578 2917 39
2578 1857 39
2578 2200 49
2245 12 100
2245 3788 17
2245 907 57
2245 4103 36
12 659 71
1519 3645 3
2556 2727 16
2556 2018 9
2556 3465 83
730 2348 14
730 310 86
730 1295 91
2683 3370 3
2683 2167 12
3370 1109 57
4195 1189 84
4195 3524 47
1376 3395 70
182 3117 52
3117 1934 90
3017 3079 47
3017 1705 47
1473 2170 90
1473 3043 10
2170 689 58
4096 1932 33
4096 2991 49
4096 1626 27
1967 3309 81
3309 3006 29
3309 970 23
3309 1179 20
2073 3146 17
2073 105 93
2073 4023 33
1437 4263 93
1437 2862 48
1460 3321 74
1460 3938 10
1460 1170 41
3321 4144 42
3321 1491 52
1898 503 9
1898 759 8
1898 2839 53
503 2442 11
503 886 35
503 2946 82
3693 3607 91
3693 3661 73
3693 4022 66
2758 3136 15
2253 4143 92
2253 259 35
4143 770 16
1371 2771 79
2664 3267 38
2664 2850 42
3267 4416 45
926 2108 40
926 4430 12
926 221 6
926 3718 70
2108 3520 48
112 198 23
112 2063 100
198 1386 65
3198 1813 13
1813 1680 91
1813 1771 25
2260 1749 42
4027 349 70
4027 2217 86
4027 779 3
349 1114 13
349 301 68
577 4366 23
3095 1529 65
3095 3345 5
3095 1619 79
1320 3464 37
1320 2417 46
1320 588 15
871 3644 16
871 3423 71
3103 340 83
3103 3213 96
3103 4035 1
340 46 3
340 445 56
340 533 72
340 2703 54
1111 3573 100
1111 1578 32
3458 3014 88
3458 681 48
3173 2354 1
2354 4081 45
2354 4003 52
2354 3341 89
2354 3526 85
2978 1099 43
1099 1146 63
1099 1567 35
1578 664 51
1578 3373 87
1578 683 96
4268 3579 46
3579 2865 8
3579 2370 13
3579 3423 34
3579 3391 59
3098 1862 61
3098 1045 97
1197 588 68
1197 2100 20
2442 3657 26
2442 844 52
1654 3520 10
1654 2612 77
1654 3711 17
3520 1397 67
3520 1503 36
2017 328 54
2017 1750 16
328 2002 34
328 3483 93
2303 1832 91
2303 2931 11
2303 615 22
1199 733 95
1199 2229 99
1199 1669 88
1199 439 66
733 4372 75
733 266 63
733 1921 87
4366 4017 56
4366 1630 44
1373 3684 26
1373 4284 33
1373 2103 78
3512 2729 44
2463 2667 11
2463 680 27
2463 502 3
2114 2422 92
2114 753 85
2114 3072 100
2114 1280 52
401 3639 31
401 581 31
401 1616 53
401 2915 48
3639 2979 24
2148 3186 52
213 132 56
213 2069 61
132 3012 8
2353 4324 23
2353 655 69
2353 3116 35
4324 228 42
136 3129 29
136 2750 8
136 33 64
3129 3942 68
3129 797 26
3844 1808 42
3844 2686 53
3844 2969 69
3844 2403 38
1808 1142 46
998 3573 95
998 4290 26
998 4377 85
998 2388 53
3837 3799 58
763 4044 26
763 2221 54
763 1573 89
3727 985 6
3727 4340 76
3727 3790 94
1720 604 93
3911 310 56
3911 1584 10
3911 767 80
310 2228 41
310 3234 30
2733 2534 35
2733 1032 23
2309 209 28
2309 2474 37
209 1353 50
2084 179 94
179 1705 7
179 3359 61
2817 702 41
702 2819 81
702 1529 42
2819 612 47
2819 2686 93
612 862 4
612 4294 72
612 2903 1
612 1922 26
2838 3214 38
4306 367 92
4306 3521 7
367 2617 30
367 231 4
367 770 70
3333 4209 7
3333 2527 63
3333 288 28
3244 3332 47
3244 2457 43
3244 2285 3
3332 1647 51
3332 1932 48
3332 219 39
3332 1469 79
4118 947 76
4118 3974 19
4118 4365 87
4118 3500 29
4118 1343 38
2092 539 87
2092 1896 83
1273 927 35
1273 819 3
927 4203 72
4261 2411 65
4261 4353 25
765 1307 16
765 1567 10
947 3995 24
947 2619 44
484 2212 36
484 1478 52
484 1021 86
484 3645 95
2212 3705 52
2212 4066 6
3560 4439 93
3560 78 29
3560 1110 14
4439 1666 21
863 1598 12
863 2566 13
4353 824 26
4396 2313 4
4396 1299 31
4396 1986 58
4396 212 63
4396 618 86
4371 1385 53
29 2886 44
2989 3482 14
3482 3454 68
3482 1752 81
3482 2391 15
3482 3564 31
3482 1468 5
1787 838 77
738 1118 10
738 123 38
738 1883 48
738 3483 32
1118 4271 80
1118 4085 40
3927 3322 20
3927 886 23
3927 3803 46
3927 1403 72
3322 1336 2
1852 2417 26
1192 3166 77
1192 3339 55
1192 3854 17
1192 744 76
1192 4056 4
3166 3976 30
381 4130 17
381 1459 9
4130 1171 68
4130 790 56
1323 3325 34
1323 1629 99
1323 3620 49
3325 365 9
3325 1176 14
1422 2662 65
1422 4437 57
3899 105 33
3899 2586 26
3899 1242 68
105 1169 41
105 4285 16
3050 306 63
3050 407 3
3050 284 9
3050 4119 32
3050 3316 18
480 2644 53
480 2155 94
957 3894 50
957 1478 79
957 1829 46
3894 2754 30
3894 3052 31
3894 978 15
3894 1054 12
4140 4410 82
4140 3316 66
1542 3445 64
1542 4296 82
1542 366 59
1542 3498 41
4095 1995 25
1680 3288 13
1680 3231 50
3235 1042 4
3235 3107 73
1042 4081 99
127 1066 53
127 2607 21
127 3698 16
1066 1950 7
1162 500 61
500 3788 1
500 2055 11
500 949 18
1906 2422 54
4335 3786 26
4335 4231 24
4335 3010 43
4335 3557 92
3786 4187 80
776 2948 40
776 1166 95
2948 3061 97
2948 931 35
2948 3447 62
2612 1889 58
4082 1447 57
4082 103 43
1447 670 79
3489 1374 57
1374 2943 66
1374 3827 14
41 2161 2
41 487 53
41 648 42
2089 3003 33
2089 338 67
3003 1306 98
1661 3131 79
1661 2376 66
3131 2233 42
3131 178 66
60 379 42
60 1712 37
60 4420 28
379 1897 96
379 3275 50
3010 611 97
2440 67 77
2440 4057 3
2440 1546 33
2440 2525 59
67 3672 38
67 3241 88
119 153 2
2979 412 25
2979 3041 44
561 3792 96
561 377 99
3792 2080 43
3792 3586 29
166 2316 93
28 4145 65
3627 3955 51
3955 3509 50
3955 486 46
3955 2060 60
3955 3700 60
3270 4069 18
4069 563 89
4276 878 45
4276 754 16
4276 1049 4
878 3263 11
878 2174 39
878 911 97
878 3078 85
1530 1403 78
1530 3210 99
1530 3019 37
1403 675 29
1403 453 92
1403 864 82
1588 2518 96
1588 1747 86
1588 3472 15
1588 3758 19
1822 3931 4
1248 2146 39
1248 838 85
1248 4148 41
2146 2580 97
2146 2407 99
2146 544 4
2254 3957 63
2254 3227 71
2254 3774 50
3957 3570 44
1319 305 47
1319 3295 2
1319 192 7
1319 2927 6
305 1269 81
305 657 31
305 997 55
1951 3581 54
2900 193 100
2900 1585 86
2900 463 30
2900 3331 35
193 412 25
429 3172 10
3172 2798 66
3172 925 53
1433 1872 54
2644 3597 27
4363 187 73
4363 2235 51
2691 3541 75
3982 1404 55
3982 2713 30
1404 1614 4
3598 4144 41
4144 3723 31
4144 1908 26
3160 3195 14
1863 2678 34
1863 3088 49
1863 2058 9
1863 925 24
2678 1 27
2678 2821 85
2678 2401 59
2678 3697 20
772 3122 48
772 3810 29
772 4401 1
772 2796 91
3122 3533 51
3122 483 22
2856 1250 56
2856 4201 96
2856 2968 28
1250 2002 32
1250 239 95
1185 1950 12
1185 3151 74
1185 923 98
1185 778 70
1950 4352 18
3931 2991 24
4207 4283 7
4207 3345 74
4207 3265 73
4207 2933 18
4283 3755 31
2529 1317 52
2529 3755 17
1317 2154 54
1317 1397 17
1317 1266 60
1317 3149 99
1253 1785 49
1253 440 63
1253 2153 92
1785 2798 71
1785 933 30
47 1786 48
1786 216 100
1786 3435 97
1786 795 74
1786 1626 16
2570 628 72
2570 253 69
2570 4087 9
4133 366 70
3014 3123 25
3739 4226 8
3739 1353 31
4226 299 4
3988 2498 26
2242 1424 5
2242 204 2
2242 1640 7
3088 2381 85
3006 1573 76
3006 342 6
3950 395 87
4185 3018 32
4185 1169 99
4185 3867 73
3018 4093 83
3018 1903 9
1567 2179 37
1567 1827 88
1567 85 61
2179 3762 95
2179 1378 4
3124 2139 53
3124 177 1
2718 2040 15
2718 3527 35
2718 902 69
2040 1141 15
2040 3769 9
2040 3569 11
1673 1747 97
1673 940 45
1673 3339 83
1747 4111 43
1747 4240 46
1747 3048 35
4116 404 39
4116 3141 75
4116 2787 50
4116 205 65
4116 530 96
404 61 71
2698 395 28
2698 3063 38
1469 3916 68
2398 82 31
2398 660 5
1384 2446 93
1384 3411 100
1384 3850 88
1399 2663 27
1399 2363 22
1399 716 53
2663 2952 64
2405 1781 77
1781 563 17
4127 2289 5
4127 3757 81
4127 3275 8
4127 1825 1
4127 552 41
3063 524 28
3063 470 76
524 2145 68
524 857 72
767 1089 78
1565 314 62
1565 89 11
2004 1375 28
70 2021 51
46 113 34
46 790 54
46 338 15
3724 222 96
3724 2424 2
222 511 70
222 1711 26
222 3338 100
2313 3422 8
3422 3336 19
3422 1085 63
3422 1770 53
3854 877 70
3854 1196 9
877 59 68
877 3513 10
3351 2696 94
3351 4220 19
3351 1483 32
833 4272 42
833 2686 89
4272 1832 91
4272 2428 79
4272 3897 58
3389 1791 53
3389 2229 28
4162 164 82
4162 3698 7
164 3663 24
164 2060 89
74 2934 25
2934 1141 86
2934 3478 51
2503 1517 48
2503 442 53
2503 554 41
1517 2243 79
2076 4042 8
2076 1559 13
4322 1740 53
4322 466 23
4322 3510 22
4322 4248 30
1740 3229 100
1740 2323 100
1740 2660 79
1119 2062 23
1119 3106 22
2062 3329 7
2062 3366 11
705 4409 43
1160 3043 54
2175 2143 74
2143 591 47
1902 4365 28
1902 2244 3
4365 291 26
4365 4160 83
977 2654 7
2654 1844 40
2654 3402 43
549 1884 42
1884 470 91
607 2322 90
607 4126 34
607 181 38
142 2544 64
2544 2042 73
3562 338 6
3562 3876 54
3562 906 68
338 988 8
338 1012 27
338 3294 68
338 717 1
1330 797 3
1330 252 46
2027 1895 27
2027 3676 60
1895 546 3
3761 2178 98
2178 1074 2
2178 4425 11
2653 2343 29
2771 3818 37
717 3703 75
197 3630 86
3729 4267 96
3729 3239 73
4267 2272 67
4267 470 60
4267 2931 27
4311 2237 63
2104 2220 53
3644 526 3
3644 670 37
912 1887 83
783 1013 20
1013 819 40
1829 1083 81
1829 2850 18
1829 574 95
1829 1576 69
1829 857 60
3200 3385 5
3200 204 15
3200 1520 81
3385 1291 12
3385 4280 82
1030 909 10
1030 1264 34
909 3308 44
909 3394 79
909 3535 97
237 1622 55
237 2136 36
1622 1831 19
228 277 36
228 3925 7
942 978 11
978 3053 48
333 3574 88
333 2629 98
3574 258 37
3574 3363 47
3574 2551 7
4081 4187 92
1214 215 4
215 617 27
758 3525 21
758 3719 45
3525 3657 88
3525 4300 12
1405 499 45
499 3921 79
212 3080 6
212 3552 2
3080 3344 47
3080 3744 100
2243 3951 32
4231 4097 73
4231 3239 53
4231 162 69
4097 2110 99
4097 3403 9
4201 40 48
4201 1482 63
4201 2975 23
4201 3162 81
2014 2693 74
2014 4293 66
2014 2844 62
2693 2497 4
2879 2684 44
2879 187 22
2879 139 81
2879 4343 35
2684 3774 5
2684 898 44
2684 4171 44
2684 3417 24
4003 1520 45
4252 4128 37
4128 4351 47
4128 2949 63
4128 1409 97
4128 2324 100
4128 1627 42
3509 3283 92
167 377 47
1962 3548 22
3548 2648 29
3150 1211 29
1821 820 44
1821 334 49
1821 3745 82
1821 1507 18
820 2425 84
820 602 53
916 847 40
916 2180 52
1883 1700 61
3910 2280 12
3910 1242 54
3318 3170 72
3318 1515 85
2628 226 90
2628 2811 23
2628 2250 72
226 1175 4
226 2055 87
226 3373 6
285 3497 12
285 227 51
2357 3746 17
2357 2457 40
2357 3116 47
3746 1596 8
3746 2438 89
3556 735 6
22 3958 88
22 4351 39
22 1862 33
3958 3797 94
3958 1167 24
1331 1257 32
1331 1682 28
4092 4026 29
4092 707 44
4092 2218 34
4092 3352 65
3291 2927 28
2927 2055 34
1186 3765 80
1186 3420 20
1186 2132 87
2915 4230 71
4382 2924 37
4382 1937 15
4382 729 32
4382 655 41
2924 3383 27
2924 137 18
3193 4326 5
3193 2291 35
3877 4 21
3877 1597 51
3877 4199 61
2610 3939 61
2610 3565 30
2908 3029 50
4410 2469 86
2469 4009 3
2469 2802 42
3072 1826 31
1826 754 54
4093 3665 54
4093 3442 7
3407 443 42
3407 3537 20
443 2919 7
443 4214 7
2976 2374 79
2976 3162 31
2976 4058 89
2374 3174 65
2374 3329 70
1980 3052 65
1980 1806 70
3052 1516 46
3052 1784 54
3052 2647 14
1189 4425 21
3275 658 21
3275 3994 17
3275 3255 88
3275 2149 75
658 2158 86
658 1640 77
658 2775 74
1603 2602 43
1603 2670 38
3659 4149 65
3659 3781 25
3659 753 93
4149 1205 10
4149 3993 5
4149 2476 14
3757 547 91
1142 2174 87
2765 1143 94
2765 2038 35
1143 974 43
2288 894 50
2288 1201 64
2288 2992 70
2288 2043 24
894 1523 60
894 1539 44
894 2841 54
3271 1575 49
3271 3924 95
3620 999 10
999 2181 71
2903 2032 68
2903 447 29
2903 3176 36
2903 3582 98
2903 10 23
2032 4117 50
3916 1265 9
3916 3821 39
3916 2577 48
1265 4086 70
2220 440 42
2220 2259 87
2220 572 22
4319 1220 59
615 660 32
615 410 99
660 4017 28
660 1239 34
660 356 88
1887 2042 98
1887 2479 97
2042 1529 21
2042 3400 8
2042 3533 78
2042 3655 17
3661 4000 92
2964 1018 92
2964 752 98
2964 3769 71
1018 2025 70
2003 3457 51
1246 369 78
1246 1166 27
369 3678 66
369 4264 73
369 4013 62
3000 1662 75
3000 4214 15
3339 1 38
3339 856 58
3339 623 29
3339 2685 58
1707 3414 39
315 2753 67
315 4359 96
315 2872 11
315 834 51
2753 1935 4
819 3675 56
3797 2216 55
2216 3753 31
2216 1755 95
572 2072 78
572 3300 20
2072 3780 37
885 27 20
885 1486 66
27 3674 30
27 3136 99
2520 7 100
2520 2183 57
2520 2378 4
1411 2299 10
1411 2573 97
1411 4340 57
1283 3616 71
1915 3452 54
1915 3581 96
1915 674 21
1190 1869 27
1869 3495 18
1869 4405 92
640 2395 90
4117 4401 92
2625 2726 98
2625 2377 79
2726 2586 85
2726 1696 32
3527 391 92
3527 3023 7
2109 2103 46
2103 1944 5
1583 3033 43
1583 2949 79
3033 56 38
3431 4398 18
3431 2386 100
3431 1085 36
3431 3980 9
4398 360 97
1832 2552 33
961 846 97
961 1342 70
961 575 90
961 1296 45
961 3457 34
1176 1135 57
1135 880 79
1783 3162 30
886 2140 23
886 3265 67
2525 4391 38
2525 3772 78
4391 2010 75
4094 4193 52
3278 3130 72
3278 1151 73
3278 3008 36
3278 2555 76
3278 258 81
3130 4074 31
3698 3247 39
3698 4262 57
372 3595 24
372 687 1
3595 3290 10
2603 4098 19
2603 4191 9
2603 1456 80
739 3002 63
739 1569 56
3929 2105 41
3929 3077 87
3929 52 86
3929 4056 8
2105 3147 28
2018 1937 82
2854 3612 80
2980 1108 30
2980 2496 99
2870 3215 13
2870 1922 78
3215 3064 29
2446 2282 23
2446 2308 90
2140 3403 60
694 1461 11
2233 3583 75
4332 3511 31
3760 2828 82
3760 3081 74
304 1145 71
4421 1965 46
4421 2518 77
4421 3510 99
4421 2477 30
4421 386 91
4421 2836 65
3597 3690 68
3597 1930 62
4165 667 10
4165 3961 92
4165 2738 5
1449 3671 33
1449 30 25
3959 3249 80
3959 4202 45
3091 393 39
1094 3572 63
1094 377 36
1094 900 31
3572 20 92
3572 231 100
3572 990 11
3572 1675 41
491 200 22
491 190 21
491 1112 55
491 3744 11
491 3734 11
491 2106 40
3557 2646 94
3557 3734 9
3557 689 36
3672 337 22
2261 3272 9
2119 2907 90
2119 1690 46
2119 2766 21
2119 2757 28
2907 514 90
2907 439 67
431 191 85
431 2808 31
191 4305 86
191 439 32
191 3535 92
191 884 7
3932 2813 61
3279 3341 12
3810 3696 49
3810 4247 80
881 2970 55
3878 1078 9
1706 1679 14
1019 3323 7
1575 3777 78
4367 1349 4
4367 494 62
1349 2391 44
4372 61 24
4372 2456 23
3350 483 50
3350 2711 25
3350 1500 2
3350 4183 90
3350 463 83
483 2059 77
1932 3320 46
1932 1866 89
1932 4347 79
3320 2094 41
3320 4136 61
3320 3568 52
482 2415 29
482 2731 85
482 3005 96
3029 3721 46
3716 2326 78
3716 382 34
771 217 86
771 302 27
217 3766 78
217 3206 34
217 4340 99
1195 1168 24
3803 2381 88
3803 1015 16
2381 1288 10
4352 1581 45
1346 2279 85
1346 2131 45
1346 2998 61
1346 1132 13
250 752 57
250 3059 67
250 2894 47
250 2135 17
250 2420 76
250 1240 1
752 2 42
4072 2532 53
4072 3331 42
4072 440 28
1073 122 90
2617 2419 29
2617 770 19
205 1750 78
205 113 10
626 1990 80
626 2966 100
626 1584 51
626 383 8
1990 2970 60
1990 3743 35
2607 1499 56
2607 3780 40
2607 2732 25
2607 2921 56
2764 5 85
2764 2413 98
2808 4009 96
2808 4349 25
2808 2476 6
3383 1824 78
1476 2861 83
2861 4021 21
2931 502 21
502 2080 52
502 4404 29
502 2776 64
3941 2923 15
513 2798 69
2901 265 16
265 2853 61
265 2715 37
1612 4369 88
1612 302 75
1612 1356 34
571 291 80
291 1767 12
291 1770 42
3678 2408 85
3678 2201 88
1744 1851 62
1744 4203 77
1744 1307 57
1851 2713 23
3834 1955 9
3834 4086 58
1955 2637 42
1955 1793 69
1955 1492 78
2801 1696 80
2801 775 97
2801 4320 95
342 2269 62
342 2030 13
342 2918 81
2269 360 61
1782 1188 11
1782 1677 6
1782 4284 79
1188 3796 100
1188 3770 7
1188 925 63
1188 3564 31
1188 2871 41
248 1856 77
248 984 85
4400 617 43
4400 1446 35
3378 3711 83
3378 76 52
3378 3921 67
3378 3670 65
3378 3059 34
3711 68 48
3711 2715 72
3247 96 7
3247 1534 88
2702 3944 93
2291 2672 52
440 4345 32
262 1394 13
262 3199 91
1394 4373 4
2509 4189 51
2509 2238 67
2509 1295 31
4368 3825 20
4368 2505 96
2265 2539 100
2539 955 23
4188 522 9
4188 452 95
4188 3477 69
522 4031 6
288 2244 93
740 3688 23
3688 2677 72
3922 3356 20
3922 3561 89
3690 1487 19
4152 4282 75
4282 2947 57
4282 1660 57
4282 526 20
3468 1505 22
4124 1619 42
4124 2228 30
4124 3175 93
775 2736 98
775 2567 21
893 3112 45
893 2131 41
893 3337 46
753 3843 55
753 4183 80
3843 1560 17
3843 2217 39
3843 4349 33
1901 923 51
1901 386 35
1901 2853 67
1901 3403 17
2677 1553 77
3373 2467 1
3373 3886 7
3373 4016 12
1004 4108 39
1004 3292 38
4108 3684 91
4108 3772 71
4108 3610 26
4098 3096 65
4098 1419 42
2542 3907 57
2542 1527 41
1543 3237 72
3237 1058 47
2871 2425 85
2425 1361 78
1279 2310 80
1279 2965 85
1279 2401 52
442 3602 37
442 2382 96
442 221 33
442 3113 35
442 2235 95
1231 1734 80
1231 3049 29
1589 344 64
344 1012 74
344 115 2
277 1154 53
2515 2149 76
2515 2422 4
2149 1020 75
2149 2316 17
2149 1058 47
2094 2744 23
2002 3544 27
2002 122 96
2002 4433 57
1486 2426 64
1486 122 69
541 506 57
506 4078 53
1848 1576 35
1848 4053 68
1576 714 72
1576 185 80
398 949 31
949 928 85
451 1596 81
1976 2213 27
2213 1014 29
73 1145 59
2268 1277 5
2268 3 65
576 563 61
563 430 72
563 188 80
3796 2761 64
3796 4086 82
3796 3921 41
148 2436 52
148 3794 22
148 2786 38
2229 839 38
1491 2738 5
3265 2766 68
3265 3478 20
4254 130 13
4437 4436 43
4437 1842 63
657 2460 67
657 3663 29
100 2790 64
2331 870 51
984 2323 94
1956 3011 36
4042 3953 53
3766 2715 62
2397 2081 52
2397 2252 93
2397 1196 43
2131 3775 81
2131 1045 61
3323 452 10
735 3227 12
2768 259 40
1444 3114 63
1444 1210 50
3114 4212 6
3852 4051 56
3852 445 99
1904 2882 9
1904 253 93
1904 1515 70
2882 2565 43
2882 2400 86
4387 2358 12
4387 4285 4
2096 2984 47
2096 1345 4
2886 2626 68
1757 2312 99
1051 3772 26
436 1182 76
436 3471 80
1182 2533 54
3966 2916 58
3966 773 59
2916 1617 52
1505 3668 44
1505 2999 28
1505 243 58
3668 1641 15
3668 1614 18
3438 3381 91
3409 4415 58
3657 4325 48
2468 3566 86
3566 58 70
3566 4407 43
3566 1933 10
3566 2244 89
3566 2285 26
3976 3139 56
3976 2230 84
3241 1596 4
3241 2575 69
3241 20 81
3241 3736 72
3241 3726 29
1596 43 92
3454 3177 100
1837 3352 36
1837 3848 50
1837 3928 100
1837 4359 63
3352 722 7
3352 3808 11
3352 2262 65
2739 1021 55
103 10 42
103 290 61
3789 1056 3
3789 2714 57
334 4105 73
334 357 51
334 1712 1
1889 1729 34
1889 339 36
1889 3123 25
1436 3274 28
1436 208 99
447 2596 62
447 797 68
2596 2728 53
3296 1501 45
3296 2574 25
3296 1266 96
3296 1500 50
2952 108 60
2952 2422 67
2952 4086 13
3862 388 79
1978 2877 69
1978 3720 37
2877 754 62
2877 1571 48
2407 1286 16
2407 1364 3
3532 3427 92
3427 4175 2
3565 383 80
9 515 93
9 3004 24
1175 1032 34
3159 1389 4
3159 114 7
1389 2286 29
1389 3944 26
4148 2594 14
4148 2961 95
2283 1039 30
1039 789 38
1039 1640 16
1039 2278 53
2194 3300 59
4172 3403 17
4172 4270 63
4351 3513 63
4351 2562 90
3513 4330 34
1535 2633 81
1535 4090 34
1237 3649 64
1700 4208 66
1700 1670 21
452 106 61
2736 2113 27
2736 1497 67
2736 1729 64
2049 2881 18
2049 1888 37
2049 3868 95
2881 3376 38
3343 1500 65
3343 403 88
4111 1372 62
4022 1378 82
4022 568 36
1378 784 28
1020 1659 83
1300 883 55
883 1548 28
2713 3028 93
3028 1063 21
1934 1930 75
1934 3419 20
1372 273 41
1372 346 31
273 4246 89
273 2428 70
994 580 64
994 2426 22
994 3217 77
994 3132 3
580 2624 85
3292 3227 15
3292 1954 28
526 1466 63
526 1296 3
1466 3605 49
1466 2090 80
1897 2366 30
3112 3544 88
3112 830 52
4248 919 100
4248 2673 28
4248 1564 49
2492 4393 81
2492 2987 45
4393 1407 87
78 2302 86
933 2534 67
933 486 60
2534 343 15
3417 2849 38
3417 1085 32
3417 1200 43
1153 2566 80
955 1008 45
955 4293 1
1008 4146 73
53 3605 41
53 2064 82
3605 10 50
3605 479 38
2153 2090 92
2153 689 15
2090 3067 66
2077 3106 70
3106 176 10
3106 1568 42
3106 4300 44
3106 84 40
1037 1193 41
2238 3770 84
2238 2419 16
2238 2646 69
2264 113 69
2264 3703 87
113 4217 96
1560 1606 76
1533 295 32
1533 2786 78
1533 1908 59
371 3569 87
371 2590 16
611 1258 84
1597 1464 45
1597 4289 57
2527 1097 51
2527 1038 83
2527 3073 93
2527 2681 23
1097 2211 30
1773 1377 97
1773 4355 23
1377 3139 33
490 3127 69
4086 3753 2
4086 3439 10
4086 1076 45
4086 3353 15
2740 2417 44
2740 2219 7
1537 3972 91
486 3938 95
486 1958 69
2552 2144 30
2144 2933 20
2144 287 48
239 3436 73
1882 4085 96
4085 2728 78
4085 1687 75
1579 2874 26
2586 2690 15
2205 1047 2
3875 1093 10
3875 3848 20
1240 1036 92
1036 1370 3
1036 3471 27
1036 3590 40
3965 2127 3
3263 407 49
3263 925 12
407 58 60
407 3705 27
4026 4029 26
4026 2809 12
3044 1024 34
3044 2372 90
3044 4200 69
3044 241 93
1024 990 11
259 1361 83
2811 2071 8
2811 3346 98
2071 2443 14
3591 203 41
3665 3467 35
1131 1095 75
1131 744 12
1131 2010 62
1131 2545 74
1095 3273 47
1568 91 59
91 793 19
2695 3654 3
2695 4389 36
2695 326 14
2695 2206 47
2695 3414 100
3696 4346 49
3696 87 91
3696 2026 40
1746 3045 58
1746 1961 99
1746 1687 99
1746 2846 2
3045 4321 78
3412 3584 94
3412 2921 4
3584 1937 52
3584 3881 19
1085 234 10
1085 2200 73
2211 3037 8
2211 1016 82
2759 2064 21
2480 3886 94
2480 2413 94
3886 731 99
63 623 86
63 2555 8
390 3210 63
3210 2322 95
1278 1676 7
1278 979 58
1183 2921 11
4425 2597 67
4425 1648 51
4425 1222 10
2597 64 45
2597 2685 85
2287 4247 33
4247 862 56
2051 2481 68
2051 3484 25
2481 402 52
3660 4142 9
3660 1501 49
3037 3068 81
3068 3807 76
204 413 30
204 4065 10
204 2501 13
643 3812 28
2667 4065 95
754 2026 19
754 4065 98
2557 2297 20
3101 3735 68
3735 1921 25
3735 1686 20
1676 2235 58
594 507 7
594 423 69
594 2355 6
3677 1584 69
3677 3719 85
3677 2706 79
1584 4141 19
4198 3829 72
4198 1738 75
3829 3986 54
3829 54 95
3829 2774 8
4290 3056 6
4290 4224 45
3703 1772 50
3703 3225 100
3703 1983 91
3703 1663 10
4036 1660 55
3670 2779 81
2779 2859 19
2779 2868 80
2779 2987 39
2779 3213 56
3295 784 9
3295 3116 73
3295 2368 21
61 3812 21
1390 4277 59
263 3898 32
54 1157 94
54 1208 55
1157 4049 40
1157 2728 63
537 779 10
537 3472 53
537 3952 39
779 3437 26
2126 1021 1
2126 2574 28
4271 988 92
4271 1263 94
231 2925 36
231 4114 100
108 280 88
108 1949 17
108 143 64
4017 4120 76
143 1382 15
1154 2635 62
1154 2187 29
559 813 95
559 1944 14
813 4206 83
439 3032 39
439 1122 81
1033 2918 1
3780 2777 70
3780 2294 9
3780 4280 41
2777 3747 100
2777 2124 50
186 2315 2
3218 2487 58
3061 2641 6
3061 2328 59
1862 1076 83
405 2218 78
2218 3251 25
4197 1598 59
34 3546 89
34 1166 66
814 106 72
106 324 2
2272 857 57
3069 335 16
335 870 9
335 2419 24
3594 3978 80
2919 1618 46
1618 3285 10
1618 1938 59
4070 3077 72
1608 512 78
1608 2668 9
3523 2938 53
3523 922 88
2938 4364 99
2490 2246 39
3498 4278 9
3498 3399 77
3498 1606 68
931 1184 33
931 3530 94
2058 3338 1
2058 533 23
2058 2273 78
2058 880 77
2058 1126 27
3338 2461 26
2158 4433 82
3 1789 32
3 2763 59
3 1590 58
4058 1670 2
4058 4370 83
3077 2555 44
670 3774 87
3146 690 49
3146 3790 29
690 1196 70
3391 2982 78
2982 2791 65
2982 2513 79
3772 3973 85
3772 768 74
3206 1846 6
3206 3719 54
3206 3419 89
1846 528 90
475 4364 91
4364 4414 43
4364 3395 51
4364 303 25
4364 3564 58
4364 3353 24
1963 1365 26
3544 3626 50
3544 319 78
1712 3919 5
1366 555 57
1366 428 82
2228 3590 93
2228 3767 12
3938 4240 53
539 68 19
539 4220 99
1733 744 77
1733 2646 78
744 648 54
1241 4102 15
1241 1043 66
1241 2250 94
1241 283 3
1241 1235 92
4102 3329 4
4102 1871 83
528 1774 37
1774 32 28
2731 784 52
2731 2791 93
4203 51 64
4203 857 11
4203 3049 94
676 2209 83
1607 2028 91
1607 3995 30
2028 378 63
2417 2345 15
2417 2491 61
2417 2757 3
2345 1210 89
2345 608 69
3195 178 4
3195 2922 13
178 110 5
3578 362 12
1307 579 62
1307 606 85
1307 3153 89
1307 170 97
579 2796 59
2055 3151 63
1121 3924 84
1121 2207 90
1121 32 11
3924 3640 73
2436 935 10
2436 3013 87
2436 3294 14
2436 2954 9
3248 1416 79
1370 3819 52
3889 68 43
1655 2668 96
1655 568 17
1655 1268 57
2668 1507 94
3440 3680 43
3440 2844 77
3440 3552 91
2790 3057 41
3057 508 87
1816 1180 63
1816 1711 37
1180 3723 22
2738 2322 48
3590 1224 66
3590 2629 15
3590 1415 18
1224 683 94
1224 4177 51
618 1527 89
618 2643 87
1527 2543 51
4246 206 91
4246 3094 89
4246 3676 77
2420 834 66
2420 1087 31
2420 2699 72
302 4006 35
3465 3683 23
3683 3250 72
3683 345 43
1557 1944 26
1944 1562 50
2230 4064 4
1276 3925 96
1276 1329 42
461 2967 23
461 3985 62
461 2106 100
461 3240 59
461 2259 52
2967 2224 5
1752 3824 42
1752 1122 90
709 2875 19
709 1234 21
709 1446 37
709 2844 33
345 1571 55
345 270 48
345 497 38
345 3880 33
1450 2033 6
1450 2339 66
2033 3705 25
2033 4191 44
1417 3771 48
3771 2467 68
3771 3719 87
2547 3687 78
2662 3054 45
1141 1814 54
4260 742 64
4260 2473 68
4060 729 37
4060 339 23
4060 915 64
1910 4125 33
1910 687 43
4125 3534 89
3680 1181 73
3008 4006 12
3008 930 61
3008 494 66
4006 2493 54
3552 4066 22
1540 4029 48
1540 1871 71
4113 2324 63
4113 3897 96
972 1196 58
3774 99 19
3774 3303 34
99 3884 3
1718 3868 3
3974 724 59
3974 1029 73
1634 3161 95
1634 2209 53
3779 2574 21
3779 3315 51
742 1549 98
988 2474 8
3953 25 61
3953 357 25
2394 3138 20
2394 4005 90
2565 4347 6
830 1973 80
830 2704 24
3972 1156 81
3893 3021 27
3021 2590 24
169 241 75
169 1298 1
3153 3043 6
3153 2573 31
3043 4357 44
2775 898 57
2775 3687 32
2775 1144 69
898 2111 12
2641 2814 56
2641 1168 44
3229 1615 28
1434 3366 70
1434 3196 44
3366 3519 94
68 3397 9
1640 2341 36
3596 3023 40
3596 1387 27
880 2763 92
1356 2075 27
1356 1749 13
360 1694 58
360 3519 31
1694 3505 1
3133 1896 5
3559 2706 34
3559 1068 82
2706 3268 13
4049 2337 86
2059 4031 41
2059 1005 52
1144 644 88
644 446 46
1287 1623 67
1287 4204 27
1623 741 76
1114 862 15
1114 569 34
2445 678 91
678 1770 75
678 3705 72
678 1501 27
689 2744 38
3076 221 6
3076 2416 41
2282 3181 26
2282 1407 24
280 602 42
3437 2563 13
2959 920 79
1545 1693 75
1693 624 81
4145 2136 22
2316 2426 21
2316 1282 25
2426 1770 62
3467 1234 71
3546 1132 62
3633 479 99
3633 402 93
479 3891 31
479 714 32
760 2430 7
2339 2648 53
2339 173 18
1184 3147 55
1184 845 92
1184 3653 45
3725 4110 3
3725 4109 79
2508 3752 91
2508 1046 99
3722 1528 83
1528 836 71
1528 714 64
1351 287 41
1351 1203 89
590 2271 47
836 4262 67
1203 3303 79
1245 4115 6
1245 3846 23
3867 1133 47
3867 3441 38
3867 1780 49
3867 59 43
1133 548 77
2787 3856 19
3907 1299 5
114 4430 20
114 2505 37
4430 1872 33
4430 4019 90
3032 230 92
3367 3738 15
3367 2450 100
453 3480 42
789 3744 49
789 430 94
789 2646 17
3450 637 13
3450 3307 79
637 1850 31
218 4294 77
1234 3762 1
1032 3478 99
1032 4030 47
3478 2195 14
3891 2019 41
2757 3327 3
3347 963 14
2745 1289 19
4213 515 30
4213 271 55
4213 4380 20
145 1235 72
343 130 8
343 3819 71
2473 194 75
2473 3623 8
194 4056 83
194 928 52
2965 139 49
139 4376 54
1064 2911 23
3519 2297 6
4241 2342 37
4241 1675 17
2342 4039 7
1933 4212 63
1127 4370 76
3046 1529 78
3995 1886 33
707 3308 57
707 3439 55
2321 1025 69
1336 3808 76
3315 2732 14
3315 2312 4
2732 3601 30
2914 1455 10
1110 1992 17
446 621 36
446 3884 15
621 3589 65
2917 3357 97
2145 3329 100
2776 3161 63
509 286 74
509 3593 44
509 741 14
284 3809 9
284 1038 73
319 3623 8
1879 714 82
1879 1495 92
714 553 45
785 2053 40
2619 1704 93
2619 3234 2
2361 2336 53
2361 1810 35
2336 1675 1
2336 4204 91
230 3640 76
4146 2935 1
4146 3300 66
1082 3967 99
664 3736 17
3217 2546 46
3217 1498 47
2546 1637 95
1952 1301 81
1301 743 40
2615 2511 17
2615 982 94
696 3827 6
1516 2837 4
1516 2208 71
5 1244 83
5 3073 32
3641 1638 46
2878 1117 84
1482 4377 60
4377 1665 39
4377 3007 8
904 979 68
904 3538 36
904 1677 89
1559 1198 21
2853 2530 39
2853 3855 97
2378 2766 57
2378 316 85
2968 4142 99
2602 1546 28
4404 3048 86
1734 3952 96
3250 2789 97
3250 1609 46
4220 1677 71
1210 2443 78
1210 766 25
3903 1554 82
3903 3245 58
1554 3113 28
1554 97 72
4256 299 47
299 1553 75
299 111 22
2538 3855 15
3855 3992 32
3855 3561 39
3331 1810 31
2252 687 80
3517 3563 3
2564 3496 91
25 3842 82
3664 4411 59
4411 3840 56
4411 1758 45
4432 1170 81
1170 1293 34
1553 1878 59
243 2061 29
2061 683 10
2061 2082 25
2061 1784 49
4010 2360 18
1150 2647 19
1150 4089 97
2647 3991 47
2383 4263 63
842 3334 2
378 295 36
295 1632 88
4293 1289 82
2872 154 6
4395 2604 89
4395 2191 87
2604 1005 96
469 1306 48
469 2403 62
3286 1166 67
3286 172 12
4321 1474 51
1866 1467 58
1866 2762 3
1467 4414 42
3472 158 11
2200 2224 77
4120 1034 83
4120 3005 34
1034 2545 4
1034 1350 4
3036 3975 28
2457 274 83
2457 324 5
2658 3363 1
2658 2826 89
3363 2128 11
766 3053 60
2714 1295 64
2714 908 95
1295 162 67
383 203 34
383 4126 25
2337 323 39
3239 72 1
3239 2692 71
1465 4147 67
1465 1916 2
1465 3721 78
406 3533 61
1293 1235 45
3397 2857 55
2857 4065 11
2122 3071 15
1616 2862 66
1598 1263 15
1263 4156 71
2167 2024 15
413 1749 50
413 1945 22
2863 2116 11
2863 1430 96
2116 1873 98
2116 3483 75
3842 3784 80
1735 245 20
1735 3897 10
3709 2827 78
4346 1299 46
1329 1419 85
1329 3827 52
2511 2793 55
2511 2892 72
172 703 70
172 1342 4
1606 3534 94
1122 2987 85
1122 3880 1
2255 207 98
3082 2569 23
3082 4378 11
930 1084 49
930 2327 81
930 2098 94
1084 501 78
1084 4123 92
3736 1766 42
3736 4138 96
2705 1009 95
2705 552 73
3067 3563 99
3067 2376 22
3563 3674 41
3563 4205 98
4077 2540 13
4077 2191 100
3838 49 72
2491 2306 41
2491 4223 66
2306 589 78
2306 1428 6
2306 3337 76
2933 3505 5
3346 2700 58
122 153 41
3011 4420 83
3216 1650 75
3216 3537 15
1650 3453 83
796 3135 4
300 3013 2
300 3791 23
300 3526 22
300 2945 14
2844 3163 74
2844 1926 2
2844 630 77
2844 2187 92
2826 569 92
2322 422 66
2545 2928 31
1711 932 96
3533 4066 57
4183 2113 20
525 110 34
110 3368 58
110 1954 47
569 3399 77
2766 3541 81
3968 1920 20
445 1629 43
1958 3626 27
1958 1358 15
1958 2324 94
2135 3979 13
2135 1258 17
3979 2923 21
94 3524 90
94 1794 69
3524 2700 24
1129 3887 70
3887 920 4
2972 3307 96
2972 1239 15
4126 3176 21
2786 2128 94
2786 3220 9
4414 3260 59
1200 849 8
1269 3453 75
3827 2502 38
2502 3285 92
544 294 86
2461 89 41
2461 3428 51
2461 4175 80
1294 3603 89
4278 3909 46
2281 2700 99
2281 4313 99
2281 602 20
1523 251 27
251 3125 74
251 4013 25
4134 2112 14
4134 2259 34
3419 3682 20
3419 2021 75
3682 3157 91
1016 859 29
1016 4199 90
1016 2250 91
3626 3717 15
3626 1282 32
2961 2169 28
2961 1408 80
2961 43 17
1840 3402 39
287 3522 83
3461 1174 41
1674 745 59
4355 582 71
568 4103 48
4234 3252 73
463 715 71
463 175 36
3530 4233 15
3975 646 64
3975 55 60
3975 3388 25
3975 3439 64
646 633 52
2970 2460 60
221 1758 46
3015 4089 87
1206 181 55
1206 1945 75
3147 389 3
2553 2356 41
330 3446 40
3334 1836 86
3993 3913 33
3993 2494 62
1983 3769 59
1983 4341 53
3769 1360 80
3769 553 93
1935 3961 28
1375 2427 98
1375 3214 29
2427 3534 93
2584 651 65
1350 2868 42
1954 292 72
1954 2299 84
3282 3942 18
1795 3463 55
1361 3676 93
1361 4114 64
857 3234 20
2413 3948 27
2413 1751 89
4349 3184 80
3064 4187 16
3064 3686 95
4187 3357 88
4370 741 6
4370 3637 9
2217 2208 38
2637 2199 30
1690 59 7
1690 3416 11
3395 2755 13
3395 855 36
4420 2992 16
4420 1788 5
4420 2803 82
2646 2772 63
3425 1921 50
2561 347 91
1343 2312 99
1930 3169 77
395 3840 51
395 662 53
2562 4253 59
2494 2700 14
2956 3253 20
2956 1989 51
3708 3297 5
3708 547 24
162 2998 30
4206 1167 3
2763 3634 23
1078 1619 31
1078 4423 28
1619 1291 36
3981 2734 3
2460 4330 36
3056 4074 88
3056 2505 97
4074 981 48
4074 736 28
4074 3362 19
4089 3970 47
4089 669 28
4089 3805 42
1845 1017 88
945 347 19
2690 1322 7
1322 2791 70
356 3614 67
356 2005 9
356 4020 74
633 2404 14
633 3521 2
3799 608 76
3718 2098 10
3718 245 60
855 448 62
855 3192 25
4359 494 32
271 1842 66
2060 1139 49
3835 4270 3
3835 3053 21
3835 2911 24
3835 4114 16
4270 2992 30
1167 4380 48
1167 339 98
1167 3819 7
1938 1181 33
2958 4205 98
2958 1931 17
1784 1780 73
4030 2363 54
4030 175 35
4380 4039 30
1264 3522 39
188 1602 47
323 3759 78
3888 1854 25
3471 2423 69
2629 1009 89
2629 2482 65
3049 3820 98
3260 444 30
3416 2623 68
3705 653 95
2590 3717 95
3717 3004 46
245 4265 16
245 908 84
3123 3721 85
1659 659 79
1298 3850 84
2794 2183 50
2183 2467 44
1309 2837 54
2837 1005 34
3113 3476 80
870 1352 57
2575 448 10
327 2444 93
2444 2176 28
2444 2639 8
1909 274 39
1909 30 92
14 2869 2
2495 4199 40
4199 2222 69
4199 3086 18
3079 3170 55
3079 3231 46
3985 3707 73
3985 1642 45
3973 2365 19
52 2710 15
1268 1780 22
1268 1913 62
1268 1611 59
3942 3284 43
2308 4412 100
847 635 19
3561 1029 68
3059 1992 27
1810 1474 79
2043 129 76
2043 548 26
3721 1561 81
3602 2645 3
548 1333 54
548 4175 97
1333 3249 30
2822 3294 95
2010 1053 93
2024 4253 67
4423 50 36
3186 2250 1
1339 76 17
76 3477 72
1132 2377 15
1731 2670 92
1731 829 83
2670 3162 54
2551 1254 16
2551 749 49
1254 2800 66
1780 1515 29
818 3901 35
818 3460 54
3013 963 52
111 3991 56
111 1226 69
298 1226 70
659 3526 84
2286 1209 50
2286 294 70
4001 4269 21
4173 839 57
4173 1342 48
722 3762 92
2700 3357 55
1499 2999 37
89 1699 6
89 3362 1
3700 4386 37
1109 2834 21
1227 477 48
1227 3423 99
3881 1957 9
1957 3681 57
2712 3304 58
932 666 63
932 4385 74
2191 2368 3
2191 2323 68
2191 1590 28
2191 337 94
2368 3294 56
2368 4408 17
534 1738 41
534 1599 50
2408 2421 71
3535 669 77
2439 4012 55
2439 464 72
4012 2267 37
3906 2075 12
3139 2088 23
2088 1015 70
1503 963 86
1503 238 43
1503 2680 32
963 2730 57
86 1076 5
86 970 99
1076 3601 5
183 890 56
4233 2913 71
4233 2414 79
2419 3361 34
2419 1439 56
1995 2496 31
3809 3748 86
3809 3301 45
2438 843 66
1483 3997 40
4209 1364 99
3623 2847 40
3511 2928 46
3511 4154 75
2928 3268 39
2343 1446 83
2343 4043 46
423 3301 89
1771 2922 32
3128 1762 13
1762 4343 43
2467 4005 74
3268 3551 8
2548 1446 80
2047 570 36
2834 4249 24
2834 852 9
3096 2839 39
3184 4385 15
1546 210 41
2176 4426 25
2176 1749 59
2569 3992 49
1284 2482 58
3428 841 52
546 3522 25
2113 4397 24
3944 3092 89
3914 2942 7
3245 3439 20
2231 538 24
538 1479 94
3258 582 34
3258 3748 78
4123 3819 34
1768 3220 14
3701 4242 17
2521 3866 52
2521 4402 81
1534 1646 73
1646 1239 86
1044 3831 92
3593 685 86
1666 3652 26
3652 3448 99
3652 505 77
1407 4043 66
258 4376 76
2412 3411 69
2412 2404 2
1729 2703 72
2710 147 25
147 1136 80
2486 1789 54
2486 2725 33
2486 540 39
1045 2609 30
803 2781 89
803 2701 13
3589 1137 30
2862 3092 6
2862 1382 49
1703 2795 84
3406 726 41
726 966 34
1872 1714 2
1873 4121 27
1415 3935 68
1415 3551 69
2577 2986 80
1931 662 70
1931 2825 94
3948 2070 80
3048 3847 87
1964 3762 42
1964 2327 52
1161 56 48
979 329 35
3221 1945 98
1945 2327 69
3726 2665 83
2665 3697 30
3676 2474 57
3676 1427 100
856 716 59
2868 2206 88
3138 2623 32
4121 1107 32
2184 1430 4
2184 4361 53
908 4112 37
908 1239 60
1896 3934 44
33 3710 87
33 1758 58
4039 3119 88
4039 2067 36
1397 2124 80
2923 1017 32
1017 1357 82
1353 699 67
4347 2112 13
902 4023 23
97 2198 44
2259 631 78
283 1587 88
1587 1027 21
87 2 86
2246 485 52
1631 914 3
2137 516 90
2137 1561 85
1392 3699 92
1392 2656 4
1236 2377 83
1236 922 55
3253 680 39
907 899 98
1682 1409 100
1682 2506 66
1063 324 46
3027 2498 70
4191 2769 71
4029 1041 79
749 1727 38
177 793 55
1239 1709 34
2626 1830 82
2487 2130 20
80 1508 36
19 4399 25
3007 3926 30
3007 4079 54
3484 254 43
3484 906 92
3484 2685 19
3581 3179 47
4330 4177 22
3483 2477 83
3483 3463 7
3734 591 26
632 2708 28
1755 3689 57
2730 1627 41
1360 3226 2
558 4114 17
2341 1070 71
3392 3801 2
3392 460 83
3865 1255 11
3400 3858 95
3783 2102 29
3462 2030 17
757 3189 28
3189 4136 81
2274 711 34
3078 2762 58
1922 4287 42
3921 1435 45
3220 146 86
630 553 21
1714 2550 7
3956 2585 59
3795 840 37
3543 2147 5
4031 3526 63
3526 2248 8
2209 1463 98
3710 605 46
3710 2215 73
899 3632 71
2310 1590 44
3157 3399 35
1423 4028 29
1282 83 7
1282 4196 100
3913 2922 93
2672 3110 94
3110 32 16
1015 3920 13
793 778 76
793 1914 32
175 2722 31
2722 3228 72
4237 1490 63
2687 1908 1
4215 1943 80
845 1453 25
1112 1027 90
495 4358 65
4287 1919 33
1187 1541 80
1541 457 79
3089 1079 34
3653 1337 82
1760 3655 89
384 2352 98
875 1244 9
84 3460 3
3714 1716 2
2824 1451 72
2134 137 40
1685 156 81
2869 2181 93
3791 4020 66
3121 769 50
769 3819 23
2404 35 47
635 1479 41
4079 3460 53
1642 3262 16
1520 3900 20
3097 924 82
4407 170 91
170 3301 79
3054 2593 64
2181 4224 37
4196 3433 31
2559 227 68
4016 1949 37
4313 4106 25
1847 1880 8
2506 2631 4
3858 1570 93
1548 2825 40
1548 1081 58
4178 2756 82
39 2835 59
3414 4408 5
199 2186 55
1136 3100 79
1427 1513 9
3819 2885 12
3686 1332 50
2883 320 51
3284 1613 39
1385 2275 10
1011 986 86
428 4427 5
997 2799 22
1761 1222 26
3545 1918 61
168 2000 27
3182 3516 82
4135 2500 13
3100 462 42
2296 1191 82
2296 3782 91
3949 1695 13
3996 467 19
1103 2955 63
2955 1715 28
2640 184 61
4435 1080 79
268 3504 82
2448 419 82
