765 827 60
765 671 56
765 1172 15
765 1000 91
765 562 31
765 502 40
765 76 20
765 990 45
827 720 83
827 953 16
827 123 60
827 1264 55
827 189 65
827 710 75
827 61 38
1119 114 16
1119 1067 99
1119 1151 3
1119 309 29
114 759 37
114 418 24
114 152 24
114 417 56
114 547 75
114 776 12
114 814 3
343 469 39
343 720 68
343 550 1
343 1202 72
343 517 7
343 1031 59
469 814 8
469 1223 95
469 856 16
469 395 33
469 656 43
469 375 87
179 143 4
179 1175 3
179 1177 72
179 1010 74
179 416 20
179 98 41
179 340 12
143 1269 41
143 977 23
143 1197 82
143 230 19
143 781 89
143 643 64
143 275 63
1286 1001 44
1286 385 69
1286 366 23
1286 1243 41
1286 9 81
1286 974 41
1286 1130 24
1001 1316 8
1001 580 35
1001 243 87
1001 636 55
1001 663 100
1001 873 95
1001 372 12
1001 162 41
1001 910 94
1001 64 57
791 1195 93
791 709 9
791 1242 66
791 1073 58
791 376 57
791 517 97
791 347 68
1195 849 86
1195 388 50
1195 24 52
1195 401 57
1195 859 83
1195 1211 10
1238 1263 32
1238 376 56
1238 717 11
1238 68 60
1238 902 95
1238 894 38
1263 198 5
1263 213 65
1263 814 52
1263 935 79
1263 117 52
1263 1039 81
1138 208 34
1138 86 59
1138 1296 96
1138 1114 26
208 355 77
208 1073 9
208 249 22
208 843 72
208 727 54
208 105 75
620 626 7
620 371 81
620 339 45
620 572 100
620 1192 69
620 1065 11
620 631 52
626 422 12
626 253 80
626 396 33
626 838 16
626 674 47
626 926 78
626 106 67
973 360 68
973 1292 49
973 838 51
973 821 67
360 833 71
360 713 98
360 972 42
360 283 58
360 509 68
360 361 61
360 786 37
360 119 47
215 564 42
215 703 72
215 514 42
215 494 76
215 169 35
215 748 82
215 60 37
564 493 3
564 1276 54
564 1009 79
564 775 79
564 763 10
564 983 63
564 1139 75
564 1226 68
124 954 98
124 314 39
124 869 10
124 1057 87
124 217 37
124 154 58
954 862 71
954 867 32
954 695 66
954 405 61
954 723 76
954 1296 20
954 1199 35
537 971 69
537 589 1
537 329 51
537 243 59
537 742 91
537 777 15
537 975 85
537 163 94
537 197 58
537 446 45
537 964 19
537 852 67
537 976 79
537 723 87
537 628 65
971 236 23
971 495 78
971 250 97
971 74 45
971 1072 65
971 79 58
971 1199 72
971 909 43
1007 599 33
1007 995 81
1007 1014 96
1007 199 27
1007 54 10
1007 77 31
1007 338 19
1007 69 92
599 1118 4
599 1231 20
599 187 9
599 230 55
599 217 100
599 857 85
599 583 22
599 825 58
1205 1302 10
1205 240 25
1205 594 21
1302 1175 92
1302 1296 91
1302 591 55
1302 1031 84
1302 400 90
701 1005 83
701 721 7
701 363 5
701 1279 43
701 1060 24
1005 1182 84
1005 1145 73
1005 392 26
814 1049 99
814 1075 6
814 716 61
814 174 67
1290 430 58
1290 1220 78
1290 1231 74
1290 773 89
1290 1301 62
1290 346 10
1290 1190 18
1290 184 18
430 1208 70
430 642 75
430 227 97
430 1104 3
430 1148 26
430 526 94
430 359 92
1170 1038 29
1170 1294 19
1170 149 7
1170 848 27
1170 355 36
1170 466 37
1170 789 91
1170 676 66
1170 1213 54
1170 957 82
1170 1187 81
1038 1016 95
1038 1030 23
1038 673 1
1038 1301 68
1038 195 7
1038 779 41
991 606 6
991 127 80
991 219 65
991 678 70
991 829 26
991 1060 91
991 298 57
991 1315 26
991 202 95
991 1206 33
606 344 41
606 195 40
606 568 81
606 31 19
606 407 69
606 673 36
606 1032 98
606 714 81
606 1094 38
606 834 81
310 1103 66
310 809 28
310 424 80
310 1063 41
310 1146 47
310 441 86
1103 522 79
1103 782 78
1103 1000 65
1103 795 95
1103 939 18
1103 879 24
1103 845 57
1103 618 49
618 1054 32
618 615 77
618 1087 7
618 11 62
618 153 86
618 792 63
618 125 86
1054 1167 38
1054 1310 20
1054 21 58
1054 1261 97
1054 703 86
1122 935 7
1122 678 64
1122 890 46
1122 287 74
1122 779 37
1122 479 71
1122 875 28
1122 241 25
935 802 80
935 331 74
935 1182 99
935 323 40
1248 919 54
1248 578 75
1248 735 85
1248 800 72
1248 724 4
1248 316 22
919 850 89
919 544 2
919 238 93
919 716 6
919 534 20
919 308 70
919 656 79
567 689 52
567 325 19
567 1123 88
567 654 14
689 787 8
689 669 44
689 1269 52
689 1235 64
873 831 59
873 334 94
873 1223 72
873 1040 33
873 223 34
873 969 71
873 922 12
831 1207 100
831 67 76
831 262 66
831 961 75
831 31 66
831 160 79
831 608 52
831 110 26
831 995 42
831 539 55
831 347 50
831 1297 67
705 990 60
705 719 25
705 119 37
705 118 15
705 834 78
705 563 62
705 11 50
990 246 91
990 517 33
990 650 4
990 893 16
990 1274 54
990 927 65
990 777 2
990 75 61
764 1239 82
764 387 37
764 1123 9
764 1131 60
764 948 80
764 1112 51
764 933 99
764 1225 83
764 338 75
1239 404 43
177 755 100
177 253 48
177 347 94
177 257 43
177 76 86
177 669 50
755 531 100
755 156 7
755 1289 17
755 59 72
755 25 12
755 1050 3
755 611 26
755 1240 16
1240 268 43
1240 706 84
1240 766 5
1240 60 13
1240 804 32
1240 48 39
1240 1187 45
1240 750 94
1240 348 64
1240 581 47
268 913 54
268 770 59
268 359 44
1269 1073 25
1269 342 21
1269 248 7
1269 1033 79
1269 838 22
1269 1132 97
1269 825 66
1269 722 62
1269 753 11
1269 456 84
1073 759 42
1073 439 17
1073 786 90
1073 808 7
1073 1116 6
73 17 58
73 911 3
73 426 29
73 767 42
73 1032 75
73 344 55
73 28 92
73 1067 96
73 234 38
73 401 6
73 1020 21
17 1086 36
17 780 34
17 799 35
17 656 70
17 1035 30
17 1183 5
17 1121 21
744 721 80
744 1106 20
744 126 93
721 813 66
721 1092 53
721 1046 74
721 946 3
721 650 1
721 1215 41
721 686 26
721 182 29
721 556 5
721 900 17
721 868 46
721 164 50
964 1146 75
964 598 63
964 714 100
964 355 1
964 581 76
964 728 94
964 546 78
964 1048 64
964 552 20
964 1191 33
964 297 99
964 833 100
1146 630 39
1146 491 34
1146 923 9
1146 58 18
1146 749 50
1146 856 40
1222 1313 41
1222 260 6
1222 1111 40
1222 384 81
1222 584 76
1222 1298 75
1222 745 44
1222 388 14
1313 816 94
1100 7 9
1100 697 95
1100 995 100
1100 1078 29
1100 85 3
1100 293 97
7 221 1
7 1182 26
7 1293 64
7 681 10
7 983 98
7 1280 82
1309 1315 5
1309 103 16
1309 1189 82
1309 444 81
1315 236 91
1315 803 96
1315 1076 7
1315 170 95
111 18 55
111 903 36
111 137 94
111 34 2
111 612 25
18 484 83
18 258 30
18 984 25
18 869 56
18 548 9
18 377 26
1075 1287 68
1075 1281 51
1075 45 90
1075 35 55
1287 131 16
1287 999 63
1287 741 74
1287 624 17
1287 1074 22
1287 455 44
1287 115 59
1287 635 2
1287 511 2
1168 703 44
1168 589 20
1168 1071 18
703 1141 15
703 28 79
703 1032 56
703 239 42
703 432 47
703 934 49
842 1157 79
842 1210 23
842 1066 4
842 837 7
842 615 13
842 1026 86
1157 450 79
1157 649 100
1157 94 98
1157 226 29
1237 759 44
1237 848 82
1237 269 43
759 1163 77
759 305 70
759 110 15
759 1032 34
1227 51 55
1227 354 84
1227 307 42
51 839 1
51 455 26
51 246 48
51 1194 97
51 951 41
376 55 90
376 507 3
376 1022 92
376 771 32
376 707 74
376 621 77
376 992 29
376 119 91
55 586 2
55 699 68
55 571 17
55 326 27
55 730 35
55 1295 4
55 818 8
55 133 96
55 82 64
1107 433 87
1107 1016 8
1107 294 5
1107 96 51
1107 742 4
1107 463 17
1107 838 61
1107 291 43
433 83 21
433 288 46
433 1160 98
463 548 56
463 398 12
463 1175 88
463 519 69
463 669 22
463 986 21
548 785 78
548 652 30
548 62 16
548 939 18
548 396 3
548 511 59
548 914 77
548 1190 13
1223 1183 47
1223 778 95
1223 893 50
1223 679 15
1223 940 2
327 277 27
327 316 30
277 176 20
277 648 82
277 1133 73
277 357 42
862 90 75
862 1218 10
862 1026 69
862 584 88
862 855 74
862 961 51
862 1112 80
90 196 17
90 37 75
90 909 54
90 876 62
90 1228 63
90 541 87
90 13 61
1056 843 21
1056 58 26
1056 83 69
1056 54 46
1056 397 11
1056 756 10
843 833 96
843 1089 35
843 533 72
843 364 46
843 654 3
843 170 36
668 602 44
668 562 37
668 1154 91
668 696 89
668 682 77
668 357 94
668 1020 100
602 344 30
602 1133 50
602 116 25
602 917 27
602 121 62
602 209 52
602 952 25
531 682 60
531 647 90
531 1184 49
531 153 51
24 796 54
24 89 8
24 562 80
24 1165 78
796 1031 100
796 1295 34
796 53 94
796 375 89
887 1115 66
887 660 46
887 615 84
887 547 29
887 129 8
887 1245 33
887 1256 36
887 863 5
1115 1224 28
1115 28 31
562 431 31
562 382 15
562 192 80
562 1199 54
562 307 63
562 864 67
431 305 47
431 829 78
431 150 1
431 44 45
431 758 52
83 361 64
83 733 63
83 714 1
83 155 36
83 530 93
83 546 65
83 929 16
361 725 78
361 468 49
361 1316 14
361 1099 36
361 884 74
135 770 21
135 907 19
135 828 90
135 339 35
135 690 35
770 301 42
770 1245 66
770 694 67
1016 652 30
1016 396 85
1016 125 36
1016 516 9
1016 714 84
1016 453 79
1016 186 63
1016 1159 31
1016 2 54
1016 206 80
630 1049 19
630 1182 51
630 211 45
630 395 44
630 1064 19
234 232 71
234 101 22
232 1053 100
232 983 58
232 393 40
232 869 30
232 291 92
232 1104 44
232 236 37
1218 922 40
1218 622 70
1218 209 73
1218 942 38
1218 1009 47
787 137 86
787 408 32
787 772 83
787 287 58
787 545 87
787 692 69
787 639 36
137 1072 27
137 1148 46
137 1069 33
137 1131 8
578 893 24
578 1023 7
578 13 88
578 199 5
1047 745 12
1047 486 60
1047 1183 48
1047 399 91
1047 445 29
1047 38 69
745 404 20
745 1301 85
745 508 90
745 997 84
745 1128 55
33 14 42
33 462 100
33 975 62
33 321 3
33 570 97
33 133 62
33 417 83
14 228 91
14 967 29
14 1079 6
14 1209 79
14 92 45
14 923 39
14 207 63
609 71 56
609 417 56
609 474 31
609 230 96
609 1060 50
609 1035 92
609 858 3
609 397 63
71 253 72
71 32 73
71 336 53
71 611 96
71 727 6
71 1203 92
71 1148 72
71 936 36
71 1026 52
653 681 51
653 236 42
653 786 14
653 559 98
653 692 23
653 747 92
681 1070 64
681 940 78
681 157 25
681 535 31
348 1171 34
348 875 99
348 196 40
348 574 75
348 438 1
348 341 93
1171 639 100
1171 858 68
185 481 17
185 946 76
185 308 33
185 1063 25
185 510 35
185 194 88
185 355 26
481 595 71
481 368 50
481 884 12
481 1203 76
481 945 52
481 241 82
1095 802 81
1095 715 63
1095 772 59
802 436 2
802 690 3
802 1121 27
802 588 93
802 120 100
802 1132 1
802 1322 25
802 525 79
802 1034 35
802 1144 71
802 1151 77
339 182 36
339 627 38
182 436 46
182 493 60
182 1172 74
182 1219 84
182 1097 45
182 396 38
845 265 62
845 568 83
265 904 67
265 1220 82
265 586 11
265 1295 16
1076 1106 43
1076 747 12
1076 884 14
1076 853 50
1076 1132 83
1076 799 48
1076 105 17
1106 370 97
1106 506 95
1106 756 96
1106 86 46
660 1210 97
660 1199 55
660 400 94
660 650 49
660 926 31
660 516 87
998 950 18
998 911 95
998 367 74
998 334 14
998 1246 34
998 633 22
998 1082 14
950 1055 51
950 715 2
950 1235 7
950 510 52
893 869 95
893 529 44
893 942 50
893 337 18
893 1174 18
893 1199 73
893 654 77
893 321 29
893 767 39
893 903 6
419 1194 19
419 338 43
419 380 29
419 685 94
419 36 98
1194 63 39
1194 905 36
1194 832 2
1160 330 56
1160 790 40
1160 340 5
1160 1152 52
1160 40 8
330 255 22
330 504 61
330 795 72
330 1241 18
330 471 15
330 398 63
330 577 77
330 961 85
857 505 57
857 1079 82
857 335 54
857 1217 72
857 1193 4
505 897 83
505 1 44
505 690 72
1018 76 17
1018 1241 76
1018 798 26
1018 656 88
1018 966 74
1018 104 3
76 527 82
76 315 76
76 808 20
76 224 41
76 1245 68
76 1167 53
76 784 38
76 1134 23
715 636 72
715 398 2
715 557 12
715 870 67
715 304 8
715 220 44
1303 239 52
1303 895 1
1303 293 93
1303 858 49
1303 1322 76
239 237 38
239 133 8
239 793 31
239 412 69
239 166 9
239 984 10
239 860 68
239 306 28
674 812 69
674 1288 65
674 872 10
674 524 75
674 335 67
674 244 65
674 371 86
674 365 86
674 636 12
674 298 87
812 172 22
812 809 53
812 581 53
812 1086 17
812 1078 21
812 888 60
812 261 10
812 219 58
812 829 16
812 569 10
908 586 69
908 761 31
908 459 13
908 500 37
586 1072 3
586 968 58
586 1166 58
586 44 8
586 1167 86
479 350 19
479 832 57
479 1216 40
479 1011 48
479 156 15
479 1032 13
479 1094 56
479 685 78
350 684 6
350 519 9
350 598 93
350 959 56
350 1072 14
350 508 90
350 594 21
350 1039 82
350 739 50
45 1077 33
45 1155 57
45 1186 4
45 570 79
45 934 1
45 70 36
45 1291 67
1077 808 40
1077 466 74
1077 1306 22
1077 355 30
839 165 26
839 341 26
839 295 75
839 1278 49
839 859 32
165 947 25
165 678 41
165 405 58
165 806 7
313 94 5
313 32 47
313 640 7
313 572 78
94 289 7
94 39 7
94 312 92
94 1059 77
94 550 69
94 366 18
94 1311 61
434 1307 22
434 224 23
434 550 4
434 288 53
434 1288 92
434 12 29
1307 1019 39
1307 1079 19
1307 6 61
1307 1215 90
1247 974 83
1247 774 76
1247 1316 61
1247 457 67
1247 1312 7
974 121 78
974 1063 32
974 359 59
974 425 38
1086 388 70
1086 1284 24
1086 486 11
1086 571 22
1086 40 6
815 79 57
815 1036 14
815 1283 67
79 399 62
79 757 39
79 754 63
79 54 47
79 1029 55
79 1144 33
79 673 99
1128 772 56
1128 1185 70
1128 383 88
1128 129 41
1128 688 78
1128 952 45
772 687 61
772 1015 69
772 789 56
772 493 87
772 1275 60
772 754 9
772 362 27
772 367 98
1052 766 85
1052 875 19
1052 966 28
1052 1090 33
1052 981 48
1052 398 79
766 895 73
766 1310 16
127 1141 60
127 1232 48
127 282 80
127 742 15
65 1060 16
65 1289 38
65 88 6
65 322 12
65 692 5
65 661 50
1060 803 91
1060 106 62
1060 273 90
1060 1220 29
1060 1182 23
1060 488 49
1060 136 65
1050 1164 84
1050 671 62
1050 580 43
1050 978 47
1050 6 89
1050 305 16
1164 1285 44
1164 1085 94
1164 5 82
1164 876 96
1245 1114 68
1245 148 50
1245 956 54
1245 828 41
1245 383 27
1245 357 17
1114 1180 72
1114 110 41
1114 1265 90
1114 392 51
1114 1080 20
1114 72 88
925 174 12
925 1142 6
925 1253 6
925 637 10
925 142 7
174 514 41
174 1017 67
174 81 18
84 318 26
84 422 90
84 369 4
84 738 14
84 214 83
84 1279 26
84 288 29
84 264 31
318 788 41
318 949 5
318 946 53
318 320 1
318 852 16
318 1085 6
379 115 8
379 785 52
115 858 58
115 352 88
115 285 6
144 405 90
144 1155 83
144 1135 70
405 666 51
405 901 8
405 225 44
741 494 50
741 491 89
741 773 19
741 196 24
741 206 35
741 1231 38
741 588 40
741 895 92
741 1135 18
741 1141 32
741 49 47
494 877 60
494 1282 98
494 727 22
494 939 47
494 447 93
494 871 80
1312 104 10
1312 507 16
1312 529 39
1312 1235 30
104 778 76
104 62 8
104 470 24
104 949 64
104 1166 55
104 1289 17
191 263 66
191 1253 45
191 67 60
191 940 32
191 487 33
191 214 33
263 342 19
263 1015 51
263 1246 76
263 622 77
263 1202 86
263 532 54
263 1316 27
263 410 76
811 820 35
811 657 18
811 832 10
811 655 78
811 957 58
811 761 51
811 867 46
811 797 62
811 249 56
820 810 96
820 665 32
820 643 13
820 672 97
820 938 15
820 444 35
820 155 83
635 909 38
635 1241 15
635 945 22
635 314 65
635 939 14
635 227 72
635 141 87
635 10 13
635 259 46
635 587 15
909 750 6
909 808 33
909 639 39
909 869 68
275 368 34
275 2 19
275 1002 51
275 1046 31
275 1033 88
275 1044 73
275 683 18
368 899 47
368 1162 72
368 1209 24
368 1154 85
368 535 55
368 1213 99
368 1166 48
368 1229 74
180 598 75
180 929 37
180 169 75
180 1133 11
180 803 54
598 319 96
598 297 8
598 200 22
598 747 43
598 1187 70
598 1166 98
598 849 50
598 1111 55
69 237 24
69 657 62
69 439 62
69 1268 4
69 646 83
69 373 81
69 604 7
237 347 21
237 749 68
237 460 28
237 1167 30
237 316 89
237 750 100
122 955 41
122 77 29
122 168 78
122 85 26
122 712 15
122 906 90
122 658 89
122 628 61
122 1021 59
955 47 26
955 762 15
955 371 51
955 1183 32
955 936 77
955 414 76
295 476 58
295 983 44
295 262 58
295 432 35
476 543 24
476 159 58
1199 1297 78
1199 322 33
1199 846 56
1199 442 62
1199 59 60
1199 1288 84
1199 1151 81
1199 1123 44
1297 669 73
1297 1022 80
1297 8 27
1297 836 73
1155 41 79
1155 345 36
1155 582 44
1155 1139 65
1155 1175 76
733 585 8
733 528 90
733 850 57
733 195 12
733 1241 2
585 883 78
585 31 11
585 484 78
585 1289 99
833 1082 69
833 176 52
833 777 52
833 462 89
1017 968 89
1017 1080 81
1017 783 32
1017 644 91
1017 283 100
968 429 24
968 227 50
968 700 98
968 464 15
968 841 18
968 1183 40
968 1217 12
968 1260 85
968 993 54
968 39 100
999 312 16
999 304 91
999 125 86
999 540 98
999 554 71
312 207 7
312 1156 22
312 438 13
216 872 28
216 366 84
872 855 70
872 736 54
872 64 93
872 225 49
872 80 1
654 869 79
654 894 60
654 541 28
654 746 67
654 700 94
654 905 16
654 395 74
869 1256 21
869 896 47
869 1101 15
869 496 37
869 1091 81
869 707 13
869 206 89
869 963 45
869 936 13
162 563 39
162 1291 84
162 56 20
162 307 51
162 1268 64
563 904 51
563 345 98
563 435 100
563 398 41
563 619 96
181 830 64
181 290 9
181 632 26
181 346 49
181 729 93
181 1260 9
181 112 55
830 106 5
830 1092 92
830 1090 72
696 769 21
696 1211 93
696 1188 13
696 29 87
696 1139 98
696 737 1
696 397 53
769 1163 87
769 1268 75
769 1142 41
769 528 17
769 472 12
769 985 34
388 1024 88
388 37 59
388 198 76
388 373 6
388 748 45
388 352 78
388 792 19
125 682 14
125 235 100
125 299 71
125 1096 49
682 642 55
682 1262 28
1019 443 48
1019 1151 48
1019 934 35
1019 68 16
1019 608 93
1019 412 10
1019 314 44
443 1154 72
443 1099 43
443 1234 5
443 1059 91
722 365 23
722 102 88
722 1045 49
722 101 76
722 380 60
722 525 3
722 1271 36
722 347 90
722 168 45
722 461 56
722 928 68
722 98 43
722 227 92
365 717 63
365 1175 9
365 304 64
365 417 3
365 219 71
365 298 76
365 1225 79
595 450 18
595 390 39
595 486 87
595 1133 29
595 1085 99
595 1206 54
450 704 79
450 404 64
450 1282 33
450 401 4
450 480 91
922 1215 95
922 205 60
922 779 49
922 415 9
922 353 77
922 640 89
922 1210 68
922 708 72
1215 662 91
1215 357 59
1215 699 82
1215 1314 69
1215 613 4
1215 398 30
515 593 37
515 250 9
515 10 95
515 1319 23
515 302 20
593 1243 28
593 238 86
593 1288 85
593 1053 6
105 254 73
105 1244 31
105 1274 32
254 1126 95
254 1079 20
254 427 2
254 484 89
224 316 50
224 1207 67
224 646 72
911 344 41
911 1202 72
911 1270 44
1175 788 20
1175 229 7
1175 410 98
1175 852 50
1175 877 90
1175 1261 85
672 1308 92
672 85 26
672 790 98
672 415 37
1308 458 70
1308 347 38
1308 359 9
1308 1260 95
1308 112 57
1308 426 75
1308 436 29
1308 171 42
1308 1020 75
1308 1039 76
652 1126 66
652 1174 67
652 901 88
652 576 27
652 731 46
652 634 74
652 206 20
652 580 91
652 1 35
652 885 95
652 952 36
396 1027 36
396 489 76
518 1273 99
518 468 9
518 465 40
518 1295 52
1273 666 21
1273 328 90
1273 517 67
1273 147 53
1273 1229 32
32 1137 50
32 164 49
32 95 80
32 452 36
32 989 59
1137 710 62
1137 261 18
1137 236 37
1137 49 19
63 828 48
63 42 80
63 392 60
1250 1142 32
1250 716 97
1250 1078 73
1250 351 75
1142 1010 61
1142 57 41
1142 154 50
1142 40 86
1142 1226 10
1142 281 54
68 175 78
68 809 97
68 141 1
68 155 42
68 279 86
68 411 46
68 1179 40
175 1177 21
175 445 58
175 151 50
175 183 50
175 782 67
228 1161 12
228 1165 50
228 491 16
1294 699 35
1294 1186 32
1294 213 73
1294 160 76
404 1283 68
404 302 95
404 997 33
404 96 55
1283 987 89
1283 1036 14
1283 109 26
1283 25 62
661 773 15
661 737 21
661 1189 74
661 687 96
661 189 76
661 1040 44
661 879 97
661 462 99
773 1088 53
773 1197 43
773 194 66
773 161 38
773 1118 13
773 1065 82
773 1295 10
773 807 63
773 49 24
542 532 24
542 1181 48
542 575 60
542 522 59
542 375 70
542 762 4
532 284 42
532 1084 58
532 912 60
532 611 68
532 332 63
532 1003 41
532 1012 69
233 823 3
233 508 23
233 1110 35
233 1298 67
233 378 91
233 966 54
233 997 98
233 1258 64
233 666 36
823 230 17
823 432 10
398 291 74
398 1033 81
398 1178 56
398 939 9
398 329 55
398 952 37
424 195 48
424 281 48
424 510 61
424 415 51
424 966 47
424 577 98
424 1207 32
195 414 6
195 503 61
195 985 34
195 227 31
195 847 65
195 429 2
1182 889 27
1182 1 63
589 1109 42
589 920 42
589 590 32
589 500 8
589 949 42
304 1228 28
304 574 17
246 1259 33
246 411 99
246 340 35
246 535 69
384 1311 38
384 230 32
384 488 29
384 555 44
384 270 42
1311 1246 78
1311 521 100
1311 648 53
1311 187 100
1311 409 76
1311 1049 82
1311 1224 80
758 634 93
758 300 38
758 335 40
758 440 28
758 4 50
758 1041 34
758 1032 22
634 533 52
634 257 73
634 168 100
634 984 59
634 687 71
634 994 91
1109 588 88
1109 1211 37
1109 924 19
1109 54 89
1109 1255 26
1109 440 15
1109 1108 80
9 299 19
9 895 9
9 732 24
9 901 83
9 913 15
9 1253 37
9 742 88
9 337 34
9 726 77
9 951 80
9 572 3
299 91 17
299 435 42
299 778 82
299 1228 69
299 359 2
56 907 96
56 1274 77
56 570 38
56 334 73
56 695 10
56 129 9
907 679 86
907 1113 18
907 1173 75
907 657 31
1014 50 94
1014 1151 14
1014 1147 56
1014 429 22
1014 1187 41
1014 307 33
50 1111 82
50 613 21
1053 870 19
1053 1161 30
1053 1133 90
1053 988 85
1053 771 42
1053 369 45
1154 799 46
1154 714 37
1154 351 47
1154 52 7
1154 649 76
1154 1288 100
1154 308 72
1154 757 31
408 194 81
408 610 47
408 1173 49
408 186 75
408 904 7
194 196 1
194 386 12
194 253 21
194 972 91
194 272 96
194 146 61
194 70 46
194 742 26
194 651 69
931 651 9
931 879 32
931 1220 44
931 1153 11
931 196 31
651 320 69
651 1148 61
651 483 30
651 196 61
528 897 13
528 272 77
528 1032 67
31 1284 46
31 269 22
31 978 68
31 279 34
31 161 24
1284 936 99
1284 677 28
1284 746 73
1284 460 66
1284 1231 44
1046 108 83
1046 1108 99
1046 423 65
1046 220 84
1046 761 74
1046 1150 39
1046 197 96
1046 110 32
1046 622 4
108 1280 17
108 225 11
108 638 69
936 288 36
936 677 26
936 1105 45
288 1080 96
288 410 68
779 608 67
779 728 68
779 1191 49
608 851 30
608 503 10
608 387 63
608 475 15
608 1167 64
926 806 61
926 1231 67
926 571 54
926 1074 43
806 1006 75
806 422 70
806 1145 39
806 112 21
806 36 84
870 95 96
870 983 17
870 1249 23
401 231 56
401 808 28
401 1043 29
401 560 68
401 1022 95
401 1185 74
401 190 59
401 1067 44
231 297 49
231 903 33
231 1162 37
1126 1034 76
1126 305 59
1126 897 78
1126 1322 24
1126 1045 49
1126 1105 26
1126 886 36
109 1225 73
109 888 89
109 57 8
109 1071 36
109 817 47
109 534 39
109 1270 20
1225 478 70
1225 217 39
1225 576 61
1225 1266 74
1225 822 49
1225 372 15
1225 1035 46
1225 442 75
1225 362 80
1225 864 78
138 1281 99
138 483 49
138 15 3
138 43 27
138 123 50
1281 690 90
1281 36 83
1281 153 21
1281 352 62
1281 997 97
1281 1187 87
1281 860 37
1281 1070 16
1281 257 18
704 187 6
704 795 18
704 1121 26
704 1071 90
704 452 57
704 252 25
704 1055 61
375 1031 28
375 807 27
375 58 32
375 390 94
1031 677 5
1031 859 91
1031 227 12
1031 19 87
1031 776 83
1031 440 83
1031 1105 10
757 671 62
757 1004 29
757 1143 54
671 1108 28
671 952 52
671 403 48
671 245 6
671 1230 84
1108 555 94
1108 178 39
146 97 20
146 184 2
146 983 78
146 625 6
146 533 64
146 1023 81
97 142 7
97 334 35
97 1226 7
97 489 25
97 276 42
97 952 50
97 1015 61
97 734 96
97 552 74
344 1008 62
85 947 56
85 260 27
85 26 29
1211 905 71
1210 43 81
1210 781 95
1210 207 54
856 918 18
856 725 13
856 611 10
856 164 65
856 884 30
856 442 30
856 337 11
897 912 81
897 306 26
897 1043 13
897 981 29
897 864 60
897 592 68
347 605 38
347 656 34
347 1232 24
347 440 39
347 533 57
281 54 72
281 927 52
281 792 41
281 16 44
1010 406 17
1010 1030 66
1010 1087 62
1010 147 21
861 1099 72
861 1055 82
861 604 64
861 1243 9
861 601 95
1099 540 26
1099 967 13
1099 706 7
305 88 20
305 760 60
88 1207 67
88 1121 70
1180 603 13
1180 286 18
1180 209 38
763 561 70
763 1162 27
763 153 61
763 804 74
763 260 7
763 1197 90
763 1055 63
763 961 17
561 852 83
561 333 10
561 794 86
561 760 95
561 670 44
561 512 1
657 951 9
657 921 46
657 750 51
657 273 96
657 250 4
713 123 16
713 1133 40
713 378 8
713 440 40
713 868 69
713 1159 67
713 1069 95
713 428 16
713 569 70
2 572 70
2 795 4
2 457 91
2 1134 13
2 466 35
2 633 98
2 905 34
2 859 75
377 1140 50
377 1120 8
377 1023 8
377 444 12
377 1025 76
377 624 51
1140 658 5
1140 490 57
1140 391 4
746 649 42
746 41 50
746 351 1
746 979 65
746 665 58
746 803 28
746 906 16
649 465 6
649 355 58
649 1256 65
987 732 37
987 145 63
987 1271 76
987 60 66
987 386 30
987 905 58
987 198 68
732 1055 65
732 241 89
732 946 51
732 4 13
732 1249 98
508 642 45
508 287 19
508 453 100
508 960 79
888 1112 100
888 850 68
888 452 96
888 473 97
821 426 75
821 625 23
426 1156 43
426 723 80
426 29 66
426 1271 12
426 75 40
47 1070 67
47 1117 95
47 130 94
47 826 20
47 738 90
972 1159 33
972 34 16
972 947 40
972 1080 70
1159 1288 14
1159 1045 26
1159 884 89
867 372 98
867 236 2
372 218 15
372 714 43
372 356 19
372 1256 44
354 13 1
354 725 76
354 550 34
354 571 91
354 82 91
978 62 9
978 371 93
978 211 94
62 58 36
62 201 58
62 680 77
62 3 89
62 1022 47
62 1034 71
62 1029 39
62 944 69
62 583 44
371 221 8
110 118 38
110 27 20
110 249 71
110 49 95
1130 1206 9
1130 509 77
1130 572 31
1130 1096 7
1130 834 97
1130 218 21
1130 245 54
1130 692 19
1130 688 37
1130 400 61
1130 762 36
1130 1184 46
1206 1249 69
1206 1185 49
1112 441 84
1112 786 37
1112 1162 10
1272 1129 16
1272 280 52
1272 939 47
1272 178 25
1272 1254 17
1272 797 63
1272 497 19
1272 46 51
1129 1261 61
1129 942 68
1129 1184 97
1129 22 52
1129 147 88
1129 940 90
1253 44 33
1253 163 66
1253 1117 85
1253 1262 30
1253 669 66
44 178 36
44 483 71
44 547 20
1131 461 45
1131 1291 28
1131 707 62
461 251 75
461 1236 15
461 996 67
461 492 71
382 389 80
382 800 75
382 762 4
389 150 15
389 1113 28
389 1158 19
389 184 42
389 440 2
389 12 39
913 1117 85
572 899 82
572 163 88
572 775 5
572 128 82
899 646 31
899 308 26
899 466 10
899 615 41
899 457 67
899 648 34
899 480 55
942 374 84
942 1296 34
942 898 11
942 96 96
374 10 68
374 131 70
374 921 70
374 364 41
374 1098 61
335 1008 51
335 738 43
335 988 100
335 493 63
335 1066 91
1008 728 63
1008 904 43
1008 1271 94
1008 1186 60
1008 1190 41
1036 161 5
1036 40 25
1036 156 6
522 184 28
522 927 32
522 961 64
522 89 83
250 940 65
250 1152 1
250 581 35
250 1074 58
250 136 75
250 957 5
250 421 11
940 792 14
940 946 97
940 130 2
940 952 31
940 994 13
940 666 66
940 1184 66
940 502 59
613 789 13
613 391 18
613 247 13
613 646 73
613 478 33
613 1023 50
789 149 3
789 322 48
789 850 98
789 219 5
789 497 49
789 992 53
789 454 74
1094 579 75
1094 874 84
1094 80 81
1094 574 41
1094 533 12
579 829 78
579 832 5
1080 140 7
1080 1221 34
1080 889 46
1080 718 70
1080 425 55
1080 314 90
1080 834 66
1049 550 19
1049 1176 60
1049 693 34
1049 1148 43
1049 1299 77
1049 496 35
550 151 54
550 979 46
550 526 54
550 358 20
229 615 91
229 1025 79
615 1023 99
1002 399 32
1002 92 71
1002 553 79
1002 762 90
1288 77 81
1288 1318 46
1288 1310 60
1288 638 9
1288 837 55
1288 641 3
1288 1298 9
1288 875 67
1288 729 70
983 860 47
983 963 100
107 445 44
107 628 28
107 1069 59
107 1264 39
107 597 21
107 565 65
107 948 34
107 1278 69
445 584 30
445 1266 67
445 226 32
289 575 73
289 1061 12
289 102 38
289 170 2
289 1265 42
289 894 4
289 685 14
289 187 95
1274 786 65
1274 816 52
1274 1071 63
1274 48 58
1274 1167 20
832 92 38
832 262 64
1292 119 20
1292 1289 62
1292 1026 5
1292 876 100
679 540 7
679 1121 36
679 960 53
934 245 23
934 984 93
934 170 46
934 1254 70
245 1148 4
245 134 88
638 1044 37
638 369 66
1044 80 49
1044 710 77
1044 891 79
1044 874 48
716 176 17
716 886 73
447 213 65
447 1163 14
447 1267 19
447 641 17
447 435 57
213 1251 14
213 1233 41
735 1144 94
735 128 28
735 1000 43
735 841 2
735 1132 44
1144 714 97
1144 580 94
1144 334 10
1144 575 51
1144 1022 34
1144 753 2
1144 1298 66
1144 932 43
1177 558 8
1177 636 23
1177 1232 51
1177 480 32
1177 1275 43
1034 800 80
1034 141 44
1034 4 32
1034 1134 18
460 1244 63
1244 256 92
1244 892 17
1244 495 75
1244 507 53
1244 363 52
39 956 62
39 1057 49
39 307 87
39 924 56
762 723 98
762 752 61
762 340 34
133 427 97
133 1231 88
133 52 48
133 822 65
133 981 5
133 214 30
133 951 13
133 597 55
186 1081 28
186 836 31
186 381 45
186 451 73
1081 362 2
1081 151 97
1277 546 43
1277 816 6
1277 1139 2
1277 677 45
1277 1270 96
1277 685 42
1277 795 8
546 242 29
546 403 59
546 809 21
546 714 29
546 526 96
338 40 11
338 503 38
338 730 3
338 997 97
40 172 12
883 1093 51
883 227 2
883 1063 26
883 131 52
1093 1020 17
1093 1251 61
1093 454 91
581 1061 86
581 467 49
581 980 8
581 825 29
581 560 85
581 421 34
581 253 7
1061 967 95
1061 466 91
1061 130 74
1061 167 75
1061 794 44
798 1145 77
798 817 9
798 636 35
798 425 30
1145 906 69
406 1224 99
406 362 16
406 1132 56
406 230 94
719 628 37
719 535 8
81 590 15
81 199 30
81 1032 82
81 1027 62
81 1125 74
590 726 69
590 655 79
590 261 70
590 912 76
1072 178 40
1072 1226 98
429 283 90
429 291 42
429 728 43
429 584 30
429 1124 95
429 792 62
429 717 62
283 74 74
283 378 93
509 1296 16
509 397 43
509 663 78
509 1090 31
1296 981 35
1296 1042 84
1296 506 1
929 345 53
929 624 35
929 428 50
929 501 34
345 536 78
345 170 45
345 235 99
345 280 84
342 803 2
342 320 73
247 282 80
247 1011 9
247 761 71
282 427 59
282 296 69
282 380 42
282 152 12
282 477 37
1040 1084 40
1040 848 84
1040 962 99
1040 512 76
1040 366 39
1040 710 65
1040 500 37
1040 1289 30
1084 236 64
1256 1064 53
1256 325 25
1256 98 25
725 683 93
592 1202 3
592 260 14
592 1262 53
1202 916 65
1202 258 22
1202 621 62
1202 646 49
875 359 55
875 1090 25
875 1166 11
875 1185 30
875 526 28
359 274 32
359 545 31
1116 985 20
1116 154 8
1116 1176 91
985 855 74
985 46 77
985 1219 87
100 200 97
100 49 97
100 837 8
100 57 21
200 673 17
200 543 72
200 207 97
200 559 25
200 1186 26
904 1197 86
904 273 49
904 1161 50
95 738 32
95 698 3
95 632 50
95 380 13
95 761 4
95 709 95
95 458 10
95 151 24
738 614 30
738 166 20
738 996 42
738 41 15
738 340 43
738 920 37
738 526 75
35 1196 25
35 612 73
35 1133 12
35 1104 75
1196 1193 10
1196 771 27
1196 367 73
1196 1070 45
322 112 9
322 394 19
322 656 63
112 390 12
112 190 76
112 1208 98
112 210 69
112 683 36
112 168 81
112 1167 83
102 920 77
102 932 58
102 451 90
102 538 15
362 1212 48
362 1135 6
362 290 60
362 800 48
1212 53 46
1212 303 91
1212 257 98
1212 209 19
737 49 65
737 915 74
737 1067 43
49 1280 99
49 1203 77
49 967 6
49 943 52
49 13 78
49 1120 15
300 148 34
300 982 100
300 1074 98
300 900 15
148 278 77
148 409 79
148 835 32
708 337 26
708 121 52
708 364 90
708 1226 79
337 334 35
337 60 20
337 1254 12
337 1043 28
1066 453 68
1066 199 29
1066 82 50
453 64 31
453 975 74
453 748 68
453 776 82
1064 1004 59
1064 1085 87
1064 427 27
1004 848 25
1004 392 31
749 963 68
749 1133 32
749 706 93
749 1243 27
749 996 78
749 584 58
749 93 10
91 270 65
91 619 70
91 774 70
91 571 74
91 1089 12
91 828 22
91 808 80
270 825 8
270 570 42
270 308 14
270 267 86
270 315 31
1188 1243 7
1188 574 19
1063 923 68
1063 949 9
1063 145 43
923 266 75
923 1062 23
923 960 55
923 937 63
435 1310 5
435 328 21
435 706 71
1310 529 86
1310 70 50
1310 473 60
1310 402 99
1310 1319 98
1310 559 42
1310 698 23
255 709 65
255 93 100
255 1262 53
255 1057 89
255 1186 48
555 301 69
555 918 93
555 1141 99
555 1147 48
555 416 77
543 963 30
543 309 83
543 381 24
301 658 47
301 997 72
301 206 85
728 706 66
728 1029 55
728 363 53
1234 552 90
552 625 82
552 891 37
552 353 97
552 455 80
131 1124 25
131 1125 59
131 684 47
541 363 51
541 631 33
541 42 12
541 159 77
363 134 51
363 355 9
698 264 32
698 768 29
1316 223 52
1316 489 42
1316 167 58
223 1255 52
223 662 20
413 230 75
413 89 48
413 1070 68
413 507 57
230 642 25
230 437 27
230 160 86
230 496 91
793 707 97
793 298 57
793 170 50
976 483 41
976 774 62
976 1021 45
976 217 44
976 417 47
976 82 37
976 1117 76
976 669 72
976 1228 2
976 979 52
483 437 76
483 57 27
483 487 84
187 1000 33
187 390 88
187 421 81
187 1015 5
784 785 83
784 756 28
784 782 78
784 139 18
784 1043 27
785 416 64
785 566 50
785 992 4
10 1078 86
10 427 30
511 352 60
511 632 62
511 155 43
511 59 68
511 1048 95
511 676 49
511 903 3
352 425 2
352 341 86
352 414 41
41 442 18
41 1110 92
41 623 25
41 502 60
41 612 20
850 226 9
850 849 27
850 12 74
850 514 82
226 1207 79
226 659 68
226 38 45
226 880 46
226 1314 6
226 129 67
226 851 33
226 1228 47
203 535 40
203 1251 52
203 37 46
203 1027 95
203 486 19
203 914 65
203 577 15
535 650 11
535 1032 15
535 743 48
58 898 70
58 66 95
58 912 81
58 697 25
101 264 80
101 1282 43
101 1163 68
101 1276 73
101 804 21
101 886 86
264 1241 69
1015 1285 62
1015 1203 45
1015 20 9
1285 152 47
1285 760 17
1285 452 34
1285 37 50
1285 1090 7
1009 1022 4
1009 328 3
1009 1082 69
1009 1127 72
1022 1091 95
1022 326 44
1022 1030 60
1120 594 90
1120 149 62
1120 205 36
669 710 20
896 1207 99
896 510 5
1207 924 77
1207 394 68
1207 957 66
783 67 49
783 903 77
410 702 12
410 933 68
410 1226 7
410 464 72
702 57 8
702 1011 40
702 1127 29
1172 503 21
1172 1042 84
1172 367 33
1172 1264 42
1172 267 99
280 1216 67
280 386 58
280 530 72
280 349 1
742 64 40
742 1033 59
64 636 98
64 414 93
64 747 27
64 658 37
64 1125 69
64 905 47
782 700 57
782 130 50
782 539 3
782 1293 9
782 723 45
201 898 75
201 1021 62
201 778 69
201 486 79
1011 259 55
1011 458 72
1011 276 17
1011 1275 80
619 1183 62
619 525 64
619 781 42
619 307 10
619 1051 63
619 196 1
619 402 94
619 1266 63
619 961 59
1085 607 82
1085 320 56
1085 841 59
816 879 13
816 366 54
816 507 55
816 686 94
816 810 90
816 1242 4
458 60 54
458 573 32
458 140 77
458 1030 72
944 1319 41
944 25 83
944 48 71
1319 818 84
1319 516 75
1319 501 1
1319 551 28
984 889 34
822 1241 46
822 835 75
822 499 69
822 501 48
822 240 74
1241 906 9
1241 1266 42
1241 436 6
1241 357 9
1241 16 3
951 799 42
951 809 87
951 1220 7
951 958 82
951 1127 28
196 700 56
196 130 88
196 1057 5
196 311 2
196 970 73
774 807 38
774 885 70
774 317 98
774 1266 14
571 982 80
571 837 70
571 46 80
571 19 66
571 539 10
571 1165 88
982 534 38
982 1304 22
982 475 45
284 1132 5
284 917 83
284 641 21
890 970 63
890 118 39
890 690 93
970 1233 44
970 23 64
970 351 15
970 334 17
970 293 33
291 962 27
291 474 38
291 639 14
1135 1118 93
1135 497 58
1135 852 88
253 1024 66
253 979 85
253 198 82
253 61 93
986 1185 96
986 1293 80
986 1221 71
986 30 84
986 15 55
1185 727 97
678 452 55
678 1262 3
316 520 86
316 176 32
316 988 94
510 848 76
510 1282 63
510 1059 60
510 1291 70
510 656 62
510 248 31
658 1065 60
912 249 95
912 525 80
912 1110 26
912 364 51
912 199 58
912 767 96
260 709 16
260 641 24
152 1096 30
714 1102 27
714 891 90
714 549 17
369 1012 59
369 46 18
369 134 7
369 685 63
369 386 8
1012 293 75
1012 117 72
1012 662 100
1067 6 80
1067 1057 60
1067 93 46
1067 854 86
1067 1318 54
6 184 39
6 1167 23
6 587 35
357 391 18
357 480 67
357 680 32
357 129 41
357 854 23
357 813 54
357 607 4
357 80 44
391 813 11
391 996 52
391 753 17
1125 920 37
1125 173 51
1125 1224 72
1125 891 23
256 126 5
256 287 8
256 727 100
256 894 4
1033 1279 17
1033 1153 29
1033 1282 27
1033 826 57
1033 889 91
1033 326 76
646 329 87
544 1260 74
544 594 64
1260 557 84
1260 1035 42
1260 680 11
1224 1021 52
1224 648 27
1021 397 54
1021 1161 83
1021 23 54
1021 1265 76
717 776 36
156 273 64
156 743 7
156 1265 26
462 386 39
462 423 77
248 582 1
248 1270 73
248 693 65
248 662 88
248 1208 17
248 414 94
248 319 68
248 346 8
582 625 77
582 847 48
582 710 36
582 866 48
582 1147 94
809 900 73
900 917 80
464 886 39
464 236 58
886 184 15
886 1233 99
422 917 86
422 415 51
422 485 80
249 1233 67
249 692 34
249 1027 87
690 1101 82
236 128 44
236 1249 28
236 449 18
1278 1148 66
1278 632 1
1278 358 72
1148 467 7
1148 1032 31
1148 577 26
1148 217 87
273 274 66
273 633 90
273 1039 13
273 29 85
1023 818 43
1023 1189 15
1023 1003 58
444 612 42
444 1163 33
444 452 63
612 849 11
612 691 27
612 155 36
612 1276 62
241 927 24
241 504 64
927 693 15
927 1096 59
927 139 22
927 527 75
810 648 32
810 885 80
25 142 66
25 547 87
25 1271 51
1304 807 88
1304 145 61
1304 1165 9
807 118 19
807 677 11
632 866 7
632 521 96
866 961 52
866 819 75
627 403 15
627 92 49
403 321 40
403 1045 89
126 468 27
126 695 88
126 988 72
126 568 20
126 1026 84
126 80 17
126 1069 82
468 734 44
695 217 55
695 819 42
695 902 40
695 1189 77
695 43 3
695 683 33
1208 1132 96
1208 864 11
1208 580 91
1208 847 66
1208 106 73
1208 1265 30
1208 966 6
1132 467 88
1132 901 3
1132 828 27
1132 437 44
1280 1236 55
1280 616 81
894 106 18
894 933 68
894 864 18
106 977 20
106 631 63
106 1133 70
106 498 77
74 643 50
74 521 58
74 603 30
74 220 38
643 917 19
643 966 17
643 895 71
643 734 16
643 118 26
355 692 67
355 497 67
355 188 45
692 497 28
692 212 95
813 486 34
813 38 9
813 1201 21
813 30 54
813 219 37
486 1024 8
486 956 60
1163 150 21
1163 1134 2
1163 297 67
1163 340 82
1163 334 1
142 1201 8
142 799 56
142 663 51
858 157 79
858 1101 63
858 892 73
306 416 44
306 1070 86
306 1041 17
306 622 60
817 680 72
817 261 22
46 1257 70
46 947 100
46 795 70
46 473 92
1306 859 3
1306 353 34
1306 736 10
859 540 77
859 906 44
1176 394 24
1176 885 84
1176 503 100
1176 928 69
1176 734 31
1176 604 21
394 818 99
394 1193 47
394 1156 17
394 171 12
394 448 75
474 207 79
474 307 90
474 965 17
474 776 99
207 726 87
207 484 78
207 533 21
207 583 74
489 67 93
489 1318 31
489 437 31
67 1259 62
67 307 1
274 513 16
274 472 57
274 1193 73
274 699 30
274 628 72
412 933 5
412 120 19
1149 865 66
1149 1200 31
1149 381 22
1149 553 37
1149 252 95
865 267 64
865 1220 97
865 621 12
865 500 23
480 980 87
480 788 52
480 1174 78
607 478 72
607 852 65
607 1078 86
607 881 66
607 364 20
607 287 69
478 663 60
478 380 100
478 1301 76
478 995 13
314 882 70
314 145 4
314 691 89
314 1181 6
490 66 45
490 981 66
490 1013 8
118 1186 3
118 930 85
118 1143 61
1255 42 46
1255 1236 46
1255 1092 2
1255 121 95
293 753 19
293 1181 54
293 400 65
648 370 67
648 261 38
648 847 10
482 938 72
938 370 61
938 641 70
938 380 71
938 331 23
297 153 37
297 217 82
297 393 25
297 1082 44
297 1121 20
932 506 7
932 287 6
932 747 67
932 1165 1
932 837 76
506 902 34
506 1268 33
506 22 89
677 836 66
677 574 71
677 465 79
1059 290 92
1059 1314 90
1059 1233 61
849 731 28
849 267 46
849 134 68
849 417 64
849 933 54
818 119 72
1179 163 94
1179 1226 37
1179 1165 42
163 1102 81
163 642 50
172 397 69
172 597 53
885 1071 65
885 456 24
1187 161 21
1187 28 28
1187 466 17
161 880 6
161 120 1
1026 676 56
1026 1032 50
1026 1102 85
519 294 24
778 1110 1
778 1181 8
778 576 94
778 1105 64
778 78 85
778 663 46
1068 712 89
1068 472 70
1068 881 66
1068 993 34
1068 1037 49
712 323 19
712 685 21
386 1096 19
386 844 53
386 136 75
386 351 58
130 1020 100
130 736 75
130 829 31
130 416 92
1020 1161 28
684 895 86
684 1025 88
684 560 44
580 183 26
580 700 42
198 1051 2
198 517 89
221 640 91
221 271 32
221 666 35
1261 988 40
1261 278 92
331 640 87
331 1133 50
331 159 53
331 731 66
640 157 70
1293 960 76
1293 1074 100
1293 1152 34
1293 794 38
1293 947 43
565 427 26
565 475 33
565 723 60
565 298 55
565 178 76
427 736 62
427 491 46
427 549 20
427 178 55
1055 1113 89
879 145 94
879 366 87
879 826 49
879 340 98
879 98 9
603 455 6
603 4 32
603 597 43
603 1043 98
603 993 22
603 499 50
761 113 21
1156 178 58
1156 948 8
287 941 69
633 959 67
710 601 53
710 1228 29
710 1191 50
846 905 43
905 636 91
905 1228 100
905 614 7
75 1232 5
1232 902 65
1232 776 32
1088 173 34
645 113 69
645 340 56
645 687 35
113 1216 65
113 30 50
113 553 62
1000 981 30
1000 1219 80
1000 30 54
1000 258 40
1000 119 17
1246 402 3
1246 663 10
1074 943 75
1074 874 93
1074 1003 1
943 328 100
943 527 84
943 4 36
943 278 79
219 225 95
622 60 4
622 211 30
397 549 17
962 1030 68
962 159 12
145 96 61
145 1276 6
145 584 52
975 577 33
975 752 84
975 402 39
975 420 30
1069 699 57
1069 992 79
1069 132 24
1069 1181 48
1069 383 98
699 1267 97
699 709 83
417 82 53
417 141 4
393 838 36
393 637 75
393 966 22
393 673 34
393 320 1
393 244 59
1183 153 11
1183 467 20
1183 918 1
963 961 95
963 1151 76
963 847 21
963 596 86
963 557 62
1006 442 36
1006 860 2
1006 1243 63
1006 566 9
1006 711 5
1006 1153 71
892 423 86
892 683 64
516 1041 45
516 863 68
516 776 14
503 566 21
503 967 47
503 756 94
503 155 79
503 687 65
503 1318 73
503 730 80
752 472 31
752 1110 24
16 558 47
558 167 82
558 706 50
321 123 34
321 588 73
123 748 39
123 380 75
123 996 61
1133 160 66
1133 915 16
1133 498 76
1133 1305 42
1110 916 46
1110 21 57
1110 826 1
916 1151 9
916 781 76
916 1141 34
916 933 46
629 36 71
629 614 84
629 834 94
36 1165 94
36 225 2
329 1220 25
329 604 50
329 928 74
329 141 4
329 323 6
329 315 30
1043 415 40
895 197 80
895 768 81
414 941 65
414 61 55
414 768 5
414 1143 89
414 664 79
941 616 51
941 947 39
941 21 66
877 193 11
877 1301 48
160 485 28
160 748 41
485 466 77
485 611 22
485 517 91
485 1249 52
395 60 47
395 1298 98
491 418 9
491 889 25
491 1117 73
491 72 62
418 416 86
418 381 52
418 1124 24
418 1098 21
731 151 97
731 290 41
311 202 31
311 340 6
311 1271 30
202 286 9
202 594 89
1321 381 22
1321 754 85
381 1030 98
381 173 26
381 502 96
381 685 91
381 623 63
381 1186 67
848 956 92
290 575 59
1045 1275 92
837 1161 83
837 346 60
663 440 87
184 472 39
184 675 25
190 61 82
190 639 69
190 1143 50
898 60 100
294 167 49
27 928 14
1251 452 38
1251 683 3
1251 1037 13
1251 409 15
1251 183 65
452 15 87
452 1090 85
452 853 36
452 1295 28
452 1029 55
452 292 50
981 21 43
889 949 40
149 743 98
149 358 88
743 70 76
743 666 8
743 432 15
723 882 6
723 1032 26
723 206 26
723 829 28
723 523 61
545 38 92
545 303 72
545 52 88
545 89 61
38 748 20
38 854 68
1203 697 17
1203 924 59
1024 628 26
1024 1165 8
1024 150 8
1024 500 16
1024 141 87
570 616 63
570 949 13
570 454 17
570 341 35
570 525 36
616 1141 44
756 1143 59
756 720 88
1295 19 32
1295 26 17
1295 930 15
1295 855 60
1295 628 2
19 521 51
19 473 57
979 387 8
979 993 14
979 1268 10
387 169 98
387 825 11
387 319 33
1249 937 69
1249 166 73
1249 1197 14
1249 1102 45
1249 841 98
86 1314 67
86 835 54
86 272 19
792 34 24
117 768 81
768 1118 27
768 576 22
768 553 36
768 1189 28
768 1143 42
768 364 87
768 495 50
768 876 58
566 718 53
566 878 80
977 334 65
977 504 24
977 1083 58
243 459 69
243 594 50
243 529 98
442 1275 20
442 439 37
442 1291 42
442 1013 95
442 346 16
946 168 36
946 512 24
80 370 48
80 57 95
1161 847 94
1161 805 40
588 1186 55
588 621 75
588 1090 89
584 808 97
584 205 40
584 1259 24
829 400 80
829 155 52
400 847 14
400 996 74
691 882 21
691 1257 33
150 120 91
150 967 52
1082 1079 86
1082 501 73
1082 456 89
1082 276 48
1082 349 26
507 1267 3
507 30 41
1267 1013 5
1267 59 67
636 583 83
636 966 13
636 748 77
636 556 91
61 57 83
61 121 45
1118 12 18
1118 538 21
12 367 78
12 168 78
808 776 28
536 129 71
536 266 76
307 132 57
307 538 68
307 1092 20
1105 267 74
1105 994 58
1105 272 62
267 269 21
267 72 44
334 611 56
334 1282 46
334 116 62
334 30 21
334 151 33
495 1039 86
66 604 70
66 155 24
1279 1197 71
1279 436 97
1279 597 19
1197 863 83
1197 910 20
1186 272 2
1186 647 52
1186 587 24
436 411 41
436 258 57
436 1158 23
734 917 21
734 1134 36
917 1198 28
493 642 77
493 52 34
493 328 58
493 332 75
1314 868 18
1314 800 27
129 140 11
140 594 33
140 835 50
140 596 88
13 475 65
13 1037 36
13 1228 6
475 1320 59
475 988 95
1167 949 18
949 610 71
949 87 91
949 242 67
693 1262 33
693 473 18
693 214 78
693 527 31
693 147 64
451 517 24
451 520 82
451 538 97
451 21 18
451 666 2
517 367 95
89 521 77
385 1111 11
385 1041 48
385 1147 15
1111 340 81
1111 333 61
242 1013 30
242 498 90
242 326 25
1013 514 54
1013 540 91
1013 446 42
1013 957 36
448 1216 51
448 500 59
448 188 87
238 529 54
238 328 35
238 166 86
238 914 48
1113 286 14
1141 828 70
1141 937 62
903 432 77
903 1143 73
903 767 46
903 804 25
1124 52 86
1165 320 98
1165 601 54
1165 409 10
1165 644 51
262 958 65
262 1254 33
529 432 63
529 53 57
529 1258 36
432 1121 34
432 730 77
601 928 75
467 1258 4
302 910 95
302 604 16
302 530 8
302 1089 55
302 819 20
855 557 54
855 52 24
855 351 54
1174 43 54
43 278 48
583 819 76
583 326 64
583 199 57
583 547 1
819 1178 47
819 328 49
819 852 64
628 788 18
628 1065 29
628 642 81
553 958 14
958 617 71
54 1152 29
623 1181 78
1181 92 100
1181 824 87
882 747 29
882 825 29
251 1230 39
251 662 80
1121 868 57
1121 523 71
1121 924 40
614 915 18
1243 153 68
1243 1191 88
1243 647 73
170 1265 59
170 440 63
1265 471 83
1265 158 6
1151 524 14
1151 189 89
1162 169 46
1092 197 63
116 87 17
116 176 41
116 748 14
57 188 27
1219 709 66
1219 1070 60
540 11 87
540 1192 43
540 380 99
1257 554 46
1257 193 19
1257 1065 20
169 183 65
767 523 93
119 151 28
119 1276 13
119 642 95
790 527 96
790 727 67
790 351 48
790 415 15
790 1169 28
776 176 36
610 525 77
610 805 8
642 1029 88
642 1048 41
366 28 36
687 1090 52
1117 659 43
415 1027 35
754 625 41
754 989 6
878 600 12
600 211 64
600 1104 91
1262 667 93
1262 155 11
1262 1231 46
557 153 50
153 1213 31
1032 853 62
1032 881 20
1091 641 24
881 1220 11
881 868 53
1220 868 12
1220 639 58
286 34 8
286 373 93
286 673 12
501 910 22
501 173 9
910 147 47
910 48 94
373 997 47
373 1090 5
373 276 66
997 341 97
575 801 51
1139 346 44
29 188 26
662 441 24
1298 488 20
1298 740 20
1298 688 80
37 261 50
37 933 3
199 271 39
269 183 23
269 20 99
673 694 84
673 526 57
780 209 83
209 1037 20
637 727 10
1158 824 96
420 1 33
420 604 32
1 625 64
706 753 45
706 30 18
706 659 44
77 1173 30
77 341 12
77 694 15
28 569 85
28 863 2
1030 1147 88
1030 989 91
92 257 56
1193 797 87
1193 854 37
1193 836 6
1193 639 91
1259 82 68
1259 795 94
477 151 8
477 957 97
151 473 29
416 319 6
534 748 86
1242 315 92
1242 500 22
1242 220 10
1242 966 69
315 1275 26
315 680 52
315 11 90
272 456 26
402 512 65
402 244 97
402 836 7
795 367 37
795 240 75
1090 1003 95
34 1191 33
34 222 34
650 988 22
650 459 45
132 1271 13
804 539 51
804 868 72
804 20 49
539 641 17
539 197 76
847 720 96
847 825 39
847 952 71
437 945 8
437 205 34
740 1070 28
740 988 64
740 915 54
740 1198 14
1070 727 41
1070 884 61
323 933 27
323 188 78
323 514 45
933 193 40
933 750 80
1147 439 25
1147 1051 11
1147 697 47
1147 959 92
497 826 35
497 1198 46
514 346 36
1192 358 79
788 1228 62
799 1097 1
48 1228 16
1228 171 53
988 211 90
988 1057 20
736 188 43
736 409 5
906 939 77
753 835 100
753 797 91
753 914 39
753 902 80
835 596 84
835 512 24
205 967 70
205 953 16
166 3 93
166 641 67
960 996 60
441 685 32
441 874 31
164 1123 81
164 222 76
164 504 44
276 82 25
276 1204 96
966 456 15
966 777 12
786 1229 67
257 1089 14
257 874 49
257 1134 3
257 1184 54
1231 425 83
523 1037 84
523 871 16
523 324 36
992 959 57
992 659 96
945 1127 58
901 210 91
901 266 7
800 457 96
825 724 46
967 1254 20
358 538 39
358 860 17
1102 538 38
538 30 82
538 498 8
459 1322 79
459 1320 74
459 349 90
317 1317 39
317 1028 54
1089 193 55
1089 937 45
694 937 75
863 1291 52
797 1039 51
902 1037 82
1318 851 97
1123 103 96
1123 353 12
718 383 69
1209 214 100
1209 1127 78
214 996 46
1153 428 38
639 168 21
439 504 11
439 834 98
96 686 5
383 556 7
383 1299 30
383 1003 12
880 210 21
880 178 100
836 641 3
836 854 45
836 1217 97
750 594 39
750 1127 62
527 1065 30
720 587 33
720 336 75
720 1048 98
727 824 87
1226 1254 14
1226 5 63
319 697 97
665 1051 24
665 884 98
665 206 74
471 222 68
1233 5 93
1189 965 78
1051 1150 74
1051 498 92
826 72 55
884 1305 25
884 136 37
30 225 73
30 1276 76
30 438 34
225 594 66
851 407 96
128 711 6
128 573 59
1254 1214 48
1322 1041 85
1322 1150 100
423 1134 19
1134 554 85
854 23 96
364 591 29
1173 258 75
1282 853 51
1282 924 82
1282 1057 73
378 409 81
378 72 58
378 176 93
99 23 87
99 271 1
99 1191 19
1029 1058 72
1029 261 20
120 59 72
1276 136 64
1276 421 11
1276 1299 71
1276 928 99
1291 158 96
15 211 15
1057 748 34
498 513 22
498 624 64
1213 1271 99
440 449 92
1152 134 14
456 596 88
939 961 34
285 730 36
1143 777 58
1143 1198 32
777 953 33
777 303 53
777 524 9
421 472 53
380 292 76
1204 551 100
500 1003 19
446 492 84
446 775 4
446 52 85
492 724 75
173 993 24
173 688 25
957 211 43
1058 158 84
1058 760 26
320 176 23
512 1184 37
924 688 7
93 748 44
93 457 45
1301 271 84
1301 353 32
210 930 73
210 220 6
210 1191 48
1087 1062 48
336 20 26
594 171 69
52 680 73
794 5 93
549 240 66
258 952 67
748 686 82
554 197 53
1127 1221 69
1127 775 25
891 686 73
428 438 79
1198 675 6
993 212 84
454 206 24
206 60 65
624 1190 16
624 724 25
930 11 19
930 220 89
930 771 88
473 1235 27
496 729 53
1104 680 47
680 1190 33
680 188 20
953 134 32
227 425 55
139 860 74
139 488 89
303 824 99
1266 504 78
271 1042 20
711 193 39
711 559 66
1062 78 58
1235 1025 9
1025 686 59
853 631 82
853 1065 44
438 1214 4
547 5 51
235 928 93
1028 928 78
136 1097 47
171 220 66
167 20 18
193 1035 70
193 530 64
655 192 93
597 969 19
573 1299 20
914 240 20
309 670 67
309 11 48
560 874 76
659 631 41
103 841 63
20 937 82
621 1190 23
1190 1035 14
1169 1217 11
1169 349 31
499 824 94
324 664 9
